0.430552072874,0.221377289468,0.219789233768,0.128281403889
0.117885245437,0.170917050218,0.405210743992,0.305986960353
0.159411143544,0.803086839855,0.0151856479992,0.0223163686024
0.0188308284164,0.899779836831,0.0713771576741,0.0100121770781
0.388912410204,0.300851495406,0.255527869088,0.0547082253019
0.00556964893793,0.268737706519,0.588317307885,0.137375336658
0.14918678194,0.0231742920199,0.394071467267,0.433567458773
0.455099487205,0.275682972482,0.078449164298,0.190768376015
0.538512538669,0.0562458323639,0.131041737942,0.274199891025
0.111624260559,0.302543590701,0.0318886336516,0.553943515089
0.0411943381508,0.120638006987,0.647865405121,0.190302249742
0.0235657812249,0.0881394612724,0.652454097409,0.235840660094
0.0537123594492,0.434070222221,0.22550213924,0.28671527909
0.0731062709944,0.352389828312,0.23453786242,0.339966038273
0.194598073653,0.0843157923272,0.146258105194,0.574828028827
0.0155560629993,0.514430340784,0.00675610444341,0.463257491773
0.122109640535,0.190496361169,0.0717795944408,0.615614403856
0.206080374974,0.258588334171,0.247753418527,0.287577872328
0.0591526151446,0.453326718978,0.111877425184,0.375643240694
0.554782696053,0.244523884982,0.0160204610664,0.184672957898
0.608488563956,0.0847202292729,0.264551020534,0.0422401862371
0.14119960522,0.27677690861,0.570116057303,0.0119074288666
0.807027480983,0.0198260636653,0.0407323120646,0.132414143287
0.131900403409,0.199491794738,0.00845199205064,0.660155809802
0.867288114372,0.0353151685639,0.0469849686394,0.0504117484245
0.410653965212,0.199306842661,0.333900230189,0.056138961938
0.059652268524,0.0819044372722,0.790499029205,0.0679442649993
0.781718256164,0.100545887643,0.0756674180744,0.0420684381192
0.190858872745,0.0512963533013,0.16899248638,0.588852287573
0.552412505692,0.0434586772421,0.230295758977,0.173833058088
0.07037191889,0.0454963224701,0.624766116434,0.259365642206
0.103817388942,0.124107818533,0.606832414797,0.165242377729
0.333859903655,0.509664942498,0.130404990144,0.0260701637029
0.102553939177,0.0205123204495,0.153508045531,0.723425694842
0.587294953867,0.0583120512612,0.229212482202,0.12518051267
0.0458349662866,0.026727010754,0.90825580186,0.019182221099
0.205670635829,0.209822186748,0.274964726018,0.309542451405
0.0807434298192,0.206856615025,0.212828926743,0.499571028413
0.000472758190765,0.608235133825,0.189856056524,0.20143605146
0.627196520467,0.0100633098975,0.209252240912,0.153487928723