0.242851036735,0.013212368375,0.354741721747,0.389194873143
0.0119670252478,0.739864617138,0.236537505407,0.0116308522079
0.31726427783,0.00735361857589,0.0550212562886,0.620360847306
0.00626167623577,0.0867619672784,0.885598742008,0.0213776144781
0.0137721896529,0.570954463472,0.387762342773,0.0275110041023
0.219656699164,0.0161664868509,0.529917246373,0.234259567612
0.978591648491,0.000791562331961,0.0022945517867,0.0183222373906
0.214913212742,0.265127326089,0.324443772881,0.195515688288
0.803997960246,0.0978824861045,0.0651253739278,0.0329941797218
0.29403527935,0.296550734994,0.16704931344,0.242364672217
0.163240731517,0.397228238597,0.40275261415,0.0367784157359
0.022152528071,0.270783758659,2.2103855315e-06,0.707061502884
0.0626136548041,0.0265320751747,0.0159213204358,0.894932949585
0.0544556556535,0.0199446942507,0.0112755078026,0.914324142293
0.0870066703502,0.0198349925589,0.668904698748,0.224253638343
0.44514184085,0.224416167172,0.292443003929,0.0379989880485
0.417472775842,0.187057172374,0.260382878746,0.135087173038
0.0957106456544,0.735618215108,0.0350199647907,0.133651174447
0.3620077017,0.123380529735,0.464981984469,0.0496297840959
0.119858597378,0.721796767789,0.131353901308,0.0269907335255
0.125857209507,0.284364586914,0.344533789389,0.24524441419
0.485628144495,0.0906072092219,0.144737062471,0.279027583813
0.0177111169982,0.595110284336,0.348059661077,0.0391189375887
0.644779726778,0.0625085406695,0.263850072974,0.0288616595789
0.812484937589,0.00340919017527,0.041603226639,0.142502645597
0.219667640653,0.663911358519,0.0351485037754,0.0812724970518
0.00844989972424,0.0381620094845,0.00831482733754,0.945073263454
0.361691441665,0.100641264422,0.146195631794,0.391471662119
0.0538726172984,0.0303670529151,0.262316570041,0.653443759745
0.509314229129,0.115688122628,0.0727854621234,0.302212186119
0.365422340428,0.0380060636406,0.120617657723,0.475953938208
0.311485274295,0.16347267997,0.24195221894,0.283089826795
0.103299072995,0.144216072234,0.731954764279,0.0205300904918
0.0794292402956,0.0278750347638,0.398486267768,0.494209457173
0.562304963915,0.0855299359826,0.0637205743539,0.288444525748
0.786755380034,0.00105903161306,0.172505459653,0.0396801287002
0.192479058612,0.318041260699,0.000807413014858,0.488672267674
0.0190799867533,0.319918299145,0.618690518592,0.0423111955095
0.421259808394,0.388648610424,0.0374440086335,0.152647572549
0.574654659043,0.148074043232,0.0081585898579,0.269112707867