0.124530222159,0.141244169026,0.432539870152,0.301685738663
0.492747203507,0.00244226776681,0.457426811353,0.0473837173723
0.139263787394,0.229923426473,0.0376459771054,0.593166809028
0.0340327642292,0.297839514416,0.651329586533,0.0167981348221
0.508452560287,0.00611588843331,0.227189814652,0.258241736628
0.333456545153,0.389580192877,0.0607522481531,0.216211013817
0.0712138526134,0.276705163726,0.388421679062,0.263659304598
0.0110546310631,0.921812470485,0.00122932114249,0.0659035773095
0.850083523076,0.0454875925064,0.0325912802846,0.0718376041327
0.126510591879,0.0245943551207,0.0516350105714,0.797260042429
0.165157142119,0.20938879886,0.325102175072,0.30035188395
0.000837630817914,0.000528376567836,0.0209568051124,0.977677187502
0.260685297363,0.341631596263,0.251996342449,0.145686763924
0.0686096775183,0.00262507181703,0.158683520249,0.770081730416
0.178407681951,0.40007788788,0.361503996823,0.0600104333461
0.0219154921839,0.100545842242,0.674019829258,0.203518836316
0.21149267108,0.588305211372,0.161484875062,0.0387172424865
0.035401303181,0.40779929245,0.525630211446,0.0311691929222
0.919629485794,0.00329347422856,0.00509937916995,0.071977660807
0.0200733013715,0.207383391394,0.731872880973,0.040670426261
0.683583280716,0.00373566348518,0.00881910758162,0.303861948218
0.83484546182,0.0247161792925,0.0416767943803,0.0987615645074
0.109201498647,0.559699529357,0.179269439143,0.151829532853
0.18303497476,0.011105543225,0.683303199484,0.122556282531
0.950362855489,0.000821826534451,0.00985249060946,0.0389628273671
0.00587495950951,0.278678297746,0.0418291937321,0.673617549013
0.0202466739753,0.169273476951,0.0266061382597,0.783873710814
0.346285682955,0.00599911522572,0.532965792582,0.114749409238
0.952406070239,0.0449495209515,0.000383186710849,0.0022612220982
0.0545432567592,0.0388088509498,0.0385912466926,0.868056645598
0.49435083069,0.502619293609,0.000935397459337,0.00209447824174
0.617300392678,0.028544553348,0.00368426616142,0.350470787813
0.0304215001095,0.0271270509659,0.923460296597,0.0189911523279
0.170360652689,0.0131002343513,0.0090130823578,0.807526030602
0.908026727444,0.0201471653291,0.0391380190663,0.0326880881602
0.164386899663,0.575720777971,0.195040272657,0.0648520497091
0.0797263651695,0.0267705582942,0.0521317102476,0.841371366289
0.0828674109348,0.248227764907,0.521601905828,0.14730291833
0.00610199385587,0.255283184193,0.00088550072745,0.737729321224
0.325826249722,0.526924605673,0.0239866198729,0.123262524732