0.298017418526,0.000342178734964,0.701229630897,0.000410771842589
0.0977517973638,0.0963081091785,0.593428239962,0.212511853495
0.0246697080545,0.852845471906,0.114035803849,0.00844901619126
0.371687126771,0.0703536209912,0.267743633966,0.290215618272
0.036587800703,0.0017542930782,0.200753801036,0.760904105183
0.0265358271235,0.359037690794,0.0759577366515,0.538468745431
0.0839468668483,0.168879719483,0.553913872574,0.193259541095
0.00848649538465,0.414066284794,0.29651668521,0.280930534611
0.813496028055,0.0580087638501,0.0902327544888,0.0382624536061
0.254055366126,0.491662784359,0.008949351213,0.245332498302
0.0380267420729,0.103472876918,0.507270346286,0.351230034722
0.0771982746044,0.395339564372,0.497008650024,0.0304535109994
0.541466939908,0.0347507551367,0.153007707901,0.270774597055
0.0150829410498,0.253783948862,0.141677564197,0.589455545891
0.325541545369,0.166042561126,0.433617159579,0.0747987339269
0.361686346471,0.115088078821,0.242039365961,0.281186208747
0.394094098336,0.237096477697,0.170981826021,0.197827597946
0.512897152292,0.0803455374773,0.00623682456033,0.40052048567
0.238931614319,0.0275798894269,0.289655816401,0.443832679853
0.257957089572,0.174279837546,0.0439791982779,0.523783874603
0.103876839334,0.514626806747,0.308026277348,0.0734700765707
0.520151771387,0.0106160001656,0.465073455165,0.00415877328273
0.246105160152,0.374795358676,0.0682373597289,0.310862121443
0.00655810028755,0.0829172653643,0.889131242304,0.0213933920443
0.347048689772,0.124378538604,0.0979137884489,0.430658983175
0.0157692903685,0.861366835442,0.0294252439496,0.0934386302403
0.00449432924577,0.977321824186,0.00390386318307,0.0142799833848
0.0480981497477,0.508401500256,0.143498609821,0.300001740176
0.1520537389,0.647482351768,0.143722192125,0.0567417172072
0.0304829032213,0.45982535598,0.420783876684,0.0889078641147
0.17322908265,0.479703661898,0.29466622499,0.0524010304625
0.0160106039978,0.967623696889,0.0133152629354,0.00305043617825
0.431625663058,0.0738596546387,0.484153294774,0.0103613875289
0.30044039176,0.0122357226391,0.172802881224,0.514521004377
0.0227935877589,0.0668172921974,0.130083134414,0.78030598563
0.260779691701,0.135015878655,0.290591236169,0.313613193475
0.74598983282,0.220290373212,0.0316024792877,0.0021173146811
0.472966693292,0.24455044011,0.253524948857,0.0289579177414
0.694613268436,0.00130729411783,0.30024919599,0.00383024145647
0.107656130212,0.0518192105252,0.0401002260491,0.800424433213