0.0314029423337,0.275399089892,0.439031973196,0.254165994578
0.274862417172,0.124802028126,0.530295267426,0.0700402872767
0.177283654771,0.3205402245,0.0547543826296,0.4474217381
0.00131757951293,0.0925011319846,0.883098560612,0.0230827278902
0.572935957342,0.0366543944777,0.27981483187,0.11059481631
0.73868336643,0.019926549974,0.138245650224,0.103144433372
0.470254219811,0.0737189504517,0.41115724115,0.0448695885865
0.28036924862,0.263807816582,0.153761865637,0.302061069161
0.0434395735034,0.148529020642,0.0288153693097,0.779216036545
0.885971198202,0.0676669616566,0.0347464650482,0.0116153750931
0.024910528047,0.00225462779732,0.00976192107619,0.963072923079
0.698596731579,0.232683365486,0.0608661208967,0.0078537820384
0.0330308711409,0.862491409172,0.0711868966971,0.0332908229895
0.626918989788,0.116685436538,0.0754484117149,0.18094716196
0.0129807851339,0.0141099890521,0.0177128587601,0.955196367054
0.0305296316777,0.540221967035,0.0453848087256,0.383863592561
0.398803298629,0.408493779773,0.191968218866,0.000734702731639
0.0014258733492,0.0165622808721,0.97602678525,0.00598506052836
0.0922940530662,0.881055851119,0.00433884182832,0.0223112539863
0.160421633721,0.414441269981,0.0823520394265,0.342785056872
0.184098398294,0.628668158383,0.182399516522,0.00483392680152
0.753259678389,0.0973190207857,0.119758064388,0.0296632364376
0.365877989068,0.293868563617,0.244126004029,0.0961274432865
0.310017683573,0.296610392693,0.0524827711331,0.340889152601
0.10437565946,0.871809574917,0.0056118950075,0.0182028706153
0.095123372727,0.0815108895766,0.201235003847,0.622130733849
0.020875707498,0.0039047615391,0.664967195501,0.310252335461
0.109445841119,0.0214540694581,0.0873211133577,0.781778976065
0.0397957554147,0.365403713063,0.0646731739861,0.530127357536
0.519487315093,0.00545220701019,0.0135299240811,0.461530553815
0.297717159504,0.328729997348,0.317947375829,0.0556054673187
0.250372298858,0.153424359213,0.348843723532,0.247359618397
0.0698388824115,0.215877487877,0.269169937128,0.445113692584
0.129361469483,0.443996442854,0.212357290119,0.214284797544
0.169381704628,0.371247098507,0.453103639955,0.00626755691008
0.298379578008,0.346585025393,0.2470870141,0.107948382499
0.422184655112,0.0710293860426,0.352684963535,0.15410099531
0.96050649611,0.00165123019903,0.000401577154769,0.0374406965357
0.803672928521,0.129138688583,0.0129608184638,0.0542275644322
0.0703461837959,0.0585417374917,0.543333802712,0.327778276