0.0392458523584,0.0927253728849,0.77808219464,0.0899465801164
0.0113879298757,0.00540768526606,0.0838047845763,0.899399600282
0.0777490463028,0.6382344726,0.0672856027807,0.216730878316
0.23772952304,0.0102658075093,0.751798672094,0.000205997357114
0.122708280901,0.0829682801242,0.724272285339,0.0700511536357
0.151359755119,0.119230110125,0.0681702879056,0.66123984685
0.393941401368,0.0182015661863,0.556961805173,0.0308952272734
0.0705778818457,0.0587353417182,0.096992305162,0.773694471274
0.00976329566577,0.727517016221,0.0255222906962,0.237197397417
0.80947815351,0.0108035764764,0.1221928682,0.0575254018128
0.455960324235,0.0390567913498,0.156442145277,0.348540739138
0.28831965578,0.0246758737119,0.162277389029,0.524727081478
0.327010094262,0.0147331270417,0.0283107172774,0.629946061419
1.20521428712e-05,0.0649626145669,0.933720014763,0.0013053185269
0.000514865995186,0.0570749479661,0.0806317199851,0.861778466054
0.905008704651,0.0885240400863,0.00153600623932,0.00493124902318
0.00399584171567,0.130379251864,0.812384831306,0.0532400751138
0.0560620874816,0.183115178307,0.0248838620688,0.735938872142
0.0343172611376,0.0997272222207,0.326228518881,0.539726997761
0.331464789271,0.000991484811581,0.666767995028,0.000775730888976
0.0683070051542,0.159450802672,0.758376996005,0.0138651961692
0.491711984746,0.293204624939,0.0726903296287,0.142393060686
0.0492466459959,0.361656288847,0.544045688505,0.0450513766521
0.337642571675,0.0187834487787,0.343805334687,0.299768644859
0.586717212453,0.343849250508,0.0613470381673,0.00808649887137
0.567131706181,0.348838380409,0.0728367212802,0.0111931921297
0.18139813821,0.0196681225583,0.763750613547,0.0351831256845
0.24048534835,0.0581760436769,0.554595268101,0.146743339872
0.059423690273,0.482275394586,0.263584756651,0.19471615849
0.50869621912,0.123902002232,0.343759674871,0.0236421037764
0.0364215098401,0.00229896331666,0.0069951311669,0.954284395676
0.234113769472,0.218964433972,0.433336830299,0.113584966257
0.7702988056,0.0917610854455,0.0353176745294,0.102622434425
0.0278786964308,0.379389065915,0.4761320467,0.116600190953
0.729211972251,0.01063284395,0.0928298887763,0.167325295022
0.00586764542179,0.00503736477219,0.972346055105,0.0167489347012
0.260693967886,0.0912690222341,0.644285691879,0.00375131800048
0.23711689663,0.747603815925,0.0139967550026,0.00128253244248
0.0340863159874,0.678630147638,0.238315621907,0.048967914468
0.00663796393205,0.0271925324779,0.568067285539,0.398102218051