0.0649655760677,0.0554058503364,0.580124021356,0.299504552239
0.379563459991,0.0863339930366,0.356222810143,0.177879736829
0.0219620463928,0.217481007213,0.147721657469,0.612835288926
0.0466459732502,0.00842292229412,0.843100296689,0.101830807767
0.077627492256,0.258163703749,0.0209483987558,0.643260405239
0.386768985549,0.00325041877587,0.537928617578,0.0720519780974
0.190347193056,0.61150437342,0.165967150859,0.0321812826641
0.0421479161204,0.0336155508767,0.0785554127914,0.845681120212
0.0373346313865,0.0776716034017,0.0175366977384,0.867457067473
0.825839849786,0.0405273383001,0.125540811632,0.00809200028152
0.00789793124353,0.00278088122923,0.485005493522,0.504315694005
0.584538540002,0.0148413370534,0.354509421765,0.0461107011805
0.128174605758,0.1851714013,0.126712901604,0.559941091338
0.946847414886,0.00165243491555,0.0407127366428,0.0107874135558
0.0952053552515,0.119862464684,0.659582454368,0.125349725696
0.826068819051,0.0129842086469,0.0215373108207,0.139409661481
0.225382557531,0.755189321455,0.00512406627998,0.0143040547341
0.172328679064,0.0758285600759,0.474211969239,0.277630791622
0.14360089466,0.750674003072,0.100123256751,0.0056018455175
0.168257416241,0.682444725408,0.0681372400918,0.0811606182592
0.011212754395,0.000380360494302,0.0137443667269,0.974662518384
0.4909260026,0.15988508716,0.0581647031522,0.291024207088
0.27131979192,0.267806589998,0.0643262479729,0.396547370108
0.283138112154,0.111319714421,0.521539114329,0.0840030590955
0.192877658509,0.498798899629,0.235412489614,0.0729109522478
0.264767451636,0.321329918714,0.305911714759,0.107990914891
0.291611954317,0.0146572934731,0.517581842986,0.176148909224
0.32447191594,0.134181738883,0.458910243389,0.0824361017884
0.687452356233,0.264714216404,0.0353722822139,0.0124611451493
0.0815193470946,0.153398861111,0.0799456696819,0.685136122113
0.000842836096228,0.872577858319,0.124561367775,0.00201793780998
0.0564000050455,0.123575137807,0.0793272939296,0.740697563218
0.132566798543,0.158111472692,0.416728739436,0.29259298933
0.0877788684449,0.0110028173167,0.0436864719801,0.857531842258
0.719702356945,0.0619099146204,0.0583070586857,0.160080669749
0.162857411942,0.10701429219,0.506049253827,0.224079042041
0.0719426667262,0.203521694074,0.170260222981,0.554275416219
0.554201425812,0.0257042526278,0.400463071836,0.0196312497236
0.626204963123,0.209386669007,0.0637791040939,0.100629263775
0.253810081338,0.0343012472557,0.141195979231,0.570692692176