0.263018884419,0.0164608845469,0.661106532881,0.059413698153
0.728107603924,0.0901493131922,0.0212413072345,0.16050177565
0.325225785153,0.137257823213,0.0352014285748,0.502314963059
0.526663616009,0.204163661716,0.131399457892,0.137773264383
0.174986662674,0.185849483483,0.238488255831,0.400675598012
0.414516683311,0.0200674541069,0.140964191283,0.424451671299
0.301883974518,0.19515918407,0.424120412038,0.0788364293746
0.0639063187901,0.0634284522672,0.305718481642,0.566946747301
0.0302577375239,0.168720443252,0.413594500653,0.387427318571
0.12301992796,0.258768790027,0.112075957917,0.506135324096
0.0570090805949,0.170255828341,0.635488045806,0.137247045258
0.5118371137,0.151439465941,0.250396472999,0.0863269473595
0.442677238617,0.270712492748,0.22343912678,0.0631711418544
0.103535003551,0.136854457037,0.676088545386,0.0835219940261
0.00576871573338,0.270564141256,0.0270897475081,0.696577395502
0.847045254721,0.0120313803556,0.120557364477,0.0203660004472
0.348058303167,0.0142493123039,0.449122602936,0.188569781593
0.163830842874,0.107361723515,0.592033583354,0.136773850257
0.260051100378,0.00926610822981,0.727721605226,0.00296118616601
0.303600475509,0.364213951628,0.254964650021,0.0772209228432
0.0145972306526,0.0153226825097,0.181785790223,0.788294296615
0.317809270052,0.375561654583,0.221572231194,0.0850568441718
0.570030978711,0.416170843883,0.00793390481594,0.00586427259025
0.071664226108,0.668241231281,0.201071221609,0.0590233210015
0.0108700302984,0.000210238859183,0.000187468683993,0.988732262158
0.0228186768676,0.653637729681,0.246935637597,0.0766079558544
0.128110568034,0.642034357239,0.0201372550026,0.209717819725
0.305166692506,0.395525851272,0.160888486507,0.138418969714
0.130480487069,0.526649603378,0.114929211875,0.227940697678
0.101899955097,0.000973575309455,0.0874464150619,0.809680054532
0.904092044113,0.0555750404767,0.0232741080307,0.0170588073798
0.555304120717,0.0173324526501,0.0360528554796,0.391310571153
0.820967279726,0.0730538273838,0.0463315008025,0.0596473920881
0.62756544609,0.338022472155,0.0194235885165,0.0149884932381
0.028639850838,0.0927504679809,0.296493023865,0.582116657316
0.234369932744,0.00978252896395,0.00203633499537,0.753811203297
0.196076740884,0.0585689407259,0.319587218679,0.425767099711
0.222781289494,0.279488177916,0.306255071717,0.191475460873
0.850146791727,0.0839096078884,0.025909221475,0.0400343789092
0.351690607234,0.44689770405,0.0787543696486,0.122657319068