0.222064791547,0.157571611178,0.0929309842425,0.527432613033
0.0326381188701,0.0597301732407,0.053501009587,0.854130698302
0.939369862632,0.00737165588328,0.0232306725001,0.0300278089844
0.0230681371154,0.0650541065565,0.241482955086,0.670394801242
0.0401441891586,0.482513384903,0.245289008907,0.232053417032
0.710909765987,0.112607355824,0.0821105142186,0.09437236397
0.0452244793442,0.0433903588618,0.819509869573,0.0918752922212
0.640519603683,0.0158580415629,0.0241581341664,0.319464220588
0.869096165202,0.0229688538899,0.0598040804154,0.0481309004928
0.644372800264,0.00386616255547,0.146953170283,0.204807866898
0.00246765305736,0.944988897051,0.0377494203422,0.0147940295499
0.0107010840193,0.0478081254916,0.469592380066,0.471898410423
0.00103598977021,0.953145834776,0.00476851559424,0.0410496598597
0.0496110057427,0.0328647509053,0.463376741142,0.45414750221
0.10770112447,0.285636681306,0.485568620758,0.121093573466
0.00480833352453,0.0864613835324,0.0266060930296,0.882124189914
0.262316448859,0.18531381573,0.0432945699749,0.509075165436
0.29143175111,0.593421382849,0.0918142572796,0.0233326087616
0.250522077599,0.2321982658,0.492331128818,0.024948527782
0.671481419427,0.0525059540596,0.22403489461,0.0519777319037
0.051858387301,0.0377875758106,0.0738865505569,0.836467486332
0.228941049582,0.105366664369,0.536831537647,0.128860748403
0.109184429807,0.216036485199,0.532811923102,0.141967161891
0.018469121816,0.542003401327,0.00110378689147,0.438423689966
0.496877596263,0.257679728627,0.19098787999,0.0544547951205
0.0804555105156,0.0782062408543,0.0427897246181,0.798548524012
0.56949934077,0.0154346995353,0.133073754086,0.281992205609
0.192189344262,0.266466976622,0.48888413252,0.0524595465961
0.15055187545,0.193150171337,0.53328430708,0.123013646133
0.0370638550305,0.42877765417,0.353664953051,0.180493537749
0.0352363789908,0.814133366226,0.14535155469,0.00527870009392
0.197706320638,0.626012615907,0.12573541512,0.0505456483347
0.145683120234,0.0333430505627,0.128256249367,0.692717579836
0.49334970339,0.0530190477256,0.139207030796,0.314424218088
0.680663219599,0.106056429556,0.0027648805677,0.210515470278
0.470339919204,0.112227078493,0.411392594825,0.00604040747721
0.253496164163,0.0509715242444,0.435431926664,0.260100384929
0.188304933812,0.0608523579841,0.123954149876,0.626888558328
0.0174017272203,0.00232761627715,0.477682163097,0.502588493405
0.0664116587468,0.107652447234,0.00795371300179,0.817982181018