0.182762524841,0.173099631387,0.27305272187,0.371085121902
0.0986578877231,0.210963132154,0.384130910787,0.306248069336
0.0108358245292,0.598635735063,0.361771764817,0.0287566755904
0.239744418428,0.227987326857,0.29057132262,0.241696932095
0.20265725714,0.337019786777,0.154835411093,0.30548754499
0.318075178379,0.0419098979528,0.0229276272314,0.617087296437
0.0309911067982,0.760996945173,0.12940380797,0.0786081400587
0.498598450768,0.0272491507687,0.394734115358,0.0794182831054
0.323200246745,0.539552086048,0.0172061627989,0.120041504409
0.0508339182283,0.102931620829,0.724599500461,0.121634960482
0.188635511428,0.0156093858351,0.127973629729,0.667781473008
0.64032931486,0.0427506972792,0.131446397576,0.185473590285
0.373752676929,0.502546582306,0.0143475032945,0.109353237471
0.406814293419,0.577110744202,0.00897993051571,0.00709503186347
0.00196518195086,0.989969547639,0.0057516678279,0.00231360258264
0.0638545861136,0.748416312681,0.0332667115525,0.154462389653
0.0219675637875,0.290249674951,0.10435726299,0.583425498271
0.0393730236403,0.0517477725683,0.465824640332,0.44305456346
0.175196841393,0.490914083917,0.213870214453,0.120018860238
0.170196634896,0.382005009718,0.296905399397,0.150892955989
0.468028494183,0.00537857538705,0.502048152317,0.024544778113
0.00164485213233,0.553567866979,0.00405809042532,0.440729190464
0.20399644571,0.624711308391,0.0632709447733,0.108021301126
0.299389787413,0.258772297809,0.247782716516,0.194055198262
0.352849692229,0.222538799887,0.415480578104,0.00913092977972
0.177343380371,0.202739693617,0.133306699584,0.486610226427
0.0827406732008,0.34817110279,0.133452307127,0.435635916882
0.751585447591,0.0735609430876,0.10215604099,0.0726975683316
0.0112554911287,0.251364857484,0.129313283998,0.608066367389
0.222540044652,0.238447621529,0.296387870733,0.242624463086
0.117825466085,0.491680100712,0.190751153592,0.199743279611
0.214124356457,0.0988852967856,0.385473797993,0.301516548764
0.0713165972317,0.364027158697,0.175511888935,0.389144355136
0.666149107769,0.0561433414162,0.103014373904,0.17469317691
0.046275331239,0.00264762147688,0.177333210525,0.773743836759
0.195646564457,0.111266242109,0.0619582704797,0.631128922954
0.374735686178,0.145034045961,0.126233350537,0.353996917324
0.138678557621,0.243594029007,0.389042030384,0.228685382988
0.440172587526,0.01680652341,0.104186678822,0.438834210242
0.265087279564,0.210338526413,0.19077912493,0.333795069094