0.162055950021,0.0509056220573,0.37946191211,0.407576515811
0.0149350863365,0.984354253326,0.000469815584748,0.000240844752483
0.123129932824,0.172491962225,0.629764306512,0.0746137984398
0.200571792409,0.0496932609837,0.355200810919,0.394534135688
0.268852701932,0.0194993988573,0.529191510175,0.182456389035
0.0403835754958,0.137279672879,0.718684202623,0.103652549002
0.17937439129,0.0662948879962,0.726201191887,0.0281295288259
0.11896976543,0.171033490534,0.19830578492,0.511690959116
0.0534987110547,0.473084126447,0.162719176735,0.310697985763
0.299445428474,0.0031496144717,0.680274645534,0.0171303115208
0.673486493642,0.108229866536,0.0890523206397,0.129231319183
0.113192649082,0.270763368104,0.0371717249699,0.578872257843
0.0169528918746,0.00823752670267,0.76321803807,0.211591543352
0.970075317557,0.0184593826803,0.00607757210011,0.00538772766262
0.281026450915,0.132967425866,0.372594710124,0.213411413095
0.490001393699,0.0641083542457,0.0200085470136,0.425881705042
0.0473888553815,0.464757828071,0.0364343564265,0.451418960121
0.012478082142,0.00085422992639,0.98570087823,0.000966809701977
0.45228209467,0.270406827275,0.172432819408,0.104878258647
0.202731306056,0.0448804038534,0.469572579944,0.282815710146
0.0437773616357,0.0050137277802,0.0237849597668,0.927423950817
0.530092987232,0.464863705692,0.00288286450387,0.002160442572
0.12829860982,0.474768610552,0.394888006886,0.00204477274253
0.229214999374,0.0265128268156,0.661483997808,0.0827881760023
0.0578551007223,0.447791076016,0.0484303695859,0.445923453676
0.0811431063607,0.471785767049,0.263345320872,0.183725805718
0.0186834274755,0.0918464157885,0.720342904995,0.169127251741
0.136640538863,0.234285224888,0.521496811062,0.107577425187
0.178691836664,0.124515083185,0.474514025152,0.222279054999
0.00760827414566,0.928350320129,0.0082407144962,0.0558006912293
0.122624745814,0.0192862915571,0.135424345065,0.722664617564
0.107949824803,0.0397257597949,0.844223687969,0.00810072743315
0.264599490409,0.0729462899439,0.6264373467,0.036016872947
0.290880858472,0.346679099107,0.175891255289,0.186548787132
0.650544320845,0.171280108636,0.150479184371,0.0276963861484
0.0412244569725,0.352607147713,0.593248203964,0.0129201913505
0.0699191872018,0.0885030484787,0.616993253879,0.22458451044
0.0707364763952,0.356968641633,0.00265046118713,0.569644420784
0.152236980539,0.0903607282071,0.144917903976,0.612484387278
0.228160455697,0.376129640235,0.0329582012532,0.362751702814