0.293805839282,0.0253026452248,0.649708494779,0.0311830207138
0.389148831806,0.118628458764,0.0810638026506,0.411158906779
0.160607015221,0.434413449843,0.216984986437,0.187994548499
0.128382561195,0.283517091271,0.561676295937,0.0264240515968
0.764817834674,0.0223344948524,0.157003406211,0.0558442642623
0.00364624393717,0.024685285005,0.0816272405729,0.890041230485
0.382269849514,0.383366648128,0.154117813103,0.0802456892551
0.0104846429693,0.00457655311532,0.984054017238,0.000884786677525
0.143549764043,0.237806546783,0.166967869498,0.451675819675
0.392616437889,0.518430991588,0.0212538219573,0.0676987485653
0.0108561429656,0.0104863458116,3.15202331551e-05,0.97862599099
0.037464414304,0.345033951532,0.0605539307075,0.556947703457
0.228185708815,0.498392214655,0.217236860137,0.056185216393
0.0323445519502,0.00266245464662,0.353172676749,0.611820316654
0.033906294423,0.0629370175361,0.353498254493,0.549658433548
0.212302471133,0.165669499128,0.378863326584,0.243164703155
0.453347305161,0.319666197407,0.0379646200816,0.18902187735
0.235227175249,0.299121510979,0.0255191745731,0.440132139199
0.158632918083,0.0193900028571,0.680858845831,0.141118233229
0.486279004184,0.368129261481,0.0623126199867,0.0832791143478
0.187436375421,0.0331856341851,0.139918253058,0.639459737336
0.0365512779402,0.0460932776155,0.00252448232547,0.914830962119
0.0506170854656,0.00647001958298,0.468475346897,0.474437548055
0.0259382940517,0.0588815393367,0.900488041155,0.0146921254564
0.0524875421539,0.676566116978,0.0195447820919,0.251401558776
0.35059556712,0.078664539449,0.467491150605,0.103248742826
0.505201929528,0.04430234174,0.211080978429,0.239414750303
0.463702594283,0.259041680947,0.106439271333,0.170816453437
0.260485304328,0.00285808836345,0.556672553377,0.179984053931
0.286229473859,0.0497604554292,0.000237104192947,0.663772966519
0.00652636962662,0.299425779279,0.00951484189168,0.684533009202
0.793009076653,0.0033319497688,0.044824477679,0.158834495899
0.664489216639,0.034287390893,0.194463849128,0.106759543339
0.0174330830418,0.698238900689,0.0153760286792,0.26895198759
0.0117741345023,0.416392944117,0.1841745531,0.387658368281
0.0414253695759,0.108648326812,0.690001597531,0.15992470608
0.00970067902227,0.134163104364,0.280481854629,0.575654361984
0.0614745474373,0.0608162950878,0.583077401807,0.294631755668
0.202035504611,0.432649903644,0.337717003531,0.0275975882139
0.232296757936,0.125121752531,0.0774895542783,0.565091935255