0.0530968722154,0.848240660545,0.0722608684857,0.0264015987539
0.692313121002,0.0600680593654,0.242531147928,0.00508767170446
0.0391559135246,0.127030549261,0.773149583341,0.0606639538731
0.00282226385508,0.0088806188146,0.0633585233057,0.924938594025
0.0359005659191,0.623478477148,0.237103249892,0.103517707041
0.0521752866489,0.0709118457485,0.870591519302,0.0063213483007
0.0201813199446,0.0415159281324,0.00721232568333,0.93109042624
0.0774971340387,0.0281836459344,0.283716017279,0.610603202748
0.158115575549,0.619542645211,0.181627255013,0.0407145242266
0.111591906225,0.0189756736487,0.630131420369,0.239300999758
0.0205254744764,0.185777603285,0.0606095170066,0.733087405232
0.00328940894296,0.868277475905,0.127813773745,0.000619341406831
0.812022214413,0.13745504925,0.0261960881588,0.0243266481781
0.581006661674,0.154216157617,0.0748896392085,0.189887541501
0.152271384782,0.50489780542,0.0464894108295,0.296341398968
0.424518744761,0.464118618177,0.0813081545451,0.0300544825166
0.00694109231306,0.646627787918,0.345397397463,0.00103372230595
0.504467484294,0.426856883399,0.0365500008069,0.0321256315001
0.00763837756896,0.0166165057416,0.882807009415,0.0929381072743
0.00184355378124,0.0119419742506,0.13585354466,0.850360927309
0.541294680983,0.0137779696303,0.206903450007,0.23802389938
0.410313522503,0.216207449523,0.218412219491,0.155066808483
0.0175157716938,0.0917704309608,0.552971920223,0.337741877123
0.369181762404,0.36565196089,0.00158783485404,0.263578441851
0.829840550816,0.0644956545416,0.0621176103637,0.0435461842789
0.0107798307899,0.023280527827,0.608392495367,0.357547146016
0.115161263126,0.0732974846632,0.337150285613,0.474390966597
0.240865477885,0.0327071218987,0.608063109813,0.118364290403
0.0264065255979,0.821283103376,0.121044860801,0.0312655102249
0.396476657424,0.205226533356,0.29075364621,0.10754316301
0.0770997217993,0.0503026176518,0.00798924125853,0.86460841929
0.0281311653568,0.234046558869,0.736177398423,0.00164487735202
0.537468691899,0.0434414162907,0.138276030835,0.280813860975
0.0357598547905,0.68600027981,0.274984461276,0.0032554041237
0.0208888638762,0.120028401381,0.180181796765,0.678900937978
0.0202563259618,0.954218739362,0.00644683092792,0.0190781037485
0.21734485638,0.593803528018,0.159271179034,0.0295804365682
0.0275617596069,0.521277473561,0.160198523555,0.290962243278
0.131261254971,0.256389406394,0.33155784742,0.280791491214
0.150859189498,0.118715217918,0.645038081649,0.0853875109349