0.0259583320958,0.0785284998934,0.104110338387,0.791402829624
0.0168614170555,0.964967944616,0.012536833144,0.00563380518435
0.0947728923671,0.22210712259,0.381938404235,0.301181580808
0.515560254304,0.120564245234,0.352171113529,0.0117043869335
0.146288322919,0.0424140123567,0.70352454711,0.107773117614
0.0401560326499,0.031281298915,0.894197734931,0.0343649335044
0.0321713214419,0.00212023863843,0.0737993606689,0.891909079251
0.457276524754,0.380126223852,0.135959646547,0.0266376048462
0.633233576611,0.0219839881315,0.332661974723,0.0121204605353
0.0190736173734,0.05189902674,0.67544457353,0.253582782357
0.127626073901,0.192118552651,0.080341393841,0.599913979607
0.148231549338,0.00181614492145,0.848893506425,0.00105879931592
0.71333953776,0.130008940258,0.141919774171,0.014731747811
0.00039611448931,0.0905875448987,0.00344868576281,0.905567654849
0.0173394675667,0.160844232264,0.0887058943787,0.733110405791
0.529398200207,0.118571562523,0.304131940576,0.0478982966932
0.402775360265,0.12093333957,0.0184412527398,0.457850047425
0.515549241883,0.00677374986145,0.117359585131,0.360317423125
0.534372711323,0.0368629116083,0.197906441589,0.23085793548
0.00581936235876,0.0294511325351,0.926312789255,0.0384167158513
0.126565825669,0.319947116554,0.322439447774,0.231047610002
0.0564413180435,0.122542372386,0.410583493943,0.410432815628
0.128301518886,0.129176453288,0.0191084073116,0.723413620514
0.0984265918496,0.467422176096,0.124883708283,0.309267523772
0.0578448681256,0.819313741915,0.0604316868957,0.0624097030637
0.392451774924,0.064676353,0.0141229743753,0.528748897701
0.0312709702689,0.00424260180171,0.199190945591,0.765295482339
0.586250254786,0.0317107206127,0.227812059435,0.154226965166
0.0733247950172,0.762935203468,0.0961726459185,0.0675673555962
0.0337588506237,0.619783181439,0.343369740438,0.00308822749989
0.160836451732,0.453526220881,0.247875406705,0.137761920682
0.0689762517403,0.274068290021,0.0498855785558,0.607069879683
0.21009989128,0.0288619167549,0.717199285038,0.0438389069271
0.1107347962,0.0814859828372,0.0359833065113,0.771795914452
0.687636619806,0.139072660843,0.125402016863,0.0478887024878
0.0330583869376,0.0567530800356,0.617616681067,0.29257185196
0.655074465835,0.170292094182,0.0871785668726,0.0874548731108
0.00989652369896,0.743103159563,0.245344389242,0.00165592749529
0.534743103166,0.0616208410018,0.211131772304,0.192504283528
0.890815911028,0.0280969420881,0.0552266767532,0.0258604701304