0.0193641851715,0.339100344691,0.0321046007907,0.609430869347
0.333459580641,0.104210351769,0.112634219269,0.449695848321
0.00122080925727,0.000437611468641,0.99682163872,0.00151994055386
0.0572229164446,0.598388664397,0.144011238462,0.200377180697
0.203414552395,0.234279470018,0.467864729818,0.0944412477686
0.0219696482642,0.439613578116,0.211822432434,0.326594341186
0.122017787209,0.00494779173244,0.0287380826235,0.844296338435
0.0698947045401,0.428528714289,0.0973613160645,0.404215265107
0.92796191272,0.02426650051,0.0157278175235,0.0320437692467
0.255299014856,0.261777265667,0.35699877151,0.125924947968
0.17875347266,0.0780963889112,0.112795690772,0.630354447657
0.0564588156861,0.101166507822,0.765769215757,0.0766054607344
0.200792582209,0.00668727832461,0.729551533712,0.062968605754
0.365481973556,0.0435241204354,0.560119954831,0.0308739511774
0.00184904471208,0.00379304972097,0.0549031261337,0.939454779433
0.00257514939548,0.00191216004089,0.782774785823,0.212737904741
0.338894519543,0.122826082167,0.115115290261,0.423164108029
0.19544280775,0.139658270333,0.552010129252,0.112888792665
0.0909473815589,0.0968969099347,0.600898309668,0.211257398839
0.166042870602,0.699154822764,0.0996545478689,0.0351477587647
0.235363322385,0.116207937118,0.117026690739,0.531402049757
0.00420216922665,0.436838938992,0.54696319875,0.0119956930312
0.491634157047,0.0708147215971,0.112270054524,0.325281066831
0.327257252232,0.333235234996,0.149759381034,0.189748131738
0.0429569941297,0.3761580061,0.0267549915796,0.554130008191
0.784790898573,0.136062818084,0.0369287236256,0.0422175597172
0.00196935396915,0.94669437755,0.0485950218264,0.00274124665406
0.543775200623,0.013265665305,0.407006342302,0.0359527917709
0.11699763959,0.237955055804,0.57974903649,0.0652982681173
0.0239315676366,0.204428359931,0.612606393049,0.159033679383
0.107023878657,0.198949604227,0.300109306573,0.393917210543
0.297320880156,0.00813240159422,0.688320367519,0.00622635073016
0.482141950645,0.0345902657861,0.0829719821307,0.400295801438
0.938431000594,0.049886809489,0.00217266717497,0.00950952274222
0.887788545123,0.0392865808548,0.00284009007786,0.0700847839442
0.124269255551,0.25947800718,0.333504353586,0.282748383683
0.0315000204475,0.113482524387,0.20427013186,0.650747323306
0.0120271012213,0.210067350611,0.696584354283,0.0813211938847
0.459993970545,9.7065283813e-06,0.126587439836,0.413408883091
0.550549430412,0.206449848638,0.232123843222,0.0108768777276