0.0402234526057,0.000165912475518,0.000737784358591,0.95887285056
0.843869109479,0.0125048412849,0.106337479034,0.0372885702017
0.149016586412,0.455965706503,0.0438681428245,0.35114956426
0.941374979644,0.000887782002675,0.0529325650101,0.00480467334368
0.210440835062,0.250327467933,0.474032433234,0.0651992637706
0.0240409688905,0.0109181482434,0.0115352075391,0.953505675327
0.494165328095,0.213922897757,0.0837404219654,0.208171352182
0.0725739074051,0.0294053455652,0.89797963165,4.1115379336e-05
0.411758082532,0.229736058592,0.109998285818,0.248507573058
0.237786677494,0.0379728683724,0.605816117882,0.118424336252
0.701883145312,0.0263066869853,0.232185918812,0.0396242488907
0.0714934980955,0.0336049905274,0.864125737277,0.0307757741003
0.2007114989,0.567068280063,0.129651129185,0.102569091853
0.0110735094391,0.00206974964983,0.958398905027,0.028457835884
0.0192653376957,0.0198784421504,0.0358616467715,0.924994573382
0.000266109754348,0.322198926126,0.189113217322,0.488421746798
0.181543093933,0.063137265994,0.501090400446,0.254229239628
0.297035335155,0.319486430065,0.34404192067,0.0394363141097
0.871909786346,1.68069049166e-05,0.0720782105781,0.0559951961709
0.144166157931,0.132098168484,0.157297342393,0.566438331193
0.902649882498,0.0114656338151,0.0650856449061,0.020798838781
0.0770405755648,0.130564051349,0.0394392941706,0.752956078916
0.020586513304,0.567415977835,0.0414883014174,0.370509207444
0.00946858613288,0.164869181105,0.652568460718,0.173093772044
0.226307163802,0.564967852874,0.155725010769,0.0529999725551
0.456486261018,0.0858269932282,0.0645788333424,0.393107912411
0.829024722595,0.0332957682186,0.00829591825092,0.129383590935
0.324275029812,0.186754043241,0.157937323106,0.331033603841
0.792154971578,0.0820299394414,0.0611378530866,0.0646772358937
0.303813009181,0.0810313453517,0.0996820002932,0.515473645174
0.090331936606,0.224561339188,0.494513819523,0.190592904682
0.116184742371,0.66283085866,0.0548337495144,0.166150649455
0.306195431942,0.373174758119,0.249002664001,0.0716271459379
0.0665654716147,0.073814832616,0.848981231841,0.0106384639288
0.115054385921,0.155371979303,0.624167522722,0.105406112054
0.0268504491185,0.739058944936,0.16997071571,0.0641198902358
0.670813763649,0.122889362752,0.0939010642109,0.112395809389
0.267447741371,0.447991351775,0.0934958369424,0.191065069911
0.666647704491,0.0262750426019,0.177339893934,0.129737358973
0.139513967338,0.194035013666,0.461570639163,0.204880379833