0.0761410669559,0.451810618902,0.467185726579,0.00486258756363
0.00431476558129,0.364036492299,0.622903051475,0.0087456906444
0.16339942014,0.775736723107,0.00528876799683,0.0555750887559
0.0387038685254,0.0855568984402,0.840246368869,0.0354928641651
0.157875390518,0.806144422932,0.0289966014594,0.00698358509089
0.168576646167,0.381638559138,0.118381287229,0.331403507465
0.379080711007,0.265656397509,0.226565766358,0.128697125125
0.683320935948,0.0952796486048,0.14359252745,0.0778068879973
0.298987508771,0.652052802262,0.00784777981695,0.0411119091506
0.0339382660858,0.333045184956,0.529132679387,0.103883869571
0.265085853376,0.0897496549391,0.0426864692714,0.602478022414
0.843207667078,0.115414736131,0.0126170615578,0.0287605352334
0.0899177916076,0.236498261522,0.643450384503,0.0301335623682
0.177729572885,0.445005505463,0.358023406643,0.0192415150089
0.131953504061,0.0859387458106,0.506260607987,0.275847142141
0.0287190139869,0.186608848897,0.781735214539,0.00293692257785
0.269254565058,0.456501960018,0.0604178410433,0.21382563388
0.0248451787069,0.160265533369,0.787435793401,0.0274534945225
0.2817865206,0.0126234607799,0.702923779841,0.00266623877861
0.122308418703,0.100006517251,0.475710155165,0.301974908881
0.408292874578,0.0439493217451,0.0150895776911,0.532668225986
0.0523394097431,0.12561993212,0.792637164372,0.0294034937651
0.0074690683781,0.262870328791,0.124557212591,0.60510339024
0.491332930176,0.145059276787,0.125619895292,0.237987897745
0.377589764933,0.0464228582886,0.438675810016,0.137311566762
0.089788343714,0.13521466515,0.314792950225,0.460204040911
0.134834442931,0.516860369074,0.0401857963351,0.30811939166
0.214236348409,0.452115930863,0.0479445872963,0.285703133432
0.00347864504679,0.062003191948,0.847860421981,0.0866577410247
0.04469061618,0.325202929239,0.600992686655,0.0291137679264
0.994224720927,0.00305325400594,0.00181609460914,0.000905930457784
0.0640861636527,0.167398904476,0.672289482936,0.0962254489354
0.202031132449,0.00204619524562,0.014903793464,0.781018878841
0.0868678876443,0.109273736521,0.0555514033135,0.748306972521
0.123988565099,0.0512442773579,0.798384077838,0.0263830797056
0.243359626722,0.117800811185,0.202714414624,0.436125147469
0.37957798534,0.0630373260272,0.504400643101,0.0529840455322
0.143287528449,0.12580676097,0.522620590818,0.208285119763
0.0297746738768,0.707429994931,0.140163468063,0.122631863129
0.0766953464645,0.325830756773,0.0690200049248,0.528453891838