0.19454061587,0.238137270301,0.372257306097,0.195064807732
0.938369551341,0.0530359922179,0.00100564339757,0.007588813044
0.198097919963,0.159061024874,0.336514692201,0.306326362962
0.0375117051172,0.111347549207,0.538058755737,0.313081989938
0.0250165367226,0.00246131981407,0.952549706212,0.0199724372517
0.0941177016653,0.356785130214,0.344387627877,0.204709540243
0.104832101509,0.623226865607,0.158440646647,0.113500386237
0.139537263639,0.226475813556,0.193870843112,0.440116079693
0.136574037684,0.172658388202,0.339966725579,0.350800848535
0.437566964087,0.106806732326,0.447692189833,0.00793411375389
0.0310495125795,0.0529937543038,0.910591836343,0.00536489677411
0.704472120062,0.283893167971,0.0114321190685,0.000202592898301
0.0326914545268,0.372994646287,0.0943411647523,0.499972734434
0.0193743458371,0.0232190376364,0.896056018951,0.0613505975752
0.000729598366792,0.074225126881,0.913062323675,0.0119829510769
0.609000556343,0.286156425514,0.0165122436707,0.0883307744718
0.0750809849348,0.587218521808,0.1824023669,0.155298126357
0.0216023614603,0.385844718269,0.256941286113,0.335611634158
0.124655727377,0.333737325246,0.286858725426,0.25474822195
0.174647063305,0.0216668508404,0.00490228111932,0.798783804735
0.00530704257879,0.00330365157447,0.973529209472,0.0178600963751
0.128080413746,0.552208093283,0.30888587068,0.0108256222909
0.0302295444064,0.0704665813945,0.0972025892465,0.802101284953
0.0187197460931,0.457158427959,0.511147650635,0.0129741753132
0.221474212105,0.373512968794,0.0928036805554,0.312209138546
0.0368643293444,0.0324979309787,0.912500984249,0.0181367554283
0.164321334958,0.0232075933038,0.0701209594002,0.742350112338
0.17684239971,0.122984014037,0.687337531782,0.0128360544706
0.0479027457349,0.140739533132,0.168842134234,0.642515586899
0.0393974653626,0.767139347164,0.186287259516,0.00717592795743
0.078531393539,0.079132889931,0.0752765215151,0.767059195015
0.95210910355,0.0263860996411,0.0174510905743,0.00405370623443
0.980731888881,0.00793845666095,0.00989025627399,0.00143939818431
0.0817760022006,0.474883626216,0.0600690422162,0.383271329367
0.00228695019768,0.374971151993,0.314189270764,0.308552627045
0.00278149288206,0.132776285002,0.704804771742,0.159637450374
0.714061969461,0.0288571270005,0.255786062474,0.00129484106478
0.0596007265209,0.63147507419,0.000863691957523,0.308060507331
0.293818803025,0.021141099006,0.517849960658,0.167190137311
0.545760315873,0.00117529052248,0.424463155988,0.0286012376164