0.148123381477,0.392981750817,0.29960037164,0.159294496066
0.0282347212534,0.0170155845767,0.95278795565,0.00196173852006
0.578757004543,0.00947508021275,0.239450793583,0.172317121661
0.224015761313,0.0703844986386,0.228039197974,0.477560542074
0.371883520299,0.306963711222,0.1654906143,0.15566215418
0.151141362764,0.106977818777,0.232562461079,0.50931835738
0.902411074838,0.00147038478825,0.00685663173789,0.0892619086357
0.0559942022662,0.000905612236051,0.307933104809,0.635167080688
0.387147344781,0.0110996911569,0.0259275592467,0.575825404816
0.0660692264471,0.113082202598,0.414486539821,0.406362031134
0.012339245849,0.0814150662698,0.881643564507,0.0246021233739
0.0229015460876,0.171431673859,0.457532068018,0.348134712035
0.0387394682133,0.420732441929,0.531178684974,0.00934940488397
0.85237827527,0.0269658438667,0.0959090893308,0.0247467915328
0.255544649927,0.20243275097,0.331505105997,0.210517493107
0.0847893502083,0.31087796162,0.196809340774,0.407523347398
0.189670397415,0.494044256646,0.0924944318174,0.223790914122
0.00997930515277,0.143617204966,0.832843755003,0.0135597348788
0.00973248953779,0.716190701533,0.00934211610349,0.264734692826
0.433289754692,0.546579044063,0.0183109338527,0.00182026739174
0.0293197248279,0.859592137687,0.0942847312931,0.0168034061916
0.393721783106,0.232781520142,0.242544695712,0.13095200104
0.0385583685255,0.0928098828964,0.823376047948,0.0452557006301
0.92640554831,0.036717740228,0.0324526944479,0.00442401701389
0.456069271634,0.0132636085517,0.427967185823,0.102699933992
0.231066710151,0.335575272745,0.0403589784703,0.392999038634
0.634896448512,0.00488189118653,0.33533504231,0.0248866179923
0.196104858474,0.54702414184,0.129334563294,0.127536436392
0.0269115636302,0.0595448390162,0.0102584351284,0.903285162225
0.0714006689974,0.880053841442,0.0063787884914,0.0421667010689
0.202966525975,0.154078797916,0.49476538878,0.14818928733
0.37252677255,0.032615065917,0.160754102991,0.434104058542
0.22725683702,0.279954962014,0.168166274704,0.324621926262
0.712459646286,0.183119040837,0.0757659033301,0.028655409547
0.18769289362,0.201916399048,0.0308125799689,0.579578127363
0.00995637273466,0.84776103387,0.00170982414188,0.140572769253
0.00511697224171,0.0855390189992,0.563303351352,0.346040657407
0.0707129247458,0.0243237073085,0.562095431087,0.342867936858
0.0844648244373,0.0338074319995,0.793812116066,0.0879156274971
0.482559049972,0.372223213788,0.13291140955,0.0123063266899