0.0143959025363,0.788836594834,0.0638628094925,0.132904693137
0.111404388672,0.0525560048096,0.509484940336,0.326554666182
0.315838955019,0.404054592501,0.0797043285687,0.200402123912
0.00142560913439,0.318628447995,0.590082680753,0.0898632621179
0.397297547696,0.239272805418,0.257919733596,0.10550991329
0.0554282776111,0.160447053203,0.620209009168,0.163915660017
0.537960003069,0.129957128555,0.0168729179236,0.315209950452
0.0224031532076,0.967170664148,0.00487392008575,0.0055522625588
0.00755857214528,0.469155824519,0.0335504637851,0.489735139551
0.00571288547679,0.365333659447,0.154354356549,0.474599098527
0.434926972769,0.0559292259913,0.286298612271,0.222845188969
0.025046806936,0.0199879253272,0.0313113670054,0.923653900731
0.402567133701,0.328172650792,0.0161187888647,0.253141426642
0.156594687528,0.222945847462,0.569107063758,0.051352401251
0.257659111455,0.32843204126,0.212282033127,0.201626814158
0.478558948,0.491654615285,0.0185911199598,0.0111953167549
0.0113261370893,0.0536917838916,0.811044016596,0.123938062424
0.503445780983,0.343759884947,0.139513948905,0.0132803851645
0.658592106238,0.217309129807,0.119079306277,0.00501945767856
0.680823665631,0.0135700443771,0.087931678559,0.217674611433
0.265542391292,0.372591201977,0.348178793822,0.0136876129084
0.504454681074,0.0307141039428,0.419557537192,0.0452736777912
0.638265318318,0.00613099691169,0.0893542662277,0.266249418542
0.181560590784,0.224135407345,0.00116006096542,0.593143940905
0.06809711691,0.348558182229,0.462339539288,0.121005161572
0.0619046859439,0.386562221787,0.429578694894,0.121954397375
0.0176988286214,0.0582978429104,0.876430477074,0.047572851394
0.280677269608,0.224976152367,0.236733726568,0.257612851457
0.0658126023334,0.211738266166,0.200157874081,0.52229125742
0.00447331844733,0.0614800690406,0.000205562119427,0.933841050393
0.127541169249,0.0700784933882,0.234417801585,0.567962535778
0.326042699845,0.0118286616833,0.350537110704,0.311591527768
0.143008260704,0.234609797318,0.031651947479,0.590729994499
0.00245984493239,0.935602362265,0.0143840543747,0.0475537384277
0.364504438953,0.132871175314,0.393101228387,0.109523157346
0.118500025009,0.402012422174,0.0896156684818,0.389871884335
0.234589081192,0.132393279606,0.0972970915105,0.535720547691
0.0662830694066,0.793667301373,0.0611182519062,0.0789313773138
0.234526159438,0.0243020484621,0.484420052424,0.256751739676
0.0124956066194,0.0377592050876,0.410220121158,0.539525067135