0.0790360412855,0.919595350772,7.45631849777e-05,0.0012940447579
0.306943288958,0.286939955291,0.147673029113,0.258443726637
0.0298018828988,0.0634264813759,0.750206579964,0.156565055761
0.327807685444,0.235196363798,0.311612135,0.125383815758
0.0608491242189,0.0262961523979,0.00469503235811,0.908159691025
0.197946768532,0.0200080312598,0.18451649751,0.597528702698
0.0902839822396,0.212837665696,0.175021653263,0.521856698801
0.39515550591,0.0569137183091,0.231586313419,0.316344462362
0.0019390724521,0.77233068626,0.028643592312,0.197086648976
0.0728933062999,0.570372524805,0.328152689895,0.0285814789999
0.0250407880911,0.476106609782,0.453443194033,0.0454094080941
0.0905275005623,0.484894887247,0.235878377028,0.188699235162
0.00923619333975,0.441771476189,0.443076951197,0.105915379274
0.216699330399,0.453476165042,0.244696432075,0.0851280724847
0.409561184926,0.497151413297,0.0587099929438,0.0345774088331
0.039991503372,0.0130912292466,0.00246050648971,0.944456760892
0.0192449461812,0.00198268496659,0.000766125042635,0.97800624381
0.047941319735,0.534837395599,0.0707754352436,0.346445849422
0.14001698165,0.275830010666,0.184249344181,0.399903663503
0.303900101916,0.429984924541,0.161970618321,0.104144355222
0.0100685727127,0.970632217816,0.00960893571411,0.00969027375729
0.689104724501,0.0948482238156,0.178579336254,0.0374677154295
0.00109938385996,0.065793981343,0.512236040597,0.4208705942
0.210921889895,0.0951470991442,0.107831829661,0.5860991813
0.20252939252,0.184477606432,0.487122592231,0.125870408817
0.120566724388,0.764769044926,0.10639840419,0.00826582649632
0.255935161218,0.33459388337,0.14444108332,0.265029872092
0.0226092358269,0.0168415758111,0.302010348809,0.658538839553
0.283703222217,0.424964801167,0.261399249622,0.029932726995
0.24215256797,0.0450253090237,0.600735262536,0.11208686047
0.00902042791353,0.840108500525,0.0148911804283,0.135979891133
0.375642113091,0.264066682887,0.354881044046,0.00541015997544
0.0360896446688,0.494488583921,0.417579848349,0.0518419230613
0.834979006377,0.0446234522427,0.114138242063,0.0062592993177
0.317099875619,0.418221794456,0.257457789127,0.00722054079875
0.0160310310735,0.00371999282462,0.0240126566452,0.956236319457
0.192165656842,0.230824834096,0.223817715046,0.353191794017
0.0383065581458,0.0113986125804,0.00601408800455,0.944280741269
0.196381668174,0.0784885338033,0.50810617352,0.217023624502
0.0764417897328,0.78792908744,0.101374032582,0.0342550902451