0.00116579301753,0.342404703363,0.656413216729,1.62868906004e-05
0.0242082945377,0.0216935650727,0.0060166403112,0.948081500078
0.213644605932,0.6920892214,0.00795673514105,0.0863094375269
0.599210472114,0.130894634909,0.165107071051,0.104787821926
0.979559132629,0.0133277391159,0.00507042452228,0.00204270373264
0.198466760234,0.12187761002,0.597361741128,0.0822938886176
0.0642862487927,0.849780226783,0.0130478128807,0.072885711544
0.0320192298218,0.125933628737,0.232155477408,0.609891664033
0.304950925908,0.064073510865,0.577649431881,0.0533261313464
0.0490868437537,0.0252423766712,0.152711281903,0.772959497672
0.11242419764,0.0843094760906,0.141292628242,0.661973698028
0.563339987317,0.40829310293,0.0149626310446,0.0134042787084
0.189523204226,0.147974156078,0.376184092219,0.286318547477
0.0848764997026,0.492793525,0.187595998893,0.234733976405
0.857308191006,0.0710967187195,0.0311898158468,0.0404052744279
0.166942809933,0.539024691637,0.241482678175,0.0525498202549
0.187045971842,0.305690942765,0.500316006205,0.00694707918856
0.202773462422,0.0429875879798,0.0001666246615,0.754072324936
0.00891360243384,0.0780724831528,0.226053847692,0.686960066721
0.367926355556,0.214620517661,0.313976763869,0.103476362914
0.0803718984632,0.595608373342,0.0238517977428,0.300167930452
0.0174371048393,0.091863209025,0.218176915444,0.672522770692
0.957828938361,0.0051417795538,0.0140171019185,0.0230121801667
0.000381652338286,0.991460861641,0.00803768269315,0.000119803327988
0.169580632076,0.0865749512693,0.0368439732201,0.707000443434
0.0661767408157,0.103439395749,0.0501463984536,0.780237464982
0.0954756778059,0.0637211327548,0.799267376917,0.0415358125224
0.0940147973849,0.178673593426,0.159030412267,0.568281196923
0.283155734595,0.293148888032,0.182694962232,0.241000415141
0.0663178594439,0.0268493202922,0.0335449033047,0.873287916959
0.85768860225,0.0463648184207,0.0372481956955,0.0586983836341
0.00946268142704,0.0274482330969,0.00528480481508,0.957804280661
0.836860612177,0.0253405312259,0.00253842865411,0.135260427943
0.329683953363,0.115815521989,0.504299858053,0.0502006665942
0.59368150241,0.328699121192,0.0691142086604,0.00850516773809
0.044995639282,0.770920279078,0.17787893533,0.00620514630989
0.0246560613469,0.113163735165,0.496500780067,0.365679423421
0.684748475792,0.0105569888465,0.120428070299,0.184266465063
0.21348537692,0.543479770758,0.0848980223914,0.158136829931
0.0177692375173,0.326789950954,0.540025999841,0.115414811688