0.289182595173,0.1313035784,0.256728730437,0.322785095991
0.488230534426,0.221857347072,0.0138344443258,0.276077674176
0.459608526018,0.2873972335,0.183530668741,0.0694635717411
0.684218246782,0.195555488426,0.0033522980396,0.116873966752
0.0903876045359,0.355109213167,0.206063246178,0.348439936119
0.815853599084,0.00924763704522,0.0838007593729,0.0910980044978
0.660636705558,0.00927866221743,0.027161074704,0.302923557521
0.432294827341,0.00713561314531,0.557470506272,0.00309905324222
0.0533132509798,0.0567102293717,0.552682824442,0.337293695207
0.0773311829012,0.150044888799,0.0140990217987,0.758524906501
0.0234074151916,0.836637153909,0.0190004844677,0.120954946431
0.542739750671,0.0563543595573,0.392961033347,0.00794485642432
0.153363089437,0.390005784185,0.0450680941557,0.411563032222
0.45998874327,0.403914307748,0.0484842696944,0.0876126792871
0.0647612256962,0.0933003050631,0.000221470081122,0.84171699916
0.512372152617,0.283194243238,0.183239791478,0.0211938126667
0.0604742951177,0.0534843522759,0.41385567195,0.472185680657
0.098214574998,0.134176432532,0.232652950475,0.534956041995
0.0228454243984,0.0170941106582,0.891817358335,0.0682431066089
0.0822339429986,0.0109966935547,0.372015250355,0.534754113092
0.161719438366,0.689059455654,0.0440554190406,0.10516568694
0.347904698523,0.392042447867,0.189311443462,0.0707414101477
0.00769200731111,0.378359849922,0.520209036779,0.0937391059872
0.130730741623,0.0680554366008,0.755120756369,0.0460930654074
0.318057110843,0.0135793538203,0.449182067877,0.21918146746
0.886013864532,0.0657225287103,0.017238159928,0.03102544683
0.0432563931706,0.0505816576369,0.00333538688972,0.902826562303
0.14074850895,0.742572098826,0.0107920857335,0.10588730649
0.208125153501,0.0953900217566,0.0201104167552,0.676374407987
0.0176786017852,0.150047258904,0.0633684348247,0.768905704486
0.0345362326429,0.0586426941569,0.197151697389,0.709669375811
0.519538115706,0.0399766211002,0.394104090177,0.0463811730174
0.0230367037976,0.552772880127,0.346286029717,0.0779043863581
0.281676105599,0.263757966825,0.221524651504,0.233041276072
0.211914475688,0.117363065263,0.209986282167,0.460736176882
0.879249028997,0.0219423293232,0.016148335943,0.0826603057372
0.0303707426714,0.139660594571,0.0298573651296,0.800111297628
0.0158894031589,0.0730549271864,0.379162776419,0.531892893235
0.100994708733,0.564373098273,0.0359779297081,0.298654263286
0.108881066463,0.659003187709,0.154398913372,0.0777168324565