0.344845504072,0.455623927027,0.173158589134,0.0263719797668
0.689355397008,0.103713170325,0.20058080697,0.00635062569632
0.42868770958,0.272993856233,0.175725239394,0.122593194793
0.944028122646,0.0256150740897,0.00210727240033,0.0282495308639
0.0353071314268,0.0103622486101,0.953210826639,0.00111979332417
0.336843628767,0.159469983776,0.478556471985,0.0251299154722
0.00431388588794,0.931727542796,0.0352919471884,0.0286666241278
0.118061677502,0.158072789056,0.653436023118,0.0704295103241
0.422746779132,0.157500722121,0.127143753316,0.292608745431
0.358645825823,0.367279244704,0.122860394193,0.15121453528
0.0997506945862,0.295869548172,0.493004128261,0.111375628981
0.548864595157,0.246728156583,0.00159539293819,0.202811855321
0.0458396859967,0.320161897088,0.08941459161,0.544583825306
0.888242145983,0.0498251784336,0.0545407934236,0.00739188216024
0.123269940367,0.527812596284,0.22028837931,0.12862908404
0.607787401374,0.0499555780944,0.148861133195,0.193395887337
0.185522628738,0.273729006975,0.0175576243605,0.523190739926
0.809270973615,0.108123957078,0.0598198000378,0.0227852692687
0.0118635853672,0.835628692302,0.0330542630326,0.119453459298
0.219596973367,0.146703173429,0.522514442737,0.111185410468
0.0945034840749,0.438545445372,0.107680156276,0.359270914277
0.0097502104424,0.0187608390732,0.962951284619,0.00853766586563
0.0843367928836,0.217985467602,0.341045691303,0.356632048211
0.00232550166719,0.695916513074,0.00514820955755,0.296609775702
0.82350856963,0.0277677402837,0.125753776481,0.0229699136047
0.193482718622,0.159741099702,0.431917097459,0.214859084216
0.541419049713,0.195786944656,0.23288946171,0.0299045439215
0.400852739443,0.392652367231,0.0930690806779,0.113425812649
0.237308704437,0.0359925903828,0.115043185286,0.611655519894
0.697672538996,0.0692522498049,0.137269430884,0.0958057803149
0.550966836654,0.148919405293,0.146971531611,0.153142226443
0.375502114918,0.253134013543,0.185360929417,0.186002942122
0.0607127748633,0.855671893328,0.0741728295546,0.00944250225385
0.0361544742992,0.598695787169,0.123800375957,0.241349362575
0.0139799455214,0.936550395601,0.023469280341,0.026000378537
0.0658275732401,0.142506131984,0.0254991734133,0.766167121363
0.195072310524,0.372357186064,0.421375362398,0.011195141013
0.975103017079,0.010102158367,0.00934017415803,0.00545465039549
0.0475479949343,0.655207469228,0.243295332684,0.0539492031538
0.0864233510814,0.038509299624,0.519581084612,0.355486264683