0.747140633131,0.0769392397792,0.144271881309,0.0316482457804
0.255778508613,0.515885968288,0.0118913435478,0.216444179551
0.0432883339257,0.429000287342,0.422306992258,0.105404386475
0.346691094631,0.115625116952,0.136591969631,0.401091818786
0.46705898346,0.173333907346,0.324233398884,0.0353737103095
0.577800306008,0.0249917800495,0.262857569292,0.13435034465
0.131031808189,0.0185634013658,0.817593826006,0.0328109644391
0.887729363789,0.0981528080037,0.00539633502324,0.00872149318453
0.337003970831,0.274576061367,0.000690124711269,0.387729843091
0.31006743581,0.0858512557492,0.159463942197,0.444617366245
0.155772466821,0.0912461883229,0.041107463653,0.711873881203
0.00559969002287,0.597138915793,0.0265337167383,0.370727677446
0.372500405791,0.0831007078378,0.272755538721,0.27164334765
0.171573219473,0.00483378188972,0.793950919064,0.0296420795729
0.80162873048,0.0386907673622,0.147802272049,0.0118782301081
0.032558137331,0.529457708953,0.0578166239959,0.38016752972
0.267827689352,0.155458058341,0.537684714962,0.039029537345
0.642879467542,0.145680791236,0.00947800868339,0.201961732539
0.14708018974,0.105358934855,0.272589031749,0.474971843656
0.0205925051773,0.183083710074,0.648638941005,0.147684843744
0.236917456967,0.27110208796,0.35948170092,0.132498754152
0.863938455734,0.0174550799126,0.0923900111724,0.0262164531814
0.0474406915104,0.086714189416,0.675160088458,0.190685030616
0.242929873082,0.139204691973,0.228691630152,0.389173804793
0.80708871137,0.00792184076514,0.179842722586,0.00514672527848
0.372546934662,0.132350069043,0.073266411706,0.421836584589
0.835829391361,0.043647281224,0.0292978126648,0.0912255147499
0.166258253697,0.0471849702279,0.505777494251,0.280779281824
0.77466865582,0.0713938952336,0.00158625244524,0.152351196501
0.00986844343806,0.00383682072604,0.0718656066172,0.914429129219
0.030187954632,0.699840016127,0.0479624702622,0.222009558979
0.0173040393235,0.409708907997,0.565933008303,0.00705404437661
0.706727980537,0.161989730093,0.0249152172652,0.106367072104
0.37475463281,0.193189237754,0.252954460045,0.179101669391
0.000832485705697,0.247653789063,0.286430426948,0.465083298283
0.284650471488,0.260218861493,0.326847388005,0.128283279014
0.284696418186,0.534822825454,0.0343366315057,0.146144124854
0.111951456556,0.148828448036,0.587432021342,0.151788074067
0.0116393783299,0.00114846848857,0.986569465416,0.000642687765727
0.315997537125,0.107845553611,0.0174068345027,0.558750074762