0.0454286523272,0.0274309075361,0.351086711185,0.576053728952
0.0659164149372,0.0207025345644,0.0143303745637,0.899050675935
0.12364855987,0.244510242679,0.0871441440033,0.544697053448
0.000295153598085,0.00227873515785,0.850796574687,0.146629536557
0.859617023182,0.00479653267021,0.113979081883,0.0216073622644
0.00495039606074,0.95167862677,0.000454907202339,0.0429160699666
0.606817177066,0.12574591019,0.0823508004286,0.185086112315
0.324616640066,0.467390990402,0.112444519599,0.0955478499328
0.411508140914,0.0168328752738,0.00625228137138,0.565406702441
0.495298218289,0.0255024479221,0.258819964268,0.220379369521
0.005869428447,0.0368049088063,0.944439698775,0.0128859639714
0.139551706554,0.0124680285638,0.829736201517,0.0182440633655
0.217842548372,0.665084478282,0.0779210135252,0.0391519598206
0.0885800526369,0.874595485622,0.0141208563485,0.0227036053922
0.144453582496,0.219144311681,0.221762172656,0.414639933167
0.297104603742,0.0317369959493,0.645543189758,0.0256152105504
0.0784895220501,0.00802916285586,0.609802231162,0.303679083932
0.452355010283,0.0669030867269,0.0985352277488,0.382206675241
0.00737826419942,0.965796557857,0.00483237633772,0.0219928016059
0.43820741863,0.378004511582,0.104328309085,0.0794597607034
0.519841263987,0.0291757843507,0.0494580333797,0.401524918283
0.800400689198,0.166498952857,0.00676421838456,0.0263361395601
0.0824065841376,0.865175771428,0.00912990612308,0.0432877383116
0.0141441553374,0.148964125498,0.0537185470353,0.78317317213
0.0072360746341,0.848676651229,0.110775547027,0.03331172711
0.999586407994,5.71169177332e-05,0.00018817523812,0.000168299850604
0.0714917105888,0.660897880607,0.0336144123863,0.233995996418
0.0477840230779,0.209479737732,0.192488153583,0.550248085607
0.0132894321805,0.00993827795578,0.092194907771,0.884577382093
0.936385040407,0.000870322284157,0.0615323666102,0.00121227069831
0.0403994056014,0.224875396955,0.580513508185,0.154211689259
0.986334615812,0.00123287307964,0.000240609853426,0.0121919012554
0.0365402141563,0.435639774777,0.394612979693,0.133207031374
0.0720674446048,0.431104219624,0.0994981501714,0.3973301856
0.61942255632,0.0789304942675,0.203471547736,0.0981754016766
0.436468861924,0.0255664310256,0.219728322086,0.318236384964
0.115773595813,0.0932367804136,0.604952095462,0.186037528311
0.00768610532071,0.109550540553,0.0278449580321,0.854918396094
0.247632683343,0.253966616566,0.357599050426,0.140801649665
0.160321835922,0.623352069861,0.0864859763107,0.129840117906