0.581647701301,0.231936439451,0.155566435722,0.0308494235257
0.187755379477,0.704481092628,0.0087106309832,0.0990528969119
0.04487124079,0.890716423498,0.0284060104554,0.0360063252567
0.239987389197,0.0420636738104,0.0999958974004,0.617953039593
0.601654114392,0.347607680102,0.0460472358399,0.00469096966611
0.00155694196884,0.0790813430319,0.149406839419,0.76995487558
0.0414097207987,0.427454503702,0.519028894337,0.0121068811623
0.433397910328,0.0932697695028,0.299709279082,0.173623041088
0.375503992069,0.0111434867177,0.113100449369,0.500252071844
0.460449086924,0.420348215234,0.0452568385344,0.0739458593086
0.0758471749925,0.64212829151,0.0191426998549,0.262881833642
0.305867797935,0.586159237541,0.0607030325763,0.0472699319471
0.171654533294,0.385779456237,0.358269919438,0.0842960910299
0.139327344769,0.409741545238,0.268634966571,0.182296143423
0.0187972936065,0.839088760684,0.0710471829802,0.0710667627296
0.107670659262,0.0943590585087,0.31621829724,0.481751984989
0.149654270587,0.700716747235,0.0470910507999,0.102537931378
0.0211662313098,0.116241131885,0.115729962398,0.746862674406
0.8672463707,2.87148177705e-05,2.00136416352e-05,0.13270490084
0.00189020399163,0.0112693168501,0.984119328534,0.00272115062413
0.0222544627177,0.0255075211331,0.0488915908503,0.903346425299
0.00286914450126,0.59160438353,0.19666634384,0.208860128129
0.235007159874,0.0560973222097,0.145749871315,0.5631456466
0.645003295986,0.298364087878,0.0248433020618,0.0317893140749
0.65906583982,0.00366786471576,0.319293311321,0.0179729841434
0.052161671465,0.0166797875436,0.050591281723,0.880567259268
0.050418389066,0.0078340413245,0.0569509603469,0.884796609263
0.00600495194219,0.413222452098,0.032119888853,0.548652707107
0.0264563965754,0.00222520930621,0.0213434063908,0.949974987728
0.0727759914795,0.724706956358,0.028397050595,0.174120001568
0.0240822664404,0.0432188889059,0.512236847987,0.420461996666
0.0543634649254,0.372461402099,0.000742342879621,0.572432790096
0.732017644555,0.0400916126312,0.11702294264,0.110867800174
0.348593037326,0.548702403408,0.0655409132319,0.0371636460341
0.00563430877553,0.0335466098126,0.0955684548375,0.865250626574
0.759002959252,0.183403289245,0.0494071003458,0.00818665115719
0.10912664244,0.375655268102,0.131403922152,0.383814167306
0.560641303917,0.00743829680907,0.0136365840829,0.418283815191
0.559592311534,0.0131921957095,0.275059233049,0.152156259707
0.285781094054,0.0142944093887,0.587183408986,0.112741087571