0.00147248496407,0.00131819112132,0.995603344019,0.00160597989587
0.0550760338871,0.00650480303947,0.929395480262,0.00902368281126
0.0168360945374,0.0145774876993,0.908392392272,0.0601940254916
0.504885562801,0.116176251358,0.125103295058,0.253834890783
0.0317026331225,0.915344593587,0.00967225815264,0.043280515138
0.346525388425,0.0517402892648,0.0827983121895,0.518936010121
0.270467065076,0.0263704021604,0.69846016003,0.00470237273382
0.0138696220666,0.151814794151,0.00695385977867,0.827361724004
0.440054920363,0.232138964305,0.197602322568,0.130203792765
0.704682758228,0.0672347280776,0.187259931743,0.0408225819514
0.140301766858,0.112749127482,0.326951056576,0.419998049083
0.545001503645,0.126967904924,0.0205835802997,0.307447011131
0.0371527978356,0.100277855624,0.211728265157,0.650841081383
0.19261758921,0.04156598744,0.662929718158,0.102886705192
0.214481483141,0.0891223850162,0.219193235705,0.477202896138
0.00891688989738,0.0261939093177,0.958368560767,0.00652064001802
0.383763446578,0.0470576820961,0.418713992676,0.15046487865
0.39874115387,0.169610031893,0.0719814238058,0.359667390431
0.284624102255,0.359198233191,0.0502985823361,0.305879082218
0.0175328271826,0.234100710631,0.0877475727409,0.660618889445
0.00251788652167,0.929237281158,0.00412386331737,0.0641209690034
0.523719317566,0.0207886883322,0.0450613176475,0.410430676455
0.16715344822,0.112034836225,0.519058124699,0.201753590857
0.888087750095,0.0279034335238,0.0547933529352,0.0292154634456
0.0862012506215,0.0294775703587,0.855571381708,0.0287497973114
0.465490220653,0.00598143332505,0.488618663058,0.0399096829637
0.242379609073,0.355512158486,0.0411564745778,0.360951757863
0.243693725598,0.303762689729,0.356197229576,0.0963463550961
0.529641819315,0.252350245576,0.0556430938921,0.162364841216
0.0327782854543,0.107355361641,0.799086967431,0.0607793854737
0.132767021601,0.0854113242593,0.0894536173936,0.692368036746
0.385956785916,0.0659757491724,0.372186449384,0.175881015528
0.22344890313,0.101207193679,0.267273710957,0.408070192234
0.14045980559,0.0269805423649,0.747836878679,0.084722773366
0.59001818045,0.143415255902,0.261478612929,0.00508795071907
0.232782081813,0.225143463029,0.477688938219,0.0643855169395
0.130361353676,0.596460935242,0.132931853056,0.140245858027
0.289324122663,0.137307570779,0.0668911325212,0.506477174037
0.250662711712,0.298623227667,0.162989623413,0.287724437208
0.0213944028497,0.0575251648114,0.89303276963,0.0280476627084