0.00924606226429,0.0151124961961,0.00592284810841,0.969718593431
0.0160515690509,0.288336618757,0.574177591121,0.121434221071
0.029049916982,0.696626192891,0.273491383461,0.000832506666202
0.231516701656,0.479527250778,0.0630132796793,0.225942767887
0.266202784685,0.522113374931,0.0400927675947,0.17159107279
0.148662622667,0.296623118724,0.214960074132,0.339754184477
0.007384968696,0.0446575555219,0.525016532667,0.422940943115
0.420358773999,0.471486812781,0.0599534713655,0.0482009418536
0.00647522713393,0.0172952436845,0.0780338269862,0.898195702195
0.518213416992,0.22745278864,0.253106841843,0.00122695252505
0.418547652211,0.238687276465,0.14797673302,0.194788338304
0.0837961616823,0.485691872781,0.403727230713,0.0267847348242
0.0271477923196,0.0852544291149,0.0805092997414,0.807088478824
0.240024491104,0.739853686622,0.0198716125443,0.000250209729372
0.243387173203,0.565981783896,0.184022687963,0.0066083549377
0.601297470229,0.242946156835,0.0027812509031,0.152975122033
0.0241157959513,0.932976046011,0.0341427626078,0.00876539542939
0.703662729405,0.00579959791194,0.00712526710189,0.283412405581
0.758855314426,0.0116830073642,0.0996748116071,0.129786866602
0.192862708085,0.250271061877,0.319649703605,0.237216526433
0.206086443145,0.00956223299255,0.610305332475,0.174045991387
0.010315373831,0.136330763504,0.778302347487,0.0750515151783
0.146142304958,0.157761595342,0.482455634889,0.213640464811
0.59776357112,0.073408304889,0.259710652778,0.0691174712134
0.025022429496,0.784747423007,0.186038579262,0.00419156823551
0.00906532135967,0.279118265961,0.693723944328,0.0180924683518
0.0398050772925,0.0165877529847,0.0316240330822,0.911983136641
0.0359565775999,0.0359924448842,0.916902990772,0.0111479867436
0.0812661254874,0.275393075505,0.419018168274,0.224322630734
0.699389049216,0.140883426582,0.0287924704233,0.130935053779
0.0949967898673,0.0347222173048,0.76355004735,0.106730945478
0.0115705836717,0.0208841019996,5.25625626012e-05,0.967492751766
0.0244339636051,0.342390158266,0.564034502364,0.0691413757654
0.0721692240729,0.476697756517,0.282967858151,0.16816516126
0.0750047153206,0.0885211209587,0.197389671025,0.639084492695
0.321396355905,0.584194855931,0.0593566568143,0.0350521313496
0.645904906851,0.0795050041283,0.25111781864,0.0234722703812
0.0118763583712,0.762968520134,0.00607532104554,0.219079800449
0.480671218873,0.0346129004982,0.235640989292,0.249074891337
0.0681346909725,0.175531787026,0.33744929406,0.418884227942