0.0099085220063,0.214110459484,0.712632215527,0.0633488029831
0.0142441422308,0.0638517154215,0.82749356928,0.0944105730673
0.323828120265,0.0185747462305,0.562995322859,0.0946018106452
0.644819755711,0.0467890123624,0.169612918341,0.138778313586
0.0147680847648,0.132317248024,0.796464636108,0.056450031103
0.0767072253124,0.163365284452,0.00923178860393,0.750695701632
0.0092391585405,0.30676675701,0.412015784194,0.271978300255
0.0777818238202,0.0354347503211,0.130552464872,0.756230960987
0.00565556619128,0.584642739958,0.0425195352404,0.36718215861
0.0765286579105,0.170265546189,0.349466363728,0.403739432172
0.00287063384821,0.00660337159954,0.00716810807703,0.983357886475
0.139652715515,0.517025745268,0.248364339039,0.0949572001786
0.0982935995299,0.14026990768,0.207548774155,0.553887718635
0.00879514511273,0.897022932842,0.0699549948608,0.0242269271846
0.648590205926,0.0839435105473,0.013605949409,0.253860334118
0.0501133960176,0.37676984145,0.0211518870161,0.551964875516
0.0970162828887,0.0486893042751,0.777659319839,0.0766350929971
0.657698550394,0.136112810845,0.122510488464,0.0836781502969
0.0407529161673,0.913111663876,0.0312812232405,0.0148541967165
0.195286208526,0.686377993257,0.114991661946,0.00334413627115
0.866893152558,0.00615364856045,0.0201591283161,0.106794070565
0.294445375015,0.0190763520371,0.397490266119,0.288988006829
0.199130960555,0.00251405987512,0.436492274222,0.361862705349
0.580392678897,0.0296729191313,0.329604506827,0.0603298951453
0.0482475932926,0.183575888889,0.741624582223,0.0265519355952
0.0798322421999,0.837880844778,0.070225394901,0.0120615181213
0.346214030922,0.120635989815,0.0329694573993,0.500180521863
0.0629387934303,0.112281969308,0.319287835305,0.505491401957
0.795199837326,0.0416270342228,0.0340555476575,0.129117580794
0.30730980687,0.249389797155,0.00119909103387,0.442101304941
0.16311191117,0.363562724738,0.422521638159,0.0508037259326
0.0579411669565,0.419440026061,0.104747239607,0.417871567375
0.0219781703898,0.512674576964,0.353475645118,0.111871607527
0.0549609494384,0.485935677822,0.162997228522,0.296106144217
0.555180622125,0.160944506589,0.082314271178,0.201560600108
0.0272595471184,0.00874718942889,0.0740839335371,0.889909329916
0.0688335096687,0.357732618186,0.27857999465,0.294853877496
0.285567530942,0.0026333474109,0.0732014641434,0.638597657504
0.0656437008293,0.192983067347,0.0840385235802,0.657334708243
0.000490535423523,0.000179302108363,0.000520314806985,0.998809847661