0.14387703382,0.135565432454,0.470174031513,0.250383502213
0.0972970023697,0.48280572573,0.100867829083,0.319029442817
0.467792310125,0.0229470540833,0.227251732039,0.282008903752
0.304722980291,0.607539941548,0.077185716646,0.0105513615146
0.415396619354,0.0240766363142,0.168059727716,0.392467016616
0.170198432146,0.225792227866,0.427813629045,0.176195710943
0.348202754466,0.101132410055,0.25902787133,0.291636964149
0.0277472846297,0.320292969918,0.388137921079,0.263821824374
0.136212847002,0.0519157382281,0.746435666961,0.0654357478086
0.726864811637,0.200168901747,0.0150401183927,0.0579261682234
0.0249279574307,0.461587939836,0.137086762345,0.376397340389
0.00450944927558,0.00317436252765,0.00362039300755,0.988695795189
0.00867687209036,0.262585742327,0.00974229978186,0.718995085801
0.0462910611473,0.000123267384611,0.28632679547,0.667258875998
0.286040125651,0.307598539156,0.181563640065,0.224797695128
0.292052507064,0.165775657888,0.53127521487,0.0108966201783
0.0209543312312,0.942089114682,0.0367531219783,0.000203432108203
0.282637916261,0.0527045236931,0.561760892978,0.102896667069
0.0579530126572,0.569759016789,0.00186924482725,0.370418725726
0.10486591617,0.0221222270206,0.262879787746,0.610132069063
0.812831213618,0.148737712902,0.00882052544828,0.0296105480316
0.0316212907466,0.679260222043,0.142773662703,0.146344824507
0.219027086819,0.149391131068,0.607145266035,0.0244365160784
0.0187926526396,0.667174850394,0.268964284676,0.0450682122904
0.152051859838,0.0425811689982,0.236340998943,0.56902597222
0.983664792868,0.00243182739692,0.00451979656535,0.00938358317013
0.298733586836,0.00015810684685,1.35317866895e-05,0.701094774531
0.674723426867,0.0694420501788,0.249551303135,0.0062832198186
0.828771979519,0.0826020268475,0.0730656727919,0.0155603208418
0.0583220447258,0.582638126214,0.0308379234156,0.328201905644
0.0730289975962,0.714097480851,0.123142183879,0.0897313376732
0.0649387737932,0.399453675796,0.129099026579,0.406508523832
0.175159525862,0.0310558512797,0.0656397632813,0.728144859577
0.27174167522,0.657061680641,0.0155256337093,0.0556710104301
0.247188879155,0.321923457501,0.05732529221,0.373562371134
0.0168689411504,0.770869901019,0.185800068475,0.0264610893562
0.220691655025,0.702690641337,0.0270061615687,0.04961154207
0.132698551599,0.00881641747322,0.815923431257,0.0425615996708
0.301553157494,0.121155248389,0.519563274491,0.057728319626
0.011467433356,0.00390619430667,0.967735808165,0.0168905641721