0.346611736803,0.363793402696,0.244355928427,0.0452389320732
0.126464568177,0.380582271092,0.250443646392,0.24250951434
0.110640937478,0.0203369026427,0.810327090698,0.0586950691817
0.586210395881,0.181236616429,0.213229904318,0.0193230833723
0.736994952843,0.0524094726951,0.0212275615573,0.189368012905
0.0907753310274,0.665470218328,0.123589928321,0.120164522323
0.153542313907,0.437696182308,0.224152490414,0.184609013371
0.0843673601781,0.146687990916,0.694100052527,0.0748445963787
0.0216771181604,0.542574823597,0.119820728769,0.315927329473
0.0028299741008,0.960364732338,0.0309733297059,0.00583196385513
0.0420121535572,0.289207763301,0.0291505249982,0.639629558144
0.141774194259,0.6494619036,0.010376103168,0.198387798974
0.00426720476084,0.416904786051,0.251514024977,0.327313984211
0.446245139541,0.320540794305,0.0166353405841,0.21657872557
0.77815567156,0.173162274611,0.0330878647432,0.0155941890857
0.111940563429,0.445026758155,0.123284608561,0.319748069855
0.180219245171,0.01653430307,0.375142077796,0.428104373963
0.0285788382257,0.0878655439735,0.852928189006,0.0306274287947
0.364221600343,0.0178593559864,0.00202092799489,0.615898115676
0.361727394675,0.0527440087219,0.105517381986,0.480011214617
0.0605161475198,0.912731082443,0.0146525002899,0.0121002697473
0.0879721612548,0.163053436477,0.319557031403,0.429417370865
0.0025436363862,0.61302027911,0.17874207261,0.205694011894
0.0185763162889,0.000116006855974,0.962629727151,0.0186779497037
0.0738591099594,0.068299965312,0.399673978307,0.458166946421
0.414281193246,0.0732899261411,0.499330887681,0.0130979929327
0.0106035802273,0.700756402275,0.166970481123,0.121669536374
0.253194265927,0.250764003931,0.311363302412,0.18467842773
0.00210236234797,0.122066151435,0.791094429315,0.0847370569018
0.343040954744,0.118724736314,0.0514330240578,0.486801284884
0.533500616965,0.0473302031328,0.234786245657,0.184382934246
0.644852055197,0.0111869945025,0.0883145632332,0.255646387067
0.00315031282625,0.0240963852919,0.0058209131089,0.966932388773
0.0310263348414,0.0460753178382,0.00125373801589,0.921644609305
0.192465180328,0.568083266066,0.228462431803,0.0109891218033
0.435853297666,0.307919372949,0.220901853173,0.0353254762117
0.0243811822537,0.306051526722,0.0204944861202,0.649072804904
0.480297170304,0.277393273717,0.223847668336,0.0184618876436
0.000360315845849,0.746280745369,0.18044667731,0.0729122614749
0.308475599893,0.0049867863119,0.606818438172,0.079719175623