0.0874206821052,0.0916302532296,0.0614937048426,0.759455359823
0.00331269143764,0.723251326298,0.260007737449,0.0134282448151
0.262434802651,0.0872636473338,0.408294007516,0.242007542499
0.04551537754,0.7044144797,0.208116453206,0.0419536895533
0.0227613150553,0.137622442527,0.596334500104,0.243281742314
0.0881612975712,0.172234189794,0.0298220116304,0.709782501004
0.525550857842,0.341301908144,0.0377320245678,0.0954152094455
0.0365936661994,0.0364939103964,0.423393904133,0.503518519271
0.0121683956684,0.220658234824,0.142629455474,0.624543914034
0.0795433372477,0.0594850180627,0.818419335226,0.0425523094634
0.0874920649308,0.0885422565447,0.0587672263959,0.765198452129
0.399434157677,0.000349219125533,0.600017648349,0.000198974848669
0.446411211135,0.0169744984657,0.0218271621187,0.514787128281
0.349303979421,0.0348855318102,0.0959959791208,0.519814509648
0.149227568554,0.361993791248,0.00902653831903,0.479752101879
0.0386330935047,0.839696165485,0.113898120189,0.007772620822
0.929558813825,0.00726561470743,0.0220369918261,0.0411385796414
0.13072325313,0.595850447092,0.0212799004443,0.252146399334
0.114846401044,0.382256056753,0.249263705789,0.253633836414
0.951357963291,0.00743135789417,0.0047138758333,0.0364968029818
0.00198276469,0.510151832737,0.00389861364102,0.483966788932
0.00699250718107,0.0469722910123,0.432881817552,0.513153384255
0.191787459373,0.327516593855,0.0630050096793,0.417690937092
0.152942145656,0.00242603894767,0.0551152026791,0.789516612718
0.0316577431297,0.106302811708,0.147760183159,0.714279262004
0.162711735757,0.244410218474,0.113108909618,0.479769136151
0.0334291574549,0.0370329408927,0.0566818679265,0.872856033726
0.361647543633,0.194636007406,0.327597475063,0.116118973898
0.338472816176,0.032130483143,0.464720191307,0.164676509375
0.776237964586,0.0521165696941,0.139038097926,0.0326073677944
0.315564190499,0.529700675701,0.139851734724,0.0148833990762
0.00598089234578,0.133333760844,0.0343679618199,0.826317384991
0.0334340570515,0.582786042317,0.120773829788,0.263006070844
0.474893683866,0.0858711457854,0.125706467873,0.313528702475
0.00723506288515,0.0287956616791,0.0210724719492,0.942896803487
0.262071657836,0.0327828605444,0.408810516439,0.29633496518
0.55262370114,0.227217816713,0.181240025388,0.0389184567597
0.036392711859,0.0590008254316,0.268768150718,0.635838311992
0.0412046880061,0.133551716015,0.0235137146833,0.801729881295
0.000151245710488,0.194870316448,0.0275283870997,0.777450050741