0.310413551054,0.0890668360213,0.528174286216,0.0723453267089
0.416458678949,0.00801038144042,0.0654600575179,0.510070882093
0.00919456140164,0.141796560781,0.191148868607,0.65786000921
0.0848301506743,0.431776297671,0.182799926254,0.3005936254
0.566119630179,0.0417384968601,0.0964785833615,0.2956632896
0.272595928288,0.549155672667,0.166196787461,0.0120516115844
0.453626058124,0.140117584131,0.157814895075,0.24844146267
0.324432438987,0.338981691013,0.303550156329,0.033035713671
0.195395164746,0.479211054126,0.0873167523874,0.23807702874
0.0212785274685,0.851478734284,0.0269710074755,0.100271730772
0.225481108611,0.115555187697,0.487283856572,0.171679847121
0.268398007777,0.000748186748907,0.0303937585565,0.700460046917
0.0127884073187,0.0400526653053,0.0737880401949,0.873370887181
0.287323503211,0.354296075678,0.182850821752,0.175529599358
0.191311093358,0.425141755646,0.312039055107,0.0715080958901
0.0784369735219,0.0392680389432,0.59655981623,0.285735171305
0.00461481609872,0.1101979566,0.00330227498776,0.881884952313
0.29016860613,0.0581261562484,0.0435346843375,0.608170553285
0.326408574507,0.16382949798,0.49700912197,0.0127528055426
0.0233488282598,0.543303993538,0.136529129654,0.296818048548
0.112573375746,0.167732803437,0.175332940053,0.544360880764
0.0562626391498,0.071082611515,0.425323899431,0.447330849904
0.0857621808372,0.441743861258,0.298802560069,0.173691397835
0.255418710194,0.407777783398,0.0345023352558,0.302301171152
0.301591651778,0.506435566385,0.126521914242,0.0654508675948
0.345889450312,0.48554310248,0.0788336615881,0.0897337856202
0.000753741958798,0.96498272457,0.00112523813621,0.0331382953349
0.283523350426,0.124823427594,0.322212966855,0.269440255125
0.328401170835,0.554380863994,0.0336606260908,0.0835573390807
0.891632029995,0.0329246119509,0.0291484493269,0.0462949087274
0.0547391621418,0.0933696376607,0.220199595885,0.631691604313
0.231517391612,0.199422928974,0.230408633459,0.338651045954
0.0369425960138,0.1034410618,0.495265433284,0.364350908902
0.152018517964,0.17749569927,0.152318166775,0.518167615991
0.155935046654,0.114926144477,0.661227179271,0.0679116295976
0.0195802291188,0.782366561479,0.036674788905,0.161378420497
0.144231178542,0.256904297701,0.57385478636,0.0250097373967
0.0154435015235,0.269574493395,0.652852303826,0.062129701255
0.740015191508,0.0050427360543,0.254901253569,4.08188680587e-05
0.230454959208,0.605283822156,0.0280099610977,0.136251257538