0.03390654556,0.0116519916403,0.0238102461426,0.930631216657
0.00479788881555,0.290390471108,0.0542527003492,0.650558939727
0.0575158760007,0.0803949336262,0.743085730071,0.119003460302
0.289438308349,0.547655545423,0.158983182805,0.00392296342309
0.000846354486543,0.211217499794,0.758648971191,0.0292871745282
0.595309124661,0.12372455234,0.242285013765,0.0386813092341
0.0596757978842,0.360505307997,0.0659369394206,0.513881954698
0.129236515387,0.158614840365,0.511645551942,0.200503092306
0.159221527906,0.128389637076,0.462723999737,0.249664835281
0.0315897980239,0.0362907470431,0.831162485552,0.100956969382
0.447373891157,0.1950813383,0.033985685892,0.32355908465
0.0875822838072,0.191409668758,0.0490127538351,0.6719952936
0.1451661031,0.133352331823,0.530792650756,0.190688914321
0.0102761728974,0.00391283825923,0.0138074567847,0.972003532059
0.0903787205535,0.0734921925858,0.822813866162,0.0133152206988
0.727390092924,0.010772863696,0.023281455743,0.238555587637
0.599980460155,0.130351296157,0.267180892362,0.00248735132629
0.0049885905517,0.0149740134247,0.712997459576,0.267039936448
0.162396838886,0.0491338050047,0.6200067856,0.168462570509
0.0604856003435,0.390016121212,0.202294159339,0.347204119105
0.94471797529,0.0122911885322,0.0341315134278,0.00885932275039
0.0291818113176,0.260695185515,0.69851973966,0.0116032635071
0.235191007214,0.263543085974,0.193736150857,0.307529755956
0.173122321832,0.04119006797,0.443904748594,0.341782861604
0.0774478827684,0.0904781878953,0.827652191968,0.00442173736859
0.0705327460146,0.121757569634,0.631122717092,0.176586967259
0.575455647428,0.208716648822,0.181483059923,0.0343446438266
0.0280403665128,0.196831617,0.769568962197,0.00555905429054
0.370437216902,0.488907676666,0.0421665720878,0.0984885343438
0.137831485777,0.313716499017,0.0870998286121,0.461352186593
0.500156349669,0.438907010548,0.0106937828165,0.0502428569669
0.167009630793,0.477008701156,0.138554365447,0.217427302604
0.0214335345184,0.772205254385,0.122681660732,0.0836795503647
0.200326001282,0.714784518226,0.0364501850019,0.0484392954897
0.0161610391722,0.654073199113,0.321799465094,0.00796629662121
0.694963004101,0.017317514692,0.047931913662,0.239787567545
0.0777725589205,0.00962917162059,0.702752387342,0.209845882117
0.494093469215,0.0313542367985,0.116577245355,0.357975048631
0.0431587111633,0.223114766628,0.618422981862,0.115303540347
0.0102886720304,0.0389285221114,0.282025067321,0.668757738537