0.0040407497401,0.0738148415745,0.907905305434,0.0142391032516
0.549921183735,0.145371620075,0.0270680006105,0.277639195579
0.151552207117,0.131880472159,0.0765900605889,0.639977260135
0.103269992878,0.0187012490325,0.783314580424,0.0947141776654
0.876004101127,0.0796477687127,0.0155399023574,0.0288082278027
0.114969669834,0.394793724692,0.389028362572,0.101208242902
0.0223762163821,0.058657230274,0.168605687519,0.750360865824
0.867585781501,0.0499763520076,0.00280990305404,0.0796279634375
0.153689377492,0.374770929456,0.0502862125312,0.421253480522
0.0217242483588,0.766741599701,0.0533059714636,0.158228180477
0.216041051607,0.0662359376362,0.122569415937,0.59515359482
0.113678325785,0.834068385926,0.0517486430473,0.00050464524162
0.0295393438318,0.185872553072,0.568096832637,0.216491270459
0.760789122043,0.000779216514032,0.00331885850147,0.235112802941
0.0204976251342,0.0764169249442,0.748331094445,0.154754355477
0.0197298425752,0.487296411116,0.274550933965,0.218422812343
0.0112973135663,0.329472122796,0.523826797783,0.135403765854
4.21328636793e-05,0.00405202111054,0.952669078121,0.0432367679049
0.000133170099046,0.978006572939,0.0132960271469,0.00856422981558
0.626592316222,0.02671351665,0.224697247431,0.121996919696
0.0483007953483,0.287760470507,0.0927030426495,0.571235691495
0.473775732325,0.0591392033953,0.347525896393,0.119559167887
0.462797347838,0.0924650583702,0.0365225188948,0.408215074897
0.0111176080402,0.617403026008,0.0117725063934,0.359706859559
0.74780816292,0.0338305532656,0.208879672318,0.00948161149634
0.29597256884,0.283992155158,0.145212720614,0.274822555387
0.438561332926,0.127940008473,0.272440932041,0.16105772656
0.241255246921,0.252711445671,0.0195768723838,0.486456435024
0.138043743997,0.247900177795,0.229332030172,0.384724048035
0.197348920959,0.281747552163,0.0915873738973,0.429316152981
0.188675938793,0.0820729904993,0.660005869299,0.0692452014084
0.262240978203,0.0906474616394,0.258184574019,0.388926986139
0.0201030768086,0.130389543931,0.736351403204,0.113155976057
0.475388217863,0.0325307719266,0.491181930543,0.000899079667786
0.0348443653441,0.0388332192685,0.0273800335182,0.898942381869
0.00460821286547,0.00825994590784,0.954359840723,0.032772000504
0.528707003794,0.0705968465213,0.0262757504465,0.374420399238
0.00118573225218,0.00863158826656,0.0792521030021,0.910930576479
0.0350201226691,0.207955136211,0.136493088256,0.620531652864
0.00263301852407,0.00721419024517,0.990118036264,3.47549670605e-05