0.396553624726,0.391167809712,0.18784825473,0.0244303108314
0.0711222808007,0.244168613832,0.586560022252,0.0981490831153
0.107606175336,0.723454655205,0.00988983284302,0.159049336616
0.320139298806,0.222294388541,0.429142419105,0.0284238935479
0.367513396852,0.316803840839,0.243089903001,0.0725928593088
0.535394217808,0.166748140632,0.24755394513,0.05030369643
0.938154556352,0.00223419929462,0.0231500609412,0.0364611834127
0.779343355465,0.00838778214905,0.205158426344,0.00711043604244
0.72338548583,0.0509165686999,0.130349947469,0.0953479980014
0.0596212439912,0.220073993532,0.235414597437,0.48489016504
0.0210384904823,0.0160094591548,0.590557523152,0.372394527211
0.467173435823,0.226506243113,0.185924534073,0.120395786991
0.593144256671,0.0374906079759,0.00493395625845,0.364431179095
0.503315015736,0.0320625044503,0.122088788935,0.342533690879
0.910221457071,0.009394855792,0.0294660094987,0.0509176776385
0.0959267822792,0.0213706735345,0.801137731275,0.0815648129116
0.115883080707,0.149329263854,0.250038815653,0.484748839786
0.359391288908,0.455186264678,0.0546290247636,0.130793421651
0.187294662916,0.138643758939,0.537090622088,0.136970956057
0.194472621681,0.248394257197,0.445388485307,0.111744635815
0.176530579979,0.149017511268,0.362528573731,0.311923335022
0.250024341872,0.211372342175,0.0478681463564,0.490735169596
0.101422911226,0.523818217631,0.174368526945,0.200390344198
0.0136395232759,0.105106818863,0.704385573147,0.176868084715
0.435828201986,0.444354042387,0.0896487143253,0.0301690413018
0.23964045732,0.239210506478,0.211437300283,0.309711735919
0.0159901175086,0.0478742870675,0.161881004322,0.774254591101
0.0216802685571,0.705455569173,0.109829520842,0.163034641428
0.0304342556962,0.014444981329,0.0108143565637,0.944306406411
0.684992074495,0.147211617081,0.0964290366694,0.0713672717546
0.0487627492934,0.000723459094976,0.846476072517,0.104037719095
0.0771171707232,0.667604513731,0.00504814015621,0.25023017539
0.983371057856,0.00600029255897,0.00523386205957,0.00539478752552
0.431456884959,0.0167364065258,0.168790949673,0.383015758842
0.0154738610048,0.196508695457,0.695287625676,0.0927298178625
0.572779717621,0.166332432603,0.244750020769,0.016137829006
0.216826270238,0.276699163105,0.0251284538964,0.481346112761
0.174892108226,0.0369419626589,0.679260804062,0.108905125053
0.00149052378681,0.367116207822,0.624579836633,0.00681343175903
0.350909825246,0.185424353898,0.251477952114,0.212187868741