0.736119074735,0.0513294151547,0.111841538082,0.100709972028
0.0124118612767,0.100316647212,0.883645966689,0.00362552482193
0.0199196156204,0.159183061648,0.749485473367,0.0714118493648
0.872739490451,0.0302540591642,0.0834715770869,0.013534873298
0.0610508976501,0.0800223226796,0.510657916986,0.348268862684
0.0780851013767,0.531078725987,0.332277470434,0.0585587022018
0.171300939907,0.0884534918221,0.113998288273,0.626247279998
0.0222609594093,0.0454830811212,0.19837819685,0.733877762619
0.310156095529,0.0364186876744,0.466642922286,0.186782294511
0.0151881876752,0.00332127740284,0.00228731533487,0.979203219587
0.00687123000527,0.286960601582,0.704106209632,0.00206195878012
0.179145027982,0.468954141846,0.180999540947,0.170901289225
0.342296431625,0.250310242736,0.287215818767,0.120177506872
0.160418438301,0.279973070837,0.198390699039,0.361217791823
0.356510865316,0.0516993046211,0.163280726035,0.428509104028
0.11771628391,0.312180348978,0.445561003637,0.124542363475
0.793349420342,0.138852316168,0.0453668053864,0.0224314581039
0.51207776528,0.429674511525,0.00319820748832,0.055049515707
0.0103300058669,0.065392338669,0.0804880631524,0.843789592312
0.028161345005,0.111833507252,0.385034870331,0.474970277412
0.121087568315,0.831249120125,0.0395613445081,0.00810196705157
0.177755386457,0.270901236099,0.0606903641833,0.490653013261
0.0974409070807,0.282457726948,0.0578393837018,0.562261982269
0.0029073880733,0.173130629804,0.0893151969471,0.734646785176
0.0209925130678,0.327947422885,0.481086194429,0.169973869618
0.108457079098,0.075437169954,0.653907135286,0.162198615662
0.189741122052,0.012693104216,0.588467142694,0.209098631038
0.00251799536882,0.0553035457295,0.904796267639,0.037382191263
0.115647943023,0.0595793814091,0.802564712272,0.0222079632953
0.4933374103,0.171512802677,0.320491437322,0.0146583497005
0.916732588558,0.0151983599774,0.0613666145144,0.00670243695012
0.0163540723719,0.975792163685,0.00674558232459,0.00110818161835
0.00344702250527,0.987545681573,0.00466681584828,0.00434048007307
0.201459287478,0.207305919184,0.557247451313,0.0339873420245
0.0157422015469,0.0254617553932,0.0206135815877,0.938182461472
0.0842810849682,0.319918953624,0.0222809099742,0.573519051434
0.396278660478,0.398353817325,0.000616619200898,0.204750902997
0.0108381795821,0.967303008304,0.020335289016,0.00152352309757
0.0105391487272,0.976461212999,0.0102921934661,0.00270744480799
0.21472724867,0.080564492636,0.445217744992,0.259490513702