0.234308898133,0.570154151453,0.0216296884019,0.173907262013
0.572965074614,0.255905989859,0.134853333759,0.0362756017677
0.206713829353,0.756754727917,0.00821799487711,0.0283134478526
0.00794621575983,0.455802499821,0.0571410989039,0.479110185516
0.189620040474,0.305484992011,0.147035386421,0.357859581094
0.0306790490296,0.281352611535,0.0144741904054,0.67349414903
0.20291514957,0.250712387149,0.105341635768,0.441030827513
0.0200528370854,0.902328896193,0.0394469399043,0.0381713268172
0.980724401026,0.0158097614779,0.00297258812408,0.000493249372418
0.367641626492,0.425474264317,0.0531552095781,0.153728899613
0.01284601206,0.282535537934,0.052512287756,0.65210616225
0.0175673919074,0.024919999998,0.411397197018,0.546115411077
0.0397376653024,0.953795015125,0.0030150301948,0.00345228937748
0.193722637725,0.143530858522,0.266178845768,0.396567657984
0.0260720092967,0.629521803739,0.0635740383769,0.280832148587
0.0127065400757,0.101110160002,0.290940999698,0.595242300225
0.0453766423893,0.731265321641,0.134007386296,0.089350649674
0.70219022437,0.0662485957364,0.180473928777,0.0510872511164
0.0283144828347,0.00607278570542,0.96502914816,0.000583583299723
0.33938386805,0.207271415519,0.193699129232,0.259645587199
0.458010652771,0.0913577992994,0.437611072828,0.0130204751022
0.828881789002,0.0150552884448,0.0353564681475,0.120706454406
0.0276018923218,0.0324911026025,0.279897620764,0.660009384312
0.72314471487,0.168474051471,0.0297954278612,0.0785858057974
0.0454425704623,0.835450810658,0.0191995696996,0.0999070491797
0.505131407274,0.203867807079,0.21862210397,0.0723786816768
0.0795375105972,0.0670180502423,0.444664195019,0.408780244142
0.13716071063,0.49254244821,0.0588221363406,0.31147470482
0.0114492966633,0.0263479287327,0.874366533444,0.08783624116
0.244632701877,0.119415044802,0.359882986485,0.276069266836
0.965709254833,0.0186163662083,0.00181782978489,0.0138565491738
0.209431397271,0.617228408912,0.140519067,0.0328211268173
0.251834699246,0.195793002079,0.20678682339,0.345585475286
0.0218802161028,0.111607987902,0.000168537944306,0.866343258051
0.143286313256,0.57444218619,0.151704403089,0.130567097465
0.730489652739,0.0673071206354,0.10049407871,0.101709147916
0.0369272682827,0.148505148771,0.566223162533,0.248344420413
0.642732050931,0.0264011686708,0.215100990162,0.115765790237
0.313231184511,0.323334271036,0.10492955092,0.258504993533
0.101630798924,0.145529371548,0.154858636438,0.59798119309