0.0383909475953,0.422354408473,0.00457291586934,0.534681728062
0.96091746001,0.0370764880507,0.000307938032631,0.00169811390658
0.0967022136903,0.176849039909,0.617262413377,0.109186333023
0.472762976448,0.0566057672367,0.233680576393,0.236950679922
0.937534396671,0.0429827809909,0.0153641556129,0.00411866672532
0.352739045086,0.0839788175274,0.423685074623,0.139597062764
0.359910201821,0.0894107115098,0.453713509229,0.0969655774392
0.166419932271,0.0309736667928,0.188677538771,0.613928862165
0.00647324304319,0.942342443298,0.0080711253716,0.0431131882872
0.0805026645447,0.184361051923,0.687292537643,0.0478437458892
0.00327556362122,0.0715857551023,0.879079467247,0.0460592140297
0.222885700221,0.184695956008,0.117410428052,0.475007915719
0.0861203894288,0.108820610871,0.40134872744,0.403710272261
0.0265581148027,0.646318907944,0.291662267095,0.0354607101583
0.626010810578,0.327861953386,0.00973917399887,0.0363880620371
0.00656910099482,0.668543647805,0.318567270371,0.00631998082895
0.0987518363809,0.303379140312,0.148782839117,0.44908618419
0.0281332589266,0.103111666606,0.856548876472,0.0122061979953
0.0187382621846,0.251493299155,0.0388035278749,0.690964910786
0.0940470194496,0.0633087349395,0.168379194702,0.674265050909
0.523958835868,0.365785148511,0.0779064138459,0.0323496017744
0.0145838199472,0.863512929781,0.00442700483546,0.117476245437
0.705345855969,0.0222778486252,0.255956408249,0.0164198871561
0.377301098759,0.292635994484,0.299328542082,0.0307343646753
0.00703583437264,0.881262386695,0.0699987721165,0.041703006816
0.0192689716418,0.535781467984,0.000883972591178,0.444065587783
0.222961311099,0.7456546163,0.00852445721082,0.02285961539
0.278404787399,0.0054184526919,0.689895318544,0.0262814413651
0.0145399538997,0.163732240647,0.300405157269,0.521322648184
0.385422560871,0.529829918921,0.0179351978681,0.0668123223402
0.335858315246,0.505829833228,0.0834310401873,0.0748808113388
0.19570720611,0.278964676478,0.180131680601,0.345196436811
0.26659644832,0.649375732679,0.0167942248662,0.0672335941344
0.0159820164518,0.252102564906,0.5599306509,0.171984767743
0.0444321009519,0.0809990949447,0.801004545833,0.0735642582703
0.523678850404,0.208138062657,0.0507001222905,0.217482964649
0.233322036501,0.111217276527,0.246034510613,0.409426176359
0.264461122174,0.19075291893,0.0453554017548,0.499430557141
0.0280049096041,0.00785171060422,0.169372661438,0.794770718353
0.194458476773,0.583635152986,0.21401672301,0.00788964723003