0.116393550958,0.37045513627,0.224111071583,0.289040241189
0.471306773755,0.13666600486,0.344368755981,0.0476584654034
0.0304284124614,0.0514374236824,0.894975124705,0.0231590391514
0.269697929824,0.56726141994,0.0552018842666,0.107838765969
0.208926677001,0.0203995556056,0.403528126161,0.367145641233
0.630784929266,0.265743825371,0.0573014181538,0.0461698272097
0.154857461444,0.217636494549,0.528890055693,0.0986159883135
0.0565499409872,0.529702606915,0.319092016338,0.0946554357597
0.0942267371014,0.00507498831363,0.8309351646,0.0697631099849
0.790102166035,0.0186262755173,0.00832453446226,0.182947023986
0.160914777188,0.0914864854763,0.024987089794,0.722611647542
0.7670419196,0.133006739891,0.0987011920051,0.00125014850336
0.842364772552,0.0113175678896,0.145746114626,0.000571544932071
0.131863427906,0.396161086386,0.124933198277,0.347042287431
0.00393704136332,0.130933741637,0.102890318488,0.762238898513
0.000391812968448,0.856256110526,0.0457340158978,0.0976180606078
0.00451187864458,0.235223507412,0.295893174182,0.464371439761
0.136801779672,0.177230129176,0.629688626443,0.0562794647095
0.398824216593,0.0802213221206,0.461474616373,0.0594798449136
0.0841388097412,0.0783421724199,0.809832139562,0.027686878277
0.78503814827,0.0300505677817,0.00559674618769,0.17931453776
0.00569613511887,0.000850948554955,0.0139551308736,0.979497785453
0.940352983205,0.0384067814781,0.0101373432707,0.0111028920458
0.000200137671987,0.0113689317203,0.969094247625,0.0193366829826
0.0431587824969,0.225230058926,0.117316459872,0.614294698705
0.0395571856792,0.0214561300352,0.0614864103127,0.877500273973
0.116217871904,0.0220460915704,0.248350132543,0.613385903983
0.277615523048,0.122996486728,0.212059373533,0.38732861669
0.141000947946,0.00361940105998,0.0116098208094,0.843769830184
0.0170979515525,0.0759500863226,0.85700104756,0.0499509145647
0.371844818525,0.254887671807,0.287156501961,0.0861110077072
0.091292920059,0.648178250057,0.00599568521435,0.254533144669
0.405094907947,0.0531065488334,0.0160759677253,0.525722575495
0.00757808712733,0.219984128592,0.092212793789,0.680224990492
0.0218974738543,0.513785398959,0.26954174992,0.194775377267
0.789124329192,0.0272941469697,0.148959478438,0.0346220454004
0.199807400327,0.323119790437,0.42915200731,0.0479208019258
0.318010470007,0.172231996443,0.12348372933,0.38627380422
0.140452822278,0.017647713571,0.414325868035,0.427573596115
0.0164076561773,0.0353145350975,0.825912062123,0.122365746602