0.0136544747306,0.0012309096101,0.757442039694,0.227672575965
0.0053547854777,0.00837927825181,0.917362439147,0.0689034971238
0.0131781366173,0.892486519231,0.0721921331168,0.0221432110348
0.0801263884441,0.434215742137,0.0377667630212,0.447891106398
0.170466756502,0.159706841142,0.364082996289,0.305743406066
0.149262334608,0.0408666745931,0.675084756853,0.134786233946
0.0921418611712,0.543665610466,0.14171052307,0.222482005293
0.226893208422,0.0598585687887,0.261052366699,0.452195856091
0.287035501206,0.35000945186,0.0601580931304,0.302796953804
0.913491665003,0.000886801279599,0.0358542040053,0.0497673297119
0.0338403406126,0.417541774201,0.510146361504,0.0384715236815
0.0965336753843,0.474544857485,0.138734965429,0.290186501702
0.267973658671,0.427031954434,0.0381157007374,0.266878686158
0.276738361721,0.383593740027,0.0426231809762,0.297044717276
0.0615955313384,0.853127840193,0.0582784753574,0.0269981531111
0.101558623724,0.0130422219,0.0433569792141,0.842042175161
0.283711344474,0.490454374404,0.163836065925,0.0619982151972
0.272692349462,0.00921610439015,0.00410407510543,0.713987471042
0.325469379963,0.313715517177,0.201058527187,0.159756575673
0.594948781155,0.214895293071,0.170101722209,0.0200542035648
0.219970800496,0.1169047263,0.215408097663,0.447716375541
0.330674143429,0.0780604977464,0.000715091811565,0.590550267013
0.0322201717936,0.011591136963,0.868924523615,0.0872641676285
0.139823881745,0.1593186595,0.00873927776985,0.692118180985
0.0231999328497,0.120537553203,0.00761014510627,0.848652368841
0.241563132022,0.173545773856,0.185996370188,0.398894723934
0.050463100246,0.453558441201,0.0121493192258,0.483829139327
0.562061946884,0.113864282445,0.103396018503,0.220677752168
0.03962249826,0.359805979636,0.233652309579,0.366919212525
0.0386396895547,0.0584616093126,0.300126256187,0.602772444945
0.0608758922127,0.872061094624,0.00146615060805,0.0655968625548
0.079910516414,0.279390099173,0.161655702747,0.479043681666
0.33324056474,0.329792746542,0.149542160166,0.187424528552
0.175536325056,0.00497884152552,0.545485687799,0.27399914562
0.274408753762,0.177793319379,0.16028396527,0.387513961588
0.401588990627,0.221326083527,0.17869848696,0.198386438886
0.160381776277,0.125015596586,0.599002530005,0.115600097132
0.379510636857,0.576660096663,0.0216037631346,0.0222255033459
0.125237481019,0.395283578242,0.414400437533,0.0650785032057
0.0902395586147,0.619657108655,0.0853034458504,0.20479988688