0.860241201035,0.133364261681,0.00116995015972,0.00522458712489
0.795340799626,0.00329077687895,0.0120298640052,0.18933855949
0.12590515319,0.024667020954,0.152583915442,0.696843910415
0.420312232706,0.0319179583928,0.298496189294,0.249273619607
0.00163034098001,0.97038254976,0.0260915560465,0.00189555321382
0.146193201445,0.0175330596647,0.813804974416,0.0224687644743
0.0902290154522,0.297694628295,0.456933642162,0.155142714091
0.543493219002,0.35725694515,0.00781342677716,0.091436409071
0.0429380633262,0.145356675889,0.706979533481,0.104725727304
0.54894622361,0.144176628111,0.296639167557,0.0102379807214
0.057872803824,0.191489995732,0.147073785362,0.603563415082
0.121968253018,0.295757856129,0.437783581251,0.144490309601
0.37552061357,0.0761067217117,0.278787402821,0.269585261897
0.0415001495154,0.173360827727,0.736379430695,0.0487595920631
0.126196383007,0.802984347516,0.053715232162,0.017104037315
0.5115386282,0.211587150555,0.159332057511,0.117542163734
0.341108202165,0.115263032887,0.0601261516839,0.483502613265
0.00883089789165,0.00915145325685,0.751381177164,0.230636471687
0.108902641575,0.674680570446,0.15309734835,0.0633194396291
0.219212259172,0.768022588658,0.0115418014286,0.00122335074124
0.762425422089,0.051830594658,0.167038123527,0.0187058597257
0.124128804262,0.775921263994,0.0726856673465,0.0272642643974
0.266598482523,0.589358708057,0.0935346311657,0.050508178254
0.16107336067,0.230535674352,0.368350428068,0.24004053691
0.458006321372,0.205026612168,0.270041737214,0.0669253292466
0.0856509956603,0.0400981810033,0.846463359851,0.0277874634856
0.0457309735977,0.264414038534,0.241727665295,0.448127322573
0.866073084483,0.0452537671131,0.0802161095723,0.00845703883206
0.195079642851,0.620630584404,0.100491059245,0.0837987134999
0.0415430107693,0.0239069718915,0.655424750106,0.279125267233
0.591049129694,0.235580423044,0.142974445035,0.0303960022278
0.219591229726,0.0558930391552,0.625177904002,0.0993378271166
0.71174867949,0.182944085914,0.00466667844684,0.100640556149
0.725486231459,0.00414452773746,0.000674843189988,0.269694397614
0.0594066106008,0.386734895151,0.377651309065,0.176207185184
0.43912942895,0.0354881715825,0.230707689139,0.294674710328
0.00082086218338,0.00201873567878,0.987676792278,0.00948360986024
0.00248870297357,0.0699258517027,0.13608777157,0.791497673754
0.00571921436196,0.0125035850532,0.951256658459,0.030520542126
0.913551910736,0.0215399392497,0.0428759062428,0.022032243772