0.145301524781,0.412932946274,0.372610830567,0.0691546983771
0.194415003192,0.301888219539,0.230956992169,0.2727397851
0.19103310578,0.0559217211308,0.730358688881,0.0226864842077
0.0370239268582,0.115731640505,0.649337594754,0.197906837883
0.180598405166,0.365372586952,0.160914967858,0.293114040024
0.142452064664,0.667838215562,0.163073991498,0.0266357282755
0.645848513559,0.318598259146,0.00142637865127,0.0341268486436
0.279019761472,0.140374440463,0.456624123962,0.123981674103
0.698830333881,0.0349748209431,0.193206695172,0.072988150004
0.00753597559795,0.239572946065,0.741949807746,0.0109412705911
0.0183149688375,0.843398957265,0.126078374252,0.0122076996454
0.124101709242,0.394959954545,0.238235642105,0.242702694107
0.251211583839,0.137645774565,0.225716538918,0.385426102678
0.0501019599453,0.0552094424473,0.0995250869746,0.795163510633
0.111381142643,0.381074728062,0.139810189099,0.367733940197
0.0689270231385,0.11379847375,0.214626522668,0.602647980444
0.0988716681118,0.583564721066,0.282827423279,0.0347361875429
0.254944679248,0.727175175559,0.0157830339324,0.00209711126141
0.604718865553,0.159981609025,0.22740842252,0.0078911029026
0.990772622738,0.000252094366691,6.34205853543e-07,0.00897464868949
0.585977149545,0.0510325554107,0.113402987747,0.249587307297
0.283794793895,0.365978564461,0.195757345133,0.154469296511
0.541830473624,0.099020501882,0.254224496041,0.104924528453
0.0172176449668,0.0502814994508,0.116087534844,0.816413320739
0.0353697525935,0.773171890279,0.0411750797841,0.150283277343
0.25839855995,0.0351483385267,0.0100525598025,0.696400541721
0.268965222561,0.137997748066,0.0959089392487,0.497128090124
0.210263167618,0.230175601146,0.124969069646,0.434592161591
0.271904716247,0.683574715733,0.025511951913,0.0190086161069
0.327391075328,0.220779592665,0.0433101416547,0.408519190352
0.0367357818036,0.145776482518,0.373797905589,0.44368983009
0.00612429632953,0.876201107801,0.0167666108292,0.100907985041
0.0529378365095,0.710485830694,0.144100953626,0.0924753791701
0.590931195766,0.0313882758426,0.337607638702,0.0400728896887
0.147363715007,0.733095372218,0.0498086256715,0.0697322871036
0.50491660298,0.113373500287,0.178129356427,0.203580540306
0.804666666499,0.0159587952528,0.104587263667,0.0747872745811
0.0705911389193,0.865573198766,0.0282703759776,0.0355652863368
0.323995356207,0.183266606532,0.315865658794,0.176872378466
0.0119656653237,0.0269335293164,0.04196710869,0.91913369667