0.507000992246,0.483923017716,0.00883304078522,0.000242949252595
0.143992373228,0.636915265501,0.169956153143,0.049136208127
0.011461599044,0.859112240118,0.0750072485754,0.0544189122621
0.523842901799,0.134184645147,0.166455658482,0.175516794573
0.157013039591,0.312192975591,0.415151488561,0.115642496256
0.00442352747754,0.0274052472149,0.00952230475916,0.958648920548
0.0186815321776,0.462585592992,0.123452017016,0.395280857814
0.438862253681,0.0188687228138,0.516826319389,0.0254427041158
0.273328910639,0.0107004926538,0.0190112467981,0.696959349909
0.0142402038511,0.159414731133,0.784724962263,0.0416201027527
0.0439831577013,0.0232217674392,0.35464038858,0.57815468628
0.00835031840248,0.0121965827201,0.567355147514,0.412097951363
0.129079694558,0.00380032418044,0.00819330746267,0.858926673798
0.148357462454,0.0346839988182,0.65401547561,0.162943063118
0.791025942898,0.0917374509426,0.0997029105644,0.0175336955946
0.00995899338674,0.861197865382,0.122718638226,0.00612450300591
0.212352477344,0.0247928274053,0.0503760928864,0.712478602364
0.0327082426281,0.845720734614,0.0538237531436,0.0677472696139
0.198743031753,0.0934504842262,0.0959392018951,0.611867282125
0.246533628697,0.28712905593,0.0835404372982,0.382796878075
0.454907872134,0.215141240895,0.228064602062,0.101886284909
0.00112013577895,0.0116916389941,0.103646269398,0.883541955829
0.0617100287718,0.153800202701,0.437186906384,0.347302862143
0.210406600623,0.267988420224,0.394377241702,0.12722773745
0.661255487548,0.0277343427115,0.210417950999,0.100592218742
0.0132079078912,0.981807373069,0.00248245928163,0.0025022597584
0.410115449965,0.189310650629,0.331443348021,0.069130551384
0.610021911752,0.333600155122,0.00971073980647,0.0466671933199
0.148464688903,0.289162069007,0.110853903862,0.451519338228
0.829840926708,0.0647481846442,0.0901886659553,0.0152222226924
0.116731714595,0.66898129121,0.00373772332706,0.210549270867
0.0303318526179,0.852480712449,0.0117517818948,0.105435653039
0.373031452381,0.274330168373,0.287496441593,0.065141937654
0.623430409727,0.0105034136284,0.0195923219123,0.346473854733
0.325261524639,0.0648152957472,0.498025771669,0.111897407945
0.380287827154,0.414915097514,0.109715805869,0.095081269463
0.212201436057,0.638720476282,0.0732162306746,0.0758618569857
0.357805374218,0.166647715391,0.148075195867,0.327471714525
0.302277516006,0.0278858871828,0.353965684111,0.3158709127
0.0393324660464,0.0435711030217,0.889425226798,0.0276712041337