0.0486677508914,0.262427101419,0.583513623834,0.105391523856
0.0772781854457,0.0580462399528,0.854001529505,0.010674045097
0.235092202079,0.36768619095,0.00610848424881,0.391113122723
0.930910566072,0.0147341207396,0.0221396538799,0.0322156593082
0.017981732185,0.0835430640946,0.823204691021,0.0752705126992
0.27220382181,0.600925440646,0.0493181411165,0.0775525964273
0.166427733279,0.327603677341,0.17527357225,0.33069501713
0.25383805286,0.233545397719,0.276896413947,0.235720135474
0.969604644208,0.00419168010436,0.00494461381613,0.0212590618711
0.991440997845,0.00204030110066,0.002967033555,0.00355166749922
0.0492942087876,0.586622533357,0.00728139811057,0.356801859745
0.162505783755,0.16983715413,0.532160273438,0.135496788677
0.2916763738,0.429787493783,0.0377654233295,0.240770709088
0.52743343242,0.0709144265934,0.0125799352963,0.38907220569
0.121869373698,0.438557224488,0.0480825874511,0.391490814362
0.342789257321,0.210590445807,0.300133755835,0.146486541037
0.510593310046,0.227404230363,0.170701954307,0.0913005052838
0.0970451257769,0.524190980352,0.12741894567,0.251344948201
0.00901521709501,0.988729469746,0.00084687130073,0.00140844185794
0.407210600309,0.0963333456242,0.312019947435,0.184436106632
0.0093630496965,0.11859887705,0.731348981404,0.140689091849
0.148645698614,0.73022805673,0.0779020249576,0.0432242196982
0.528323765062,0.0247271831589,0.28831461113,0.158634440649
0.375136213625,0.0465495395361,0.186793420789,0.39152082605
0.0528893295467,0.504277872627,0.0873735740696,0.355459223757
0.502170776916,0.0323652024197,0.0329148512888,0.432549169375
0.0296960487335,0.133115258883,0.31513261075,0.522056081633
0.184808477779,0.0762593281889,0.0111619800218,0.72777021401
0.100857415615,0.123395073654,0.157695059849,0.618052450882
0.198856906297,0.0102189862833,0.755324284504,0.0355998229159
0.139166429115,0.079712265722,0.223388709649,0.557732595514
0.0033938378844,0.00103055753765,0.980403639877,0.0151719647011
0.0918214767762,0.0700915727021,0.656471299395,0.181615651127
0.0771149892697,0.543142755749,0.0196292701773,0.360112984804
0.178099658342,0.264338325509,0.242963689553,0.314598326595
0.163227791787,0.358362053122,0.463309070274,0.0151010848177
0.0171251346874,0.00660512879265,0.974534102102,0.001735634418
0.813023562228,0.0627565579543,0.0123468063753,0.111873073442
0.00726687911457,0.880960906404,0.00125302521169,0.11051918927
0.900258460521,0.019112709059,0.0769223678556,0.00370646256411