0.00916010931519,0.0637172370418,0.747969317235,0.179153336408
0.0651344280664,0.488207598355,0.0493978615874,0.397260111991
0.0950076191866,0.197238327423,0.525527988585,0.182226064805
0.0048796671707,0.0016031823267,0.905398434944,0.0881187155584
0.68641912669,0.311815617267,0.000479375437921,0.00128588060484
0.638022576009,0.238789665897,0.0428176373465,0.0803701207478
0.44403207295,0.264594389249,0.216023986025,0.0753495517757
0.392082322586,0.18764956855,0.360448259912,0.0598198489515
0.0887802309044,0.558697490681,0.0881273547306,0.264394923684
0.0503063127281,0.0212519528327,0.200901331529,0.72754040291
0.270745529405,0.0541797747071,0.229343746198,0.44573094969
0.569541192667,0.366052393992,0.0400595274733,0.024346885867
0.0960767711407,0.121043043837,0.103918001612,0.67896218341
0.256367788194,0.183010425337,0.0352069983408,0.525414788128
0.03365870535,0.189159655224,0.719642402039,0.0575392373871
0.460449564806,0.38849740233,0.0686323228128,0.0824207100515
0.841690104037,0.0860484859706,0.0526445141087,0.0196168958837
0.115176770988,0.392051348972,0.433225672006,0.0595462080346
0.351636713572,0.0740639656475,0.436572280519,0.137727040261
0.964132416344,0.0112013661743,0.0136468610121,0.0110193564699
0.28761889255,0.304438326945,0.349038880701,0.0589038998043
0.00215179941134,0.013839029186,0.0154737722288,0.968535399174
0.0611120139461,0.406477381722,0.0296310982233,0.502779506109
0.198115604929,0.113915355009,0.1917205242,0.496248515862
0.0277212223521,0.248970838461,0.170986902748,0.552321036439
0.054923148282,0.563341653028,0.280927925995,0.100807272695
0.238401250268,0.307163132929,0.341356704896,0.113078911907
0.0109905386489,0.977573236773,0.0110630267743,0.000373197803491
0.209857009521,0.214532175882,0.0864839607913,0.489126853806
0.100748046921,0.469629233564,0.261640358579,0.167982360936
0.00393634612647,0.151851668213,0.0306859756072,0.813526010053
0.074393868163,0.196662975675,0.161881198074,0.567061958088
0.00342507866376,0.48177113759,0.0849930412467,0.429810742499
0.808326534961,0.0016748155282,0.136135590537,0.0538630589734
0.546831477386,0.213249758988,0.161546794381,0.0783719692438
0.150902615896,0.443855741403,0.296411236676,0.108830406025
0.0714940064814,0.160779581849,0.530755371889,0.236971039781
0.00505159156652,0.163561369436,0.807526405559,0.0238606334385
0.460495923609,0.0165386847062,0.196099765494,0.326865626191
0.343236710705,0.419118745574,0.113586073162,0.124058470559