0.177259307388,0.0104658238593,0.0623992592323,0.74987560952
0.136059427441,0.0675606566394,0.650077263937,0.146302651982
0.00161487498766,0.384163411019,0.00580299401405,0.608418719979
0.16352665032,0.306527972885,0.523689852156,0.00625552464017
0.128580141122,0.133314288694,0.73563791119,0.00246765899419
0.0711855310966,0.235070504073,0.650944133491,0.0427998313392
0.921435057994,0.0408624175553,0.0143596246511,0.0233428997995
0.0558515349604,0.011671210271,0.108935205523,0.823542049245
0.439479238671,0.196904672445,0.040822055908,0.322794032977
0.365529174237,0.0236195856867,0.0700406028688,0.540810637207
0.63305826481,0.163116403711,0.135087347872,0.0687379836076
0.370583295024,0.364361888295,0.206579662673,0.058475154009
0.0277035788091,0.0374364988854,0.0522798947697,0.882580027536
0.569625017358,0.0271592018497,0.0447559702683,0.358459810523
0.00311619688299,0.108493614555,0.00449491188888,0.883895276673
0.0328454033107,0.0590060831493,0.70265508293,0.20549343061
0.0160599868159,0.665976656847,0.240301469744,0.0776618865924
0.0258717158896,0.06578986036,0.188211660235,0.720126763515
0.0133325643691,0.0246908101885,0.592066171746,0.369910453696
0.00301771776713,0.000236399142963,0.00222869420168,0.994517188888
0.537660778607,0.211792376116,0.066767835266,0.183779010011
0.0357465975841,0.0686642422662,0.823629055333,0.0719601048169
0.0756497227284,0.844377063545,0.0182582284764,0.0617149852501
0.273703411825,0.0743993408024,0.0972105936598,0.554686653712
0.501921511394,0.00852727610188,0.486406584438,0.0031446280664
0.00124890412965,0.0271133107107,0.841545850703,0.130091934457
0.115309082251,0.0178602264218,0.064548817911,0.802281873417
0.0373483036598,0.0682636152279,0.881627885154,0.0127601959584
0.36875829503,0.165050124409,0.145913521764,0.320278058797
0.00616763126611,0.624244876904,0.13135684977,0.23823064206
0.0266630769831,0.595241120264,0.0272451753378,0.350850627415
0.208433501568,0.0319934871512,0.713229345021,0.0463436662598
0.00330356069344,0.402854029693,0.486125828443,0.107716581171
0.135222507634,0.34508473065,0.515270138405,0.00442262331072
0.0225271310576,0.155505391926,0.722083167576,0.0998843094405
0.0135999197349,0.190096239106,0.392132203927,0.404171637232
0.255088761536,0.138936500723,0.333523112603,0.272451625138
0.0275542474536,0.0142160764244,0.0304409279622,0.92778874816
0.185985884118,0.322298305986,0.214281293218,0.277434516678
0.660953913271,0.287322690887,0.0283960504918,0.0233273453494