0.0101100091238,0.0233312611394,0.631153405798,0.335405323938
0.222982669286,0.0856084305481,0.537979748642,0.153429151524
0.226473388805,0.0897277930284,0.187755727412,0.496043090754
0.00742441000738,0.00680219719165,0.154272320815,0.831501071986
0.0392690698639,0.0210252177159,0.209277385463,0.730428326957
0.615369634454,0.00762636460014,0.122021459693,0.254982541253
0.0236764008814,0.0721177945512,0.382136387817,0.52206941675
0.213717500322,0.0510088723774,0.231151425771,0.50412220153
0.204328113495,0.357418487318,0.0965059014497,0.341747497737
0.187733846455,0.0145789855833,0.0241356701869,0.773551497775
0.219968458084,0.285866929063,0.418162119035,0.0760024938178
0.0898240669447,0.843430985546,0.061423011085,0.00532193642395
0.167665468315,0.453301066617,0.0194510338729,0.359582431195
0.8955745113,0.00209847114905,0.101428679117,0.000898338433825
0.423811055478,0.302380516347,0.0329552469262,0.240853181249
0.03061103937,0.0978475382522,0.0561027281174,0.81543869426
0.810176014991,0.152648970424,0.0326283060263,0.00454670855836
0.659912751577,0.15002828891,0.108408295512,0.0816506640002
0.130067113705,0.600616223147,0.248716171725,0.020600491423
0.0746522104973,0.267427626434,0.504728120528,0.153192042541
0.00835084733955,0.0193261997898,0.510085929678,0.462237023193
0.0220361432696,0.0994054047892,0.86628903913,0.0122694128113
0.162867436712,0.42241090566,0.374349239257,0.0403724183715
0.225048673042,0.762283404961,0.0110173618881,0.00165056010871
0.445385330139,0.479147348194,0.0629065540709,0.0125607675962
0.0165082007304,0.00039645447034,0.00129256776674,0.981802777033
0.982925888618,0.0066672640841,0.00112635537529,0.00928049192258
0.0209613411339,0.130623756488,0.795595239334,0.0528196630446
0.448173947344,0.121555089575,0.2862200612,0.144050901881
0.0155486694545,0.0569988891833,0.0326669202372,0.894785521125
0.127791877403,0.527202434966,0.00782364447071,0.337182043161
0.0453258239814,0.487185714042,0.207327998592,0.260160463385
0.162805550269,0.0833537344447,0.726584805608,0.0272559096783
0.0939141293021,0.3716437357,0.00664303655388,0.527799098445
0.185121009035,0.361635188558,0.386436967631,0.0668068347767
0.140392695371,0.7338983662,0.0061326155653,0.119576322863
0.147099297242,0.0801904476548,0.0461210365061,0.726589218597
0.172315682399,0.407850829794,0.192903100691,0.226930387116
0.0371952680754,0.054521229714,0.885335756815,0.0229477453952
0.00300519375104,0.138605273321,0.0186601581133,0.839729374815