0.52678705689,0.103187776389,0.1604897002,0.209535466521
0.0465318455131,0.00605251696488,0.921058631669,0.0263570058529
0.158408293214,0.28444460593,0.011299969061,0.545847131795
0.011368927202,0.716859512255,0.270425778815,0.00134578172768
0.29676006612,0.0247767080383,0.672994363987,0.00546886185539
0.831445976696,0.105163088686,0.047224833044,0.0161661015732
0.0313886017646,0.688921285405,0.127930314157,0.151759798674
0.016245880352,0.836323003558,0.000238430869972,0.14719268522
0.0106935369598,0.58752232286,0.274318096185,0.127466043995
0.567351792246,0.367314534808,0.00928788992926,0.0560457830165
0.0159406971266,0.372194945441,0.158340950915,0.453523406517
0.0267059222964,0.0925869391286,0.222423802984,0.658283335591
0.0327035429422,0.0707037458667,0.882023156904,0.0145695542872
0.744050891956,0.220309836826,0.0196554876406,0.0159837835778
0.565257811684,0.137861061702,0.0332251006485,0.263656025965
0.211839963717,0.026858796525,0.0318235632536,0.729477676505
0.0712410462801,0.104893907863,0.188474102959,0.635390942899
0.0421806008539,0.00867788470933,0.209865898624,0.739275615812
0.534870537973,0.259759532157,0.0334054556253,0.171964474245
0.0779113791502,0.582572966253,0.21279605102,0.126719603576
0.00168309414167,0.155850731774,0.840345416637,0.00212075744789
0.0353122446591,0.420473202947,0.224545587393,0.319668965001
0.0768209520096,0.0523921137538,0.543238880515,0.327548053721
0.240634458954,0.273941291414,0.0810377146844,0.404386534948
0.0451777956026,0.0101896919651,0.839333573173,0.105298939259
0.00043070513461,0.0178180657679,0.981740707871,1.05212265156e-05
0.752771227344,0.0282020802047,0.0702346988278,0.148791993623
0.00597303516975,0.115480127917,0.811387299339,0.0671595375739
0.357917441522,0.0161824152335,0.506692035461,0.119208107784
0.199904499844,0.00425985814457,0.430125843469,0.365709798542
0.0395979930661,0.104803538859,0.667649241472,0.187949226603
0.179360636622,0.36065574729,0.149430522247,0.310553093841
0.773826937594,0.0396030847463,0.153674448562,0.0328955290973
0.263008882711,0.269988612283,0.381559008628,0.0854434963778
0.183741478298,0.795554508594,0.00677192578961,0.0139320873185
0.529718003751,0.0262742347882,0.139223759745,0.304784001715
0.106586436022,0.17875172136,0.432938338909,0.281723503709
0.823060209338,0.064706134944,0.0955532477387,0.0166804079792
0.246262750329,0.353590729594,0.323178780031,0.0769677400458
0.536816377497,0.00667313745972,0.0197865477056,0.436723937338