0.224104145679,0.220160356202,0.0916377459379,0.464097752181
0.0564268978573,0.381990187646,0.495657531627,0.0659253828694
0.0658616677921,0.218308498082,0.608761722041,0.107068112085
0.231638073671,0.00579779417163,0.709460982429,0.0531031497288
0.442762485472,0.266367895602,0.131873425206,0.158996193721
0.023440011755,0.0341874191133,0.0426243457301,0.899748223402
0.152060129524,0.0729265327024,0.210738166595,0.564275171178
0.144467608088,0.809788191565,0.0376974612068,0.00804673913944
0.367508721027,0.00226851699287,0.0641687801152,0.566053981865
0.322099079094,0.54410282388,0.00906876642524,0.124729330601
0.0467061359011,0.821573299931,0.12383688689,0.00788367727787
0.154360245869,0.167377364468,0.619772080722,0.0584903089414
0.84484338872,0.109832206495,0.0263705293028,0.0189538754819
0.0419449146044,0.0102817949752,0.659117956495,0.288655333925
0.551249505764,0.379467869105,0.0335073254713,0.0357752996592
0.0140758766806,0.79749576073,0.0145354352134,0.173892927376
0.159043713257,0.00288578569964,0.831236325338,0.00683417570542
0.777162009159,0.0718052457952,0.0392103390794,0.111822405967
0.0732095586662,0.0769433568429,0.368035433689,0.481811650802
0.300833794735,0.0399613090818,0.036134096244,0.62307079994
0.14389932607,0.14238994626,0.0303899385258,0.683320789144
0.176029333341,0.772278965629,0.0349384744103,0.0167532266193
0.15721057683,0.140972238231,0.219612595271,0.482204589668
0.200527372852,0.682620783954,0.0143954869628,0.102456356232
0.0751252339906,0.0390932743132,0.152270206763,0.733511284934
0.162966557928,0.154280146481,0.398231914751,0.28452138084
0.741343867865,0.104258159607,0.0676554184382,0.0867425540897
0.0248678936042,0.114755543729,0.738463967249,0.121912595418
0.29934585694,0.382078541786,0.178267253662,0.140308347612
0.0202961936385,0.838500826335,0.0548479502896,0.0863550297369
0.646497990793,0.0453839330927,0.0307478098617,0.277370266252
0.428682476058,0.10525843058,0.3691065492,0.096952544162
0.0107491221889,0.57130457073,0.0399221990478,0.378024108033
0.57378855528,0.414741755422,0.010176830202,0.00129285909539
0.0229259184005,0.0183805943124,0.246569142083,0.712124345204
0.590678411016,0.0277944625074,0.29558883092,0.0859382955565
0.0296160565253,0.00112673716058,0.962246270692,0.00701093562212
0.0104046075589,0.840390190465,0.041904390795,0.107300811181
0.189276292552,0.544030030431,0.212935747594,0.0537579294228
0.0840588689447,0.886151370958,0.0274093917193,0.00238036837808