0.130279068439,0.358786508234,0.222986305388,0.28794811794
0.264725542841,0.0191985264367,0.000770066402247,0.71530586432
0.0744443894733,0.40663281294,0.0575779431264,0.461344854461
0.24982454203,0.23350999943,0.0979346612263,0.418730797314
0.0011473447662,0.683547846323,0.143684594588,0.171620214323
0.096550436695,0.838495441117,0.0214872522362,0.0434668699516
0.0147227522618,0.0102190446554,0.957671761901,0.0173864411814
0.0365306092099,0.045888167062,0.891823100975,0.0257581227533
0.0089945559937,0.192527125407,0.0740608048279,0.724417513771
0.894460907866,0.0636171879946,0.00990473409301,0.032017170046
0.768299582833,0.00814591105677,0.00049422974459,0.223060276365
0.0219227914988,0.135460483617,0.380101126701,0.462515598184
0.0349816519157,0.302452097319,0.0558342340687,0.606732016697
0.0288647673634,0.000701328974611,0.841318166907,0.129115736755
0.13237000566,0.147455587229,0.316876002628,0.403298404483
0.142799746523,0.240540159565,0.0042167385864,0.612443355326
0.214471439376,0.141607382889,0.172821354093,0.471099823642
0.0691771574877,0.589575112826,0.154836493094,0.186411236592
0.808096523217,0.0156944473561,0.00769951333869,0.168509516088
0.228778114042,0.0730410468276,0.385054436025,0.313126403105
0.474438203069,0.0412147106123,0.140994031497,0.343353054821
0.130733771017,0.762591369741,0.0573703161425,0.0493045430989
0.00168212049064,0.0878675329538,0.541287905225,0.369162441331
0.206363264987,0.141848427991,0.104029641225,0.547758665796
0.0167999500781,0.595501050106,0.00115392198752,0.386545077828
0.0320143181539,0.479271027,0.128002360394,0.360712294452
0.233336180801,0.0486038536993,0.362699288526,0.355360676974
0.00794727227106,0.949443178475,0.00317134755803,0.0394382016955
0.401509258792,0.21640586512,0.0912782927947,0.290806583293
0.113265997336,0.13703916567,0.0229001512555,0.726794685739
0.0689197506356,0.293705847726,0.117231506415,0.520142895224
0.14813775133,0.145873996701,0.102457419564,0.603530832405
0.904957681358,0.00104890773508,0.0661434559399,0.0278499549674
0.0358777662509,0.0110858903883,0.151333318149,0.801703025212
0.069758975891,0.290777034146,0.382690586299,0.256773403664
0.0807715926787,0.412815110262,0.230024876895,0.276388420165
0.54397794902,0.178208637782,0.107998225079,0.169815188119
0.137396498305,0.327000938691,0.135399580527,0.400202982477
0.00215677920613,0.000853687783164,0.00280377220576,0.994185760805
0.183120071498,0.37116116552,0.389653956027,0.0560648069548