0.0297077392236,0.149535360459,0.183730736883,0.637026163435
0.109978168752,0.210469326173,0.628947774258,0.0506047308168
0.895972164678,0.0368181561903,0.0326159242742,0.0345937548575
0.801883687616,0.0680668180495,0.0293718806621,0.100677613673
0.0125441430013,0.427310107807,0.456729234076,0.103416515116
0.318276022299,0.0461443356576,0.0335492084967,0.602030433547
0.0333800450714,0.0507664162256,0.852073638718,0.0637798999851
0.185902183413,0.733796489414,0.0647798558365,0.0155214713371
0.269395516275,0.0382284408976,0.54036344099,0.152012601838
0.525791158043,0.296085559682,0.148815614585,0.0293076676901
0.1345157665,0.0456202930263,0.794646361687,0.0252175787867
0.241507143854,0.0528624735896,0.503263970271,0.202366412285
0.0948923410662,0.331504708183,0.495843270842,0.0777596799087
0.171367890092,0.127494504713,0.66454495999,0.0365926452055
0.0551752335051,0.817315704748,0.0539608156477,0.0735482460994
0.000220004567988,0.261325358768,0.0601291205085,0.678325516155
0.00959348696421,0.855769804986,0.0245930946899,0.11004361336
0.00571194928214,0.0624391873149,0.0320751585113,0.899773704892
0.670805005767,0.00833560008907,0.0578229360882,0.263036458056
0.348752037606,0.0699382237005,0.0515627592049,0.529746979488
0.919360181073,0.00716376936932,0.0388181982182,0.0346578513398
0.0629414248631,0.300857428182,0.513594561354,0.122606585602
0.0288699861986,0.0735810224598,0.19507100542,0.702477985922
0.0912429368927,0.191978058525,0.563639682537,0.153139322045
0.117644173578,0.00164631159334,0.791165142126,0.089544372703
0.363405094164,0.0766536178774,0.185592191707,0.374349096251
0.0319318747153,0.819731182214,0.135000909598,0.0133360334724
0.040173044706,0.614377792799,0.144586549908,0.200862612588
0.24582855595,0.595485119903,0.0175215700767,0.14116475407
0.180310550663,0.0421776175494,0.600406977248,0.177104854541
0.972979121223,0.0164831355236,0.0101349817326,0.000402761521142
0.876275642861,0.0304488923339,0.0693067561086,0.023968708697
0.300373647306,0.0835359232896,0.203195185174,0.41289524423
0.0955033555926,0.698237142299,0.0402763515486,0.16598315056
0.000310452048365,0.0439318624559,0.774178432974,0.181579252522
0.402237935387,0.0144444619593,0.229916466951,0.353401135702
0.415347659424,0.00368832009404,0.372583531725,0.208380488757
0.0523155977476,0.560230202048,0.0661449028148,0.32130929739
0.217544507393,0.483756690446,0.170605011961,0.1280937902
0.118366592488,0.515000898354,0.141178989065,0.225453520093