0.000851485231894,0.00653848642407,0.983055073852,0.00955495449221
0.400867592788,0.137377847003,0.0640800314235,0.397674528786
0.00628907117192,0.00841912153394,0.237509633389,0.747782173905
0.289304988053,0.117276567727,0.354636018478,0.238782425742
0.914491512487,0.015229312867,0.00862091410445,0.0616582605416
0.0552072072164,0.639813052407,0.0901798314588,0.214799908918
0.000271725301223,0.00174543776534,0.997152489427,0.000830347506731
0.00234863580532,0.00967074068405,0.0196330596148,0.968347563896
0.0781116455777,0.759376920578,0.0860202684748,0.0764911653696
0.166695244351,0.26885532645,0.399527687927,0.164921741272
0.119090440074,0.235544339325,0.00337322748362,0.641991993118
0.208517583031,0.0302710881711,0.193068582481,0.568142746317
0.0427989010566,0.587986601679,0.20826459526,0.160949902004
0.0112720031101,0.0429680127624,0.0071796170481,0.938580367079
0.221556643542,0.518124968345,0.0789776784863,0.181340709626
0.0644642828151,0.0105595682551,0.0576909196502,0.86728522928
0.58632974249,0.0598805247249,0.0758028515862,0.277986881199
0.209180217077,0.143521025302,0.561292309399,0.0860064482217
0.117301047225,0.721329737387,0.0996745912509,0.0616946241371
0.124559927608,0.155862815651,0.0520560756964,0.667521181044
0.737763424083,0.0166102104434,0.114463353171,0.131163012303
0.00237658688781,0.00179091577663,0.0180844170844,0.977748080251
0.593503940221,0.0896171271198,0.282068195941,0.034810736718
0.421522909709,0.217660452634,0.173126476306,0.187690161351
0.435880551023,0.00136567042547,0.150844885946,0.411908892605
0.00702034445559,0.981735894106,0.00499892601923,0.00624483541937
0.0838113858718,0.613569645857,0.0912563224334,0.211362645838
0.263686338421,0.314202511455,0.122924730925,0.299186419199
0.0210622275335,0.809300164019,0.138994704134,0.0306429043135
0.00296532359951,0.788412567666,0.0113769038676,0.197245204867
0.712660853071,0.215027263366,0.0243615686808,0.0479503148822
0.070601152458,0.678607782446,0.224278116524,0.0265129485718
0.198624144734,0.0797695115655,0.682410259588,0.0391960841126
0.224978249678,0.639647447836,0.131636206641,0.00373809584413
0.331066546594,0.441665917064,0.162899732882,0.0643678034598
0.0120998731233,0.00188295363742,0.618262870959,0.36775430228
0.689232631302,0.237535232967,0.0307447625362,0.0424873731943
0.0236196464102,0.527056397208,0.312502821781,0.136821134601
0.871045796067,0.0287475562088,0.090859964572,0.00934668315251
0.2595190365,0.00383975492503,0.734338348695,0.00230285988011