0.162690097306,0.64718952645,0.0478271662546,0.142293209989
0.507796981854,0.291415421131,0.181845344219,0.0189422527958
0.170517857062,0.0700406922332,0.617518861527,0.141922589177
0.163185765288,0.0964337857631,0.507732072766,0.232648376183
0.0231353275535,0.0729182851411,0.790121220872,0.113825166434
0.343852434871,0.378875015042,0.0788002741998,0.198472275887
0.00334616163827,0.0763019859917,0.860283652153,0.0600682002173
0.249024047491,0.279817304425,0.300688449922,0.170470198161
0.85456669561,0.0588722897031,0.00397746305709,0.0825835516295
0.231571120038,0.676799270566,0.0501588833732,0.0414707260227
0.00864495519261,0.588887061994,0.091594919089,0.310873063725
0.109912506475,0.383282627211,0.129945642224,0.37685922409
0.346431195586,0.125957773449,0.166758686311,0.360852344654
0.147534668646,0.0170718366546,0.0396755087918,0.795717985908
0.130252436498,0.300847577307,0.0339854278858,0.534914558309
0.18566050666,0.649895945843,0.142140739986,0.0223028075116
0.120502991853,0.0697839573452,0.132249897644,0.677463153157
0.368858324945,0.302322137398,0.323074465778,0.00574507187849
0.20836716418,0.0626553097889,0.575443772396,0.153533753635
0.895462151986,0.0124914640037,0.0180217499301,0.0740246340806
0.0393142443496,0.437512507097,0.17110682442,0.352066424134
0.0782017273832,0.125746323339,0.312688087164,0.483363862114
0.0705275411164,0.254832020727,0.208997755793,0.465642682364
0.407920493528,0.0670743604512,0.426781549066,0.098223596954
0.00115892654734,0.0628120123544,0.221108937506,0.714920123592
0.386106519312,0.154657010159,0.375918589858,0.0833178806719
0.545786167113,0.0097986051843,0.26563002315,0.178785204552
0.783283034294,0.216457392548,8.3700571132e-05,0.000175872586647
0.161676938531,0.0780175062217,0.0845700412653,0.675735513982
0.00245993376271,0.468477544106,0.00736855550225,0.521693966629
0.261555137327,0.0778079413239,0.638985113966,0.0216518073836
0.206894492283,0.0838491884671,0.625396035781,0.0838602834692
0.589655074914,0.336484683528,0.0203543153906,0.0535059261677
0.040417823475,0.12534686063,0.273535094788,0.560700221106
0.168264148834,0.735287709303,0.0737974157253,0.0226507261374
0.00688397631341,0.912829151476,0.00626989697664,0.0740169752337
0.410730958917,0.0818244606746,0.477505973786,0.0299386066228
0.411200679882,0.0117588463858,0.133853566948,0.443186906784
0.179689792931,0.0513584636858,0.489132266987,0.279819476396
0.960261719683,0.0049086675378,0.0119128950995,0.02291671768