0.0103744972984,0.397371125763,0.0173134889884,0.57494088795
0.172098881991,0.0196230242396,0.0137163225512,0.794561771218
0.0112785515064,0.338021846855,0.038926120102,0.611773481536
0.553774159053,0.164765598758,0.245868492605,0.0355917495833
0.508516338576,0.0984470912076,0.0817562504333,0.311280319784
0.0878778546852,0.620461550084,0.0592814776498,0.232379117581
0.188756785894,0.0615545525822,0.711409447644,0.0382792138795
0.815255997394,0.0627023616916,0.03794072254,0.0841009183739
0.113676323029,0.822082812238,0.00408454186465,0.0601563228678
0.246478538524,0.40329156523,0.285964266999,0.0642656292468
0.0785054950759,0.000361188882059,0.00347462557011,0.917658690472
0.340216814575,0.359379033628,0.0401621404303,0.260242011367
0.0010989453002,0.00186950151955,0.86616559806,0.13086595512
0.375152930531,0.361876693916,0.0110897423713,0.251880633181
0.107515224034,0.584452315067,0.0349786983346,0.273053762564
0.403856685997,0.0542720719897,0.486460019367,0.0554112226468
0.127722427004,0.665659154882,0.105454697748,0.101163720366
0.281912060023,0.21417009969,0.476764672396,0.027153167891
0.78020251602,0.0109586041853,0.028734234026,0.180104645769
0.0596704918274,0.0253734135695,0.620473997916,0.294482096687
0.0721813788641,0.0126429286777,0.905320803178,0.00985488928025
0.00716220407002,0.986485490387,0.000435370005576,0.00591693553768
0.559461446937,0.000305794377857,0.427750394665,0.0124823640208
0.851861657561,0.0164904186337,0.00248284434833,0.129165079457
0.747297012953,0.00799299544203,0.230301051976,0.0144089396289
0.210586834628,0.193555702447,0.507415025505,0.0884424374189
0.0157655522456,0.928666896842,0.0236924519118,0.0318750990002
0.0455878443982,0.933188044125,0.0203854813009,0.000838630175634
0.073665302635,0.00354758866861,0.785074838862,0.137712269834
0.162793138408,0.113555039256,0.701469241003,0.0221825813332
0.0534284450032,0.917380598095,0.0233727402348,0.00581821666728
0.00501416082263,0.277118699193,0.0169373991086,0.700929740875
0.535489943561,0.202601756278,0.0622825264393,0.199625773721
0.0825035587308,0.0475832331044,0.29225014705,0.577663061115
0.0949407984077,0.179180542561,0.712680336784,0.0131983222472
0.285139306353,0.577327542394,0.00216999756534,0.135363153687
0.0956378725236,0.180475292269,0.111814852514,0.612071982693
0.0413554965839,0.179584428015,0.272886696128,0.506173379272
0.143172366394,0.242158615342,0.360531336664,0.2541376816
0.136314353023,0.847119033155,0.00667396183936,0.00989265198269