0.16750156111,0.342028447169,0.0407894178419,0.449680573879
0.169598091129,0.154605525343,0.130237371446,0.545559012083
0.34615904727,0.20901025141,0.122473683093,0.322357018228
0.0267412122502,0.589754866009,0.373056779395,0.0104471423464
0.181671128649,0.115988501461,0.495465283425,0.206875086464
0.130463814026,0.796715527508,0.0161660730249,0.0566545854408
0.303271536374,0.0489269542979,0.565870049354,0.0819314599744
0.758964909922,0.111728077342,0.0260196231977,0.103287389538
0.807689346819,0.0858321174804,0.0467247774333,0.0597537582676
0.155062115719,0.095656286641,0.502804358958,0.246477238682
0.0491628173596,0.0421919995258,0.0461149535402,0.862530229574
0.264998368212,0.049377877926,0.110955792092,0.57466796177
0.0187877032449,0.460030164793,0.16986756903,0.351314562932
0.451471543433,0.0348867427507,0.0880960299646,0.425545683851
0.00762280694248,0.119979903578,0.650425980931,0.221971308548
0.0364555209234,0.797270667385,0.15979971613,0.00647409556244
0.294699476347,0.61237453687,0.0507399978166,0.0421859889659
0.0600355822893,0.0381988225095,0.17575028669,0.726015308511
0.0840713748905,0.0359180820323,0.878661546764,0.00134899631298
0.375095719568,0.0118801439091,0.533221201179,0.0798029353444
0.200266924721,0.249424239108,0.519339150828,0.0309696853432
0.456552556125,0.324507679858,0.0367845058425,0.182155258175
0.0575916449461,0.730767047819,0.0093952348393,0.202246072395
0.00770422990145,0.266589263431,0.484738061965,0.240968444703
0.000354372582318,0.990190494272,0.0013887040595,0.00806642908586
0.0455357505012,0.0174794577011,0.0033582069674,0.93362658483
0.0110929921967,0.0734243997181,0.0573740918771,0.858108516208
0.843129382592,0.066314476857,0.0851570497967,0.00539909075431
0.00250033623389,0.557797911101,0.0213140291612,0.418387723504
0.00588799713326,0.0361904609107,0.0113060805958,0.94661546136
0.102977465006,0.58772838078,0.0714222406983,0.237871913516
0.00886270900049,0.5659681742,0.072848342308,0.352320774492
0.0429227022002,0.61245988363,0.207814077075,0.136803337095
0.430648901625,0.0297726006293,0.18721832064,0.352360177105
0.318114909324,0.116723001624,0.539331683356,0.0258304056959
0.863636622819,0.0583234555934,0.00395388077968,0.0740860408083
0.00343095027138,0.0503065755694,0.00632519788102,0.939937276278
0.364091775128,0.0190291406226,0.589694846892,0.0271842373573
0.0386972824133,0.832266250589,0.000780550824703,0.128255916173
0.869741550326,0.0278426171598,0.00197970887048,0.100436123644