0.0432379155017,0.129978934776,0.792175282138,0.0346078675841
0.214011862325,0.570405251652,0.138529139544,0.0770537464783
0.191764802095,0.000700896800708,0.753241895571,0.0542924055327
0.0603203924907,0.112919755917,0.286178411268,0.540581440325
0.129922885983,0.607213344126,0.0890820877085,0.173781682183
0.0189711245903,0.00400407719207,0.89515529734,0.081869500878
0.000169559112617,0.0022287623126,0.529282322853,0.468319355722
0.093715443043,0.806443120272,0.0147424174076,0.085099019277
0.0468540446697,0.00413315837999,0.00803486444925,0.940977932501
0.351126598393,0.225664177044,0.334762816583,0.0884464079805
0.556214670824,0.0948966125773,0.0493583082649,0.299530408334
0.049809568227,0.350228600985,0.524426367306,0.0755354634823
0.0853627355731,0.0301644647484,0.0296671925952,0.854805607083
0.0440389420557,0.0438826914893,0.0184623642398,0.893616002215
0.00951608107639,0.150224601836,0.71784044002,0.122418877067
0.277258482869,0.519297323723,0.148817727495,0.0546264659136
0.333100814501,0.292525606895,0.14897833629,0.225395242314
0.326465525847,0.253922536642,0.228801640167,0.190810297344
0.316244735429,0.461711161367,0.0292629532649,0.192781149939
0.234134495092,0.602903393062,0.0327080001752,0.130254111671
0.0840654729312,0.846558000646,0.0657436361337,0.00363289028906
0.0106062935123,0.497341683807,0.13478479505,0.35726722763
0.367325761388,0.428706190154,0.00288705511716,0.201080993341
0.164716329295,0.739378310779,0.0818819520587,0.0140234078667
0.635851961954,0.0609111514296,0.0500641446864,0.25317274193
0.177817349238,0.583014289118,0.197134985573,0.0420333760704
0.0957951166639,0.0438339924436,0.307483624707,0.552887266186
0.0299642838664,0.115317460514,0.62509353505,0.22962472057
0.0203546333346,0.0014758523959,0.00937055862733,0.968798955642
0.118300974571,0.115973921431,0.128329826161,0.637395277837
0.0170936243998,0.0067072961684,0.142311108098,0.833887971333
0.0423480280431,0.0256479211369,0.677790562528,0.254213488292
0.0309481627747,0.00965513947909,0.338356492005,0.621040205742
0.329771510241,0.0487946212144,0.52141748573,0.100016382815
0.289781674877,0.0245270504002,0.0086087005135,0.677082574209
0.726820540581,0.0284612770672,0.117235250627,0.127482931726
0.392039748382,0.216557900774,0.140303420036,0.251098930809
0.675210747504,0.155195544243,0.0362833146274,0.133310393626
0.338220331388,0.299960575569,0.129719773978,0.232099319065
0.0194369770701,0.755767140886,0.170327800262,0.0544680817817