0.284287541329,0.681468588491,0.0194894028985,0.0147544672809
0.655509364268,0.0115140815124,0.176954317066,0.156022237154
0.156690206346,0.797811540067,0.0213871664428,0.0241110871441
0.0134360704399,0.204168181588,0.0652246097424,0.71717113823
0.0369864145471,0.915256680686,0.0462117507248,0.00154515404225
0.732083517653,0.232297067537,0.00435906439279,0.031260350417
0.020219957313,0.050543202716,0.448513882904,0.480722957067
0.117788256592,0.106317706587,0.753560591963,0.0223334448586
0.535800265725,0.211281685022,0.239748310799,0.0131697384545
0.22414665698,0.277916099523,0.46428602254,0.033651220957
0.117670077543,0.100484263498,0.219448892049,0.56239676691
0.613178569334,0.0604754747387,0.281558524612,0.0447874313148
0.386861348998,0.439472582536,0.0253927174231,0.148273351043
0.0988444474819,0.885298768135,0.0139635597778,0.00189322460565
0.0114960163412,0.296939059354,0.00307911295171,0.688485811353
0.418178921094,0.00718615837564,0.101199063275,0.473435857256
0.0742778007171,0.169777481844,0.0293661965278,0.726578520911
0.38992394008,0.0164110137599,0.274333076883,0.319331969276
0.0864155905287,0.0218490688406,0.85320401588,0.038531324751
0.196832855587,0.095360042187,0.554518152449,0.153288949777
0.0120461540775,0.57126797277,0.194046966489,0.222638906663
0.122728273899,0.841646339693,0.00761405127209,0.0280113351368
0.273581388028,0.0243221818171,0.00780254262988,0.694293887525
0.00079060094484,0.996551797667,0.00156133356856,0.00109626781995
0.0895881930879,0.673317131692,0.00768703675538,0.229407638465
0.0556636952061,0.0976215736011,0.296926239809,0.549788491384
0.088365715731,0.200893635719,0.114060822808,0.596679825742
0.0316259467635,0.859006645309,0.0686781415845,0.0406892663432
0.111360909493,0.675974905313,0.0487138274915,0.163950357703
0.0310177922237,0.398839404412,0.0405887131356,0.529554090229
0.0404130258782,0.557537953668,0.018032274559,0.384016745895
0.0979952835033,0.117764039039,0.0971097250465,0.687130952411
0.12590771119,0.385273762027,0.200199921902,0.288618604881
0.755585533857,0.05285084901,0.157674782774,0.033888834359
0.476245943775,0.0116350265786,0.47133993685,0.040779092796
0.0237762474625,0.186918638528,0.238899950294,0.550405163715
0.225387796386,0.0103825120104,0.142839969498,0.621389722106
0.00200471563137,0.00855670883121,0.986528209864,0.00291036567386
0.0364739799013,0.180701364351,0.196818876449,0.586005779299
0.963269087335,0.020566545673,0.00833682194656,0.00782754504567