0.0268447416865,0.173334387609,0.208961530482,0.590859340223
0.89862981258,0.00696310514664,0.0422396268584,0.0521674554148
0.00478202247569,0.140881271121,0.712180354447,0.142156351957
0.0589419350234,0.869943047281,0.0488704503711,0.0222445673244
0.14675242132,0.255935036994,0.484668351403,0.112644190283
0.544404005098,0.0562134981453,0.163083742283,0.236298754474
0.841051441975,0.13469171566,0.00846125730905,0.0157955850557
0.966211832115,0.0327742694696,0.000866070441879,0.000147827973653
0.0335094379035,0.111862384855,0.0482294702801,0.806398706961
0.0195999603978,0.0411837956697,0.102043336631,0.837172907302
0.487945094802,0.110287532666,0.0383019008519,0.36346547168
0.177254233795,0.00722994095208,0.493976546741,0.321539278512
0.00800355588548,0.076969932755,0.882470132455,0.0325563789046
0.274714041929,0.255710290866,0.347334422499,0.122241244706
0.102736667985,0.251641694503,0.0604071948027,0.585214442709
0.25933241601,0.231330336249,0.162476454624,0.346860793117
0.34811421874,0.276950931829,0.180968214592,0.193966634839
0.444177422884,0.552396931292,0.00290948096649,0.00051616485775
0.109601557898,0.0662971206134,0.564501479225,0.259599842264
0.604500852032,0.321823863461,0.0227226863743,0.0509525981323
0.752634640085,0.0111889693403,0.0146947350007,0.221481655574
0.278312478955,0.0492077064845,0.175822235661,0.496657578899
0.101083426272,0.591969164652,0.306559297197,0.000388111879182
0.00548900021493,0.02765458778,0.790341928959,0.176514483046
0.0380567758382,0.00508954945559,0.190156210913,0.766697463793
0.0776092568863,0.0431336175328,0.850660271078,0.0285968545028
0.158081966164,0.0367874952383,0.796382150256,0.00874838834085
0.0445828839465,0.157156808815,0.428730711288,0.369529595951
0.021302541816,0.0026323744469,0.440773289379,0.535291794358
0.00601472905675,0.0152387843156,0.561730666172,0.417015820455
0.833488133883,0.091352646666,0.0595791821443,0.0155800373066
0.102464622348,0.685430979501,0.0333217471216,0.178782651029
0.581403838526,0.119482797184,0.254909398354,0.0442039659364
0.312870522737,0.0379235672943,0.2769090248,0.372296885169
0.79994227486,0.148519844191,0.00467488374052,0.0468629972084
0.0696182796416,0.00497377133866,0.0631046496923,0.862303299327
0.0578771495127,0.0225591257384,0.841794110096,0.0777696146525
0.434089235786,0.16666045132,0.0510566829602,0.348193629934
0.237126998763,0.642441579791,0.00110209664506,0.119329324801
0.157238014231,0.177254319609,0.11271247402,0.552795192139