0.102886313151,0.858030103415,0.0248112116745,0.0142723717595
0.54454634923,0.111112807126,0.0129280824184,0.331412761226
0.00769125797128,0.0683391936078,0.637081710724,0.286887837696
0.208003938114,0.346864546668,0.41205975412,0.0330717610987
0.540656868313,0.0706003823056,0.199409984182,0.189332765199
0.93641950461,0.0174190607187,0.0102949181775,0.0358665164935
0.0413039224926,0.506517848517,0.0345079774792,0.417670251511
0.76318227029,0.0298058236045,0.00200732554485,0.20500458056
0.388400662725,0.0141029841474,0.435814275918,0.161682077209
0.281782791674,0.336631042801,0.260807354828,0.120778810698
0.036954209815,0.0323552273023,0.519072007742,0.411618555141
0.234917520195,0.641058432273,0.0678013970253,0.0562226505067
0.512361606495,0.466474271727,0.0136065595438,0.00755756223478
0.0616800743438,0.300581332985,0.53995069318,0.0977878994911
0.162098635255,0.317335846115,0.0649707899055,0.455594728724
0.0240354140664,0.534227404386,0.38289970141,0.0588374801379
0.0109550871297,0.942823148357,0.00625274321101,0.0399690213024
0.137072041309,0.0591468038157,0.0375267220399,0.766254432836
0.0484910111993,0.275855119776,0.141000217178,0.534653651846
0.0482801415346,0.0438352893807,0.562833835072,0.345050734012
0.393449944903,0.552446606577,0.00145419484112,0.052649253679
0.127279817829,0.164368438021,0.645751611709,0.062600132441
0.266542510809,0.165891580102,0.492166508706,0.0753994003836
0.488527750429,0.233005599795,0.0810417054044,0.197424944372
0.370364152673,0.10088541025,0.107710923414,0.421039513662
0.033060513952,0.826841985145,0.067489162465,0.0726083384376
0.180606098231,0.464095331397,0.140399599168,0.214898971204
0.264758291329,0.0683023927769,0.412929303282,0.254010012613
0.683500525253,0.0162979094378,0.00425434726824,0.295947218041
0.0256075617976,0.0262808528374,0.00760499962233,0.940506585743
0.0933575241126,0.00887130396618,0.856074433806,0.0416967381147
0.163660473701,0.751439405176,0.0140365730177,0.0708635481049
0.11227173296,0.0376347600254,0.0133113712345,0.83678213578
0.539246158072,0.0071307879988,0.447557700078,0.00606535385167
0.44798974782,0.0125875979893,0.253499087385,0.285923566805
0.20437322286,0.045568321542,0.723507833272,0.0265506223262
0.249695906526,0.382655715841,0.287331305709,0.0803170719234
0.0554369097023,0.0717396350053,0.0285693392546,0.844254116038
0.0255693238027,0.761054928434,0.203250991059,0.0101247567041
0.147352849367,0.282127992259,0.0469561301282,0.523563028246