2.35417467169e-05,0.0185772087842,0.981303236495,9.60129740082e-05
0.0208660953742,0.105338946014,0.833734998766,0.0400599598464
0.0776846339538,0.287688330742,0.481331757007,0.153295278297
0.296109875954,0.00440055548817,0.699468602704,2.09658545282e-05
0.00824752406471,0.0417858007859,0.106309424721,0.843657250429
0.375551982776,0.172223382097,0.334722705871,0.117501929257
0.275281956851,0.00604355388791,0.673730350268,0.0449441389935
0.754038722082,0.201740938092,0.0115986382143,0.0326217016114
0.714072125091,0.0431376750953,0.109858480571,0.132931719242
0.0965888118545,0.470066638925,0.284826603532,0.148517945688
0.197813645821,0.356091794933,0.0726814008135,0.373413158433
0.400685194228,0.0270521198721,0.219476009337,0.352786676563
0.017518538859,0.250042587348,0.611559312031,0.120879561762
0.665608520237,0.0896430333127,0.238530399903,0.00621804654767
0.05522963558,0.56718024138,0.118733683216,0.258856439824
0.040561720313,0.682402296988,0.124439068515,0.152596914183
0.294149375349,0.00865061350199,0.134329109678,0.562870901471
0.11532001899,0.179310351214,0.650815522657,0.0545541071388
0.360296441407,0.0413697969367,0.274062818628,0.324270943028
0.0470871723316,0.255284949079,0.443146292131,0.254481586458
0.0547412210406,0.502554574113,0.213294633086,0.22940957176
0.426075375616,0.00679870674234,0.565468326474,0.00165759116743
0.842953364864,0.0686371986795,0.0529549310494,0.0354545054069
0.0141449955213,0.0651656483305,0.683375796954,0.237313559194
0.519824283849,0.233182450592,0.0127637610147,0.234229504544
0.405086410645,0.300627911637,0.185016649562,0.109269028155
0.205702723641,0.380324672139,0.0589743049609,0.354998299259
0.17088835682,0.406446854618,0.309956491583,0.112708296978
0.117583807489,0.00829710925524,0.652014016477,0.222105066778
0.045573724478,0.40334231098,0.0584874715999,0.492596492942
0.133897966204,0.276782775233,0.426643505,0.162675753563
0.200558982523,0.336411358028,0.385465391156,0.0775642682938
0.306067824008,0.0143650573992,0.106880468432,0.572686650161
0.00601083082029,0.974412863912,0.0158617930652,0.00371451220239
0.0942349634915,0.304753909205,0.412410162484,0.18860096482
0.00384289620992,0.025638984755,0.296213533483,0.674304585552
0.0951114826969,0.0434825335452,0.696076270531,0.165329713227
0.668853695018,0.0249401898111,0.298659590109,0.00754652506206
0.00889866428245,0.0025906856571,0.969413376875,0.019097273185
0.216401156084,0.397523276438,0.240703937677,0.145371629801