0.745069188819,0.0546465401201,0.135137451654,0.0651468194074
0.712086887733,0.18030543929,0.0988048396524,0.00880283332418
0.0698775312335,0.0686099764114,0.776685241867,0.0848272504878
0.334924525084,0.156701758066,0.345448776604,0.162924940246
0.087262337341,0.178313352444,0.533406596853,0.201017713362
0.369254665611,0.144591753442,0.334628917111,0.151524663836
0.00354397684936,0.00720288870755,0.00817491617652,0.981078218267
0.738933584616,0.107252157694,0.123354956615,0.0304593010751
0.798274646317,0.0864939930105,0.0278884159263,0.0873429447466
0.0435527428739,0.681060346803,0.101133203081,0.174253707242
0.0367562775565,0.558604665625,0.293969010761,0.110670046057
0.192740834355,0.71251411667,0.0509008203384,0.0438442286364
0.286754808425,0.00299739621608,0.43169002267,0.278557772689
0.484340660564,0.368813047672,0.0616850327766,0.0851612589875
0.000916159664312,0.812212534145,0.00419977684455,0.182671529346
0.121555258026,0.3933536457,0.31084187809,0.174249218184
0.0620718252751,0.0595983381864,0.601329471153,0.277000365386
0.0198884631118,0.0271556182712,0.0893343886623,0.863621529955
0.540275645714,0.113405525321,0.336673154359,0.00964567460614
0.278864541337,0.172954255517,0.294795729547,0.253385473599
0.225394521784,0.101607697572,0.188780685922,0.484217094722
0.28153102374,0.0532664701182,0.438567823915,0.226634682226
0.565334400828,0.248088103398,0.170572217034,0.0160052787402
0.0101202835197,0.0103608928462,0.0310591794557,0.948459644178
0.734542858878,0.248431476734,0.00318247838772,0.0138431860002
0.0141990108455,0.92703177634,0.039388835748,0.0193803770666
0.275581644505,0.113061431988,0.123316367239,0.488040556267
0.480498677085,0.0580136040225,0.119750793295,0.341736925598
0.0147474161301,0.00296308731269,0.0019393015343,0.980350195023
0.101212961483,0.0429361038543,0.812210058904,0.0436408757581
0.193817136457,0.119685354862,0.0194549890669,0.667042519615
0.0698103019279,0.119676258425,0.789848722395,0.0206647172524
0.264164329941,0.163735073425,0.180630571896,0.391470024738
0.0288535845503,0.115238136247,0.59711901472,0.258789264483
0.0755036958337,0.858777986467,0.0136888691707,0.0520294485287
0.00108702251011,0.154176455157,0.373792810142,0.47094371219
0.00547238072942,0.0166678079692,0.036394365407,0.941465445894
0.0239655936245,0.0252875632784,0.30427098469,0.646475858408
0.00617762296915,0.00722679765461,0.914402515582,0.0721930637939
0.00809308480664,0.914690779893,0.068131460315,0.00908467498487