0.651471271007,0.180348730188,0.134430484008,0.0337495147973
0.345734141792,0.329876469503,0.245352458105,0.0790369306002
0.357116201122,0.0380297430962,0.00663495041942,0.598219105362
0.33604243085,0.361726317613,0.10518060551,0.197050646026
0.280821945826,0.318751750588,0.247107737452,0.153318566133
0.736754896713,0.0133303733312,0.241037516328,0.00887721362751
0.145393216287,0.351197108209,0.0253516547787,0.478058020726
0.0313374977692,0.071904104707,0.684595728207,0.212162669316
0.00640546084669,0.481943151321,0.487526104921,0.0241252829114
0.000959461029068,0.115575468904,0.0113652797637,0.872099790303
0.12867727027,0.290169141936,0.0759688405738,0.50518474722
0.0230031349104,0.0924995212523,0.834963479932,0.0495338639054
0.151467417572,0.190619160356,0.31394514527,0.343968276802
0.751133265896,0.0652113289612,0.155722505242,0.0279328999006
0.0306282340845,0.0350088168215,0.612941186685,0.321421762409
0.0390047153251,0.0194669889037,0.884087693188,0.0574406025833
0.062244867317,0.0726254019005,0.00747672007517,0.857653010707
0.643107951526,0.0907561280797,0.00403337509459,0.2621025453
0.379459550366,0.289342384104,0.0976437503937,0.233554315136
0.755755313078,0.107278941154,0.114772786592,0.0221929591752
0.429004716348,0.182026957782,0.158581409889,0.230386915981
0.129570846284,0.151655447987,0.682597021365,0.0361766843639
0.71921238177,0.0336749129052,0.058636899586,0.188475805739
0.000901704812566,0.0706309857615,0.675704255288,0.252763054138
0.452344584232,0.190040897438,0.0241872817942,0.333427236536
0.197492656727,0.197032765176,0.457895847019,0.147578731078
0.0850494389338,0.260690589573,0.0684941437438,0.58576582775
0.182242086577,0.102164092944,0.115410551487,0.600183268993
0.740817625373,0.133505530668,0.0877632402661,0.0379136036923
0.315653575114,0.138206181166,0.373241172168,0.172899071552
0.799850721722,0.025716289129,0.0334895979747,0.140943391175
0.348288866139,0.269384206247,0.336148019189,0.0461789084253
0.107514013538,0.855834069839,0.0133768611745,0.0232750554486
0.0449640924332,0.776158681476,0.0387598228298,0.140117403261
0.00750268856869,0.961768682657,0.019847456893,0.0108811718815
0.0409823736289,0.426314736598,0.475446494605,0.0572563951684
0.0328398462904,0.117459047882,0.635250290236,0.214450815592
0.159258992437,0.0439292692482,0.646402609253,0.150409129062
0.00538677098814,0.0158942503692,0.00546490227468,0.973254076368
0.00974934720604,0.883002431149,0.0784759337706,0.0287722878741