0.125134150909,0.0128891048025,0.108254602238,0.75372214205
0.150233509158,0.40718316949,0.14286624323,0.299717078122
0.130447138035,0.0617861831419,0.706487361199,0.101279317625
0.604984332599,0.196685122451,0.00275367103407,0.195576873915
0.0781910109208,0.817226064739,0.0612294692831,0.043353455057
0.0344194791351,0.829269782952,0.0690330926984,0.067277645214
0.917406377585,0.0099774108528,0.0203677688481,0.0522484427143
0.137105732504,0.759421001018,0.0216715821208,0.0818016843568
0.042514157864,0.788372300655,0.00744519878529,0.161668342696
0.181742734543,0.0829272377176,0.727478116885,0.0078519108541
0.0208641337833,0.226310921191,0.734434211389,0.0183907336372
0.322974101681,0.205430601195,0.341758680159,0.129836616965
0.334917585343,0.166419730545,0.339985252302,0.15867743181
0.620363092827,0.0276097344315,0.00364660051803,0.348380572224
0.656636127528,0.00594057574886,0.334241005819,0.0031822909039
0.0374710065279,0.0139689829446,0.836289477908,0.11227053262
0.396319375561,0.389211574008,0.00299350179957,0.211475548632
0.658129958227,0.00174133276799,0.0730959093151,0.26703279969
0.243981820526,0.546023366157,0.189396021527,0.0205987917899
0.0176459543466,0.539242085153,0.426399612729,0.0167123477719
2.88416473991e-05,0.0010752680001,0.998889423818,6.46653435024e-06
0.0794518625756,0.849233766974,0.0297435918044,0.0415707786457
0.0263094851563,0.0225163767684,0.024407270188,0.926766867887
0.140091927001,0.305814746901,0.497224336003,0.0568689900951
0.00931910528737,0.176919055724,0.552409612603,0.261352226386
0.0235046277684,0.689547079648,0.245056790487,0.0418915020963
0.0620211387381,0.300330471549,0.619541017321,0.0181073723911
0.335625516574,0.0741412985191,0.448892232659,0.141340952247
0.556583333698,0.0131998902202,0.42507439285,0.00514238323183
0.845213947815,0.00387016508058,0.112167669526,0.0387482175791
0.249315676125,0.163545108162,0.560705315403,0.0264339003096
0.386908170943,0.338352788603,0.181879432774,0.0928596076802
0.389732999265,0.00355987253329,0.603734495868,0.00297263233394
0.14411448702,0.124662686966,0.48234646357,0.248876362444
0.00287136290766,0.941041692675,0.0276279035749,0.0284590408424
0.655714598255,0.317441868949,0.000755957648254,0.0260875751481
0.20637861268,0.385693029309,0.13370101402,0.274227343992
0.907569428707,0.0145352207079,0.0295582176047,0.0483371329808
0.0176533123432,0.440077112351,0.286973117748,0.255296457559
0.0561524614604,0.699039429966,0.19236098847,0.0524471201028