0.376268651209,0.414252955661,0.172514085415,0.0369643077148
0.598023300404,0.388410087951,0.0132568180468,0.000309793597736
0.459186157443,0.234084520087,0.0306391233398,0.27609019913
0.0667563282727,0.0328582620088,0.628609693935,0.271775715783
0.0578862650673,0.258395153622,0.0249757822027,0.658742799108
0.130201768245,0.0895471505972,0.440584837575,0.339666243582
0.291161096583,0.112221406707,0.314420099345,0.282197397365
0.00181996579462,0.581255704351,0.399492834118,0.0174314957371
0.188962471393,0.461763456737,0.0639827884527,0.285291283417
0.319821037041,0.303283077578,0.290292219979,0.0866036654018
0.392429743005,0.0444383900639,0.0599065993729,0.503225267558
0.0836273678008,0.680366526281,0.210393604596,0.0256125013217
0.0395653363555,0.449534572015,0.505915362307,0.00498472932182
0.0434952841878,0.0307335845711,0.63435079654,0.291420334701
0.0538991684233,0.338386933114,0.244629681308,0.363084217155
0.0858620706648,0.18075896054,0.655023595707,0.0783553730883
0.150389579674,0.0466641233254,0.618198539552,0.184747757449
0.0228802929471,0.0461969771468,0.661584677036,0.26933805287
0.455155557375,0.515220403388,0.01808801935,0.0115360198873
0.000305198347461,0.872876352594,0.00643308582876,0.12038536323
0.635321289178,0.0231971111374,0.068321345528,0.273160254157
0.10015581256,0.306153171741,0.273443204116,0.320247811583
0.910146415498,0.0864380850769,0.00228577377407,0.00112972565138
0.0304259171374,0.363579171286,0.11105426531,0.494940646267
0.953308901101,0.00540357216939,0.0254290102226,0.0158585165073
0.477445012612,0.0217069771482,0.470283015478,0.0305649947614
0.00416131072912,0.0785815356301,0.651026286442,0.266230867199
0.000116445438514,0.858150965542,0.000585325445977,0.141147263573
0.0877409715383,0.0366675229457,0.0134964649633,0.862095040553
0.0626310664306,0.331984117881,0.0972181125139,0.508166703175
0.0537523589183,0.116370954831,0.781774003447,0.0481026828032
0.554012041199,0.091940261074,0.29455141763,0.0594962800978
0.325675524335,0.206584633367,0.306887027176,0.160852815123
0.619320251931,0.138600191527,0.0770036920463,0.165075864496
0.0928807353421,0.401818715384,0.501905184936,0.00339536433775
0.351206750872,0.0132886020535,0.206758458958,0.428746188116
0.00680388976965,0.0196707593799,0.804871962968,0.168653387883
0.0047702273507,0.147346365817,0.625878615666,0.222004791166
0.206071288398,0.0461217603176,0.373106230263,0.374700721021
0.155085211816,0.751204135992,0.0890147194785,0.00469593271406