0.23197320298,0.336998817588,0.320378812882,0.11064916655
0.194726462442,0.425255650296,0.20783578322,0.172182104042
0.209294233634,0.136302524739,0.549101733447,0.10530150818
0.455368329575,0.290562467723,0.0276405163599,0.226428686341
0.115432332277,0.113434250175,0.231337791872,0.539795625676
0.972958547351,0.00437925840991,0.0153260699644,0.00733612427486
0.113329837982,0.622056651008,0.000390881457286,0.264222629553
0.00771484528486,0.619175529344,0.0047106403952,0.368398984976
0.0494988586506,0.77723843525,0.0212360590601,0.152026647039
0.135428249659,0.357620650778,0.506620166289,0.000330933273069
0.0969372871416,0.229340533717,0.613592796331,0.0601293828102
0.263657096079,0.0514167458491,0.077189410994,0.607736747078
0.385945630209,0.234541834823,0.114665619781,0.264846915187
0.00536333816962,0.0236927463481,0.815359569951,0.155584345532
0.0125863198922,0.21475893365,0.647843229622,0.124811516836
0.276611903382,0.546758151019,0.105807514176,0.0708224314231
0.291711318595,0.53256793942,0.0544047438665,0.121315998119
0.41249394839,0.576471039155,0.00346274875291,0.00757226370154
0.058591410858,0.386076750872,0.023730637451,0.531601200819
0.0417626590518,0.760554436194,0.181651385841,0.0160315189129
0.884346507154,0.00185294095585,0.00161214069779,0.112188411192
0.108597381972,0.0257751720673,0.865173008291,0.000454437669746
0.414222020284,0.116706508201,0.132619509005,0.33645196251
0.00154731333928,0.00319584894472,0.0214502418329,0.973806595883
0.292515845472,0.513184543068,0.0645212206978,0.129778390762
0.0399362884899,0.377968834545,0.224618233605,0.357476643361
0.0248014270516,0.836987831775,0.0298771299828,0.10833361119
0.705518725642,0.0385915976594,0.207208296311,0.0486813803876
0.409995192435,0.229881717301,0.142199887329,0.217923202936
0.175551457538,0.499855452125,0.195444349681,0.129148740655
0.329120580068,0.0145296936856,0.380110196421,0.276239529826
0.00058627026779,0.43575760566,0.563329959255,0.000326164816389
0.203413170608,0.0667249511652,0.389163792992,0.340698085234
0.0762686682647,0.191244206981,0.463947855621,0.268539269134
0.358370793599,0.295449755946,0.258413056676,0.0877663937798
0.41154415253,0.339262275853,0.063721311245,0.185472260372
0.39153747485,0.132340325533,0.0731994281174,0.4029227715
0.00905639206852,0.228576688853,0.756930557267,0.00543636181151
0.361071613544,0.00850543155596,0.625414668867,0.00500828603212
0.029131372009,0.0771531250202,0.885789517453,0.00792598551829