0.203948202685,0.173752099813,0.434860601546,0.187439095956
0.0115616687372,0.141181875988,0.109550138382,0.737706316892
0.711013970751,0.0648850636035,0.215187922207,0.00891304343861
0.0652321833631,0.0616273565126,0.838135248949,0.035005211175
9.81349238955e-05,0.028681625894,0.970437566193,0.000782672989514
0.259127388519,0.030411808529,0.355210236393,0.355250566559
0.020812030811,0.037245436062,0.922282276176,0.0196602569506
0.115080694808,0.12764401124,0.725546748541,0.0317285454121
0.074534367004,0.91920897464,0.00157026667828,0.00468639167755
0.0632685017819,0.129447347798,0.68914777632,0.1181363741
0.262134336451,0.032627019975,0.514997542642,0.190241100932
0.946797902677,0.031598135381,0.00217750660933,0.0194264553323
0.121501556088,0.418914296164,0.154422009691,0.305162138057
0.0152387597601,0.279223237432,0.26205297266,0.443485030148
0.470240863487,0.00754341429817,0.109002919717,0.413212802498
0.66823697216,0.0150584953105,0.0697706345602,0.246933897969
0.0643291577706,0.553436001631,0.275445662045,0.106789178554
0.404866454567,0.114640072735,0.0810132198113,0.399480252887
0.00245673550299,0.00236030099602,0.0271035701716,0.968079393329
0.104101455703,0.309908234038,0.56591314813,0.0200771621297
0.776206784004,0.105642828668,0.053909280649,0.0642411066791
0.806535214096,0.0706927847508,0.0559138638367,0.0668581373165
0.00906115485134,0.0678428307569,0.842493428242,0.0806025861497
0.365188087903,0.0202949648261,0.258466935865,0.356050011406
0.000969561777344,0.993712120358,0.00286720696563,0.00245111089918
0.0686251172445,0.375604400159,0.0791596011769,0.47661088142
0.0180001742095,0.703865800746,0.0357544038531,0.242379621192
0.37810741595,0.597282763559,0.00264359222769,0.0219662282634
0.320991619482,0.406375788788,0.126241809158,0.146390782572
0.879033519126,0.0413103606746,0.0436818859143,0.0359742342848
0.15839601048,0.524593217019,0.0969393270459,0.220071445455
0.31634074444,0.296099597082,0.0758254274023,0.311734231076
0.586468120758,0.317308351928,0.0681329759792,0.0280905513347
0.262417085235,0.0123205158715,0.0956116497895,0.629650749104
0.120437853632,0.0647109579806,0.640087216642,0.174763971745
0.0391489849153,0.178297708546,0.487534866987,0.295018439552
0.407813034197,0.522846729087,0.0153470378052,0.0539931989108
0.136046951188,0.0195093864216,0.668179770698,0.176263891693
0.252735051863,0.19339282024,0.012009384997,0.541862742901
0.0207993264844,0.0918848697115,0.677563872204,0.2097519316