0.135031280275,0.397304921729,0.286538869036,0.181124928961
0.338227264267,0.00976430811667,0.00469266331862,0.647315764297
0.405412244311,0.202586232402,0.232078054352,0.159923468935
0.850059893343,0.0323625876599,0.0389955723414,0.0785819466559
0.405991981293,0.305417567866,0.0264488086531,0.262141642187
0.257255598853,0.197367797363,0.425509476443,0.119867127341
0.0494597961657,0.0744385074682,0.463225067245,0.412876629121
0.284072750716,0.323493533221,0.314439121781,0.0779945942817
0.633842504806,0.0292264167392,0.16844055543,0.168490523025
0.335195708259,0.0828244558281,0.48221206116,0.0997677747525
0.232802029348,0.0220839247156,0.675027105612,0.0700869403243
0.210458368922,0.294293373166,0.396547257901,0.0987010000115
0.679963231532,0.283167568877,0.00657619211293,0.0302930074783
0.50531696522,0.181641080827,0.0593083842193,0.253733569734
0.466292837063,0.274729372372,0.176743809402,0.082233981163
0.00485763740674,0.938876464756,0.0268648889359,0.0294010089017
0.766689040267,0.0734587351303,0.0263417758065,0.133510448796
0.0026740631532,0.942009840645,0.00154908937667,0.0537670068252
0.310077812252,0.341308992377,0.224833471141,0.12377972423
0.226136717295,0.028999530468,0.723900679446,0.0209630727909
0.00277584425633,0.932498838772,0.0129991939429,0.0517261230289
0.167712687927,0.256955533019,0.481344738311,0.0939870407425
0.189423156214,0.243450484758,0.332373921637,0.234752437391
0.0155676975471,0.868603813448,0.0884221180621,0.0274063709423
0.448360106645,0.404637035149,0.00376304156045,0.143239816645
0.128938851491,0.180062345534,0.552432671304,0.138566131671
0.619829187288,0.241085026581,0.00396136374339,0.135124422388
0.155601180996,0.45289057657,0.311480345967,0.0800278964663
0.258763357873,0.336554416458,0.100912128372,0.303770097296
0.302352586124,0.239906220518,0.413397142106,0.0443440512523
0.685280597561,0.0606126890775,0.181294149199,0.0728125641621
0.801713170966,0.0921680802815,0.084914306763,0.0212044419898
0.812358411944,0.0545660673585,0.126872356495,0.00620316420226
0.195216420078,0.149376216823,0.447880274717,0.207527088381
0.046397728908,0.140889186569,0.495781950534,0.316931133989
0.314968317671,0.153611480866,0.220571564719,0.310848636744
0.0740559630132,0.745607738037,0.00695224075205,0.173384058198
0.0868579751725,0.0794556055886,0.631601552846,0.202084866393
0.791666409777,0.0170942104137,0.0123429784933,0.178896401316
0.000406249620706,0.806452866915,0.0452973610201,0.147843522444