0.0299822120269,0.934515742929,0.00487822646971,0.0306238185741
0.208176626089,0.0220434258716,0.0080564552246,0.761723492815
0.184162436003,0.638308319624,0.0225436154959,0.154985628877
0.303067066597,0.345364244079,0.135910012122,0.215658677202
0.172546427,0.00489611655931,0.482803173671,0.33975428277
0.040841594163,0.204953243381,0.644539670088,0.109665492368
0.0187958542099,0.0386162905347,0.0324141432807,0.910173711975
0.344466266131,0.00155626298772,0.526694307032,0.12728316385
0.591705345745,0.210616041087,0.103436390952,0.094242222216
0.195900413809,0.145559951835,0.261735945575,0.396803688782
0.331974128078,0.0182106819076,0.147688803249,0.502126386765
0.704468996105,0.0458710276372,0.136897815423,0.112762160835
0.0904938494269,0.258276187291,0.0224229247913,0.62880703849
0.325540836751,0.11964079378,0.438577737358,0.116240632111
0.224768921721,0.149355179268,0.0392932320243,0.586582666987
0.315099061895,0.0485561748951,0.413739069925,0.222605693285
0.967995170078,0.021777074483,0.00890163341746,0.0013261220216
0.127517304519,0.100100252008,0.0776922145583,0.694690228914
0.0278706065748,0.0955947372309,0.650889657519,0.225644998675
0.0345925564923,0.0751331616369,0.00256056750628,0.887713714365
0.581021677624,0.11760919359,0.231786551673,0.0695825771119
0.793028400455,0.0298096065826,0.0788221913301,0.098339801632
0.503691527388,0.111357992451,0.00857841083267,0.376372069328
0.0787864723139,0.0197071578192,0.618166546641,0.283339823226
0.00326893222389,0.0079213011567,0.969277517713,0.0195322489061
0.121447439217,0.00665232809034,0.000612356281844,0.871287876411
0.170846253163,0.389895352759,0.429321117775,0.00993727630305
0.281569903669,0.0941284949302,0.407812277382,0.216489324019
0.214747711152,0.0999350220626,0.572629951592,0.112687315194
0.304216719043,0.0191515359827,0.169252027625,0.50737971735
0.0236654999143,0.582816718571,0.133880616979,0.259637164536
0.067298246021,0.00761327012029,0.821774396002,0.103314087857
0.263520545468,0.597083805786,0.0865450709411,0.0528505778045
0.686335885667,0.125063864176,0.0328564330422,0.155743817115
0.572630706571,0.389229933446,0.00715918626022,0.0309801737227
0.160379162303,0.304734326142,0.506024382129,0.0288621294264
0.228438426392,0.524451898941,0.0207442785016,0.226365396166
0.55834186055,0.0191883100868,0.183533214598,0.238936614765
0.163600339777,0.600734197195,0.159753989141,0.0759114738866
0.154310588676,0.165257584651,0.0419747098517,0.638457116822