0.972664578192,0.00319938010828,0.0223169773651,0.00181906433419
0.00755124045723,0.32035793074,0.0632929539078,0.608797874895
0.110143386714,0.39002978088,0.397412824788,0.102414007617
0.988158614153,0.000841091001461,0.00206038130924,0.00893991353611
0.137100991794,0.621959816341,0.129529157888,0.111410033977
0.0189117850613,0.0596996525029,0.00369052496605,0.91769803747
0.520591393816,0.25278284382,0.155795338248,0.0708304241158
0.938325709142,0.00534996261323,0.0282652197679,0.0280591084773
0.256762154359,0.0415466266805,0.63281211536,0.0688791035999
0.190642739858,0.0943040877527,0.0623531808027,0.652699991587
0.529459065369,0.00911079456486,0.00292441004729,0.458505730019
0.207433218077,0.00812358106582,0.00429157541453,0.780151625443
0.319918919278,0.669796071388,0.00964114633072,0.000643863003835
0.378161590188,0.0512401915741,0.565181234214,0.00541698402388
0.10255417069,0.0868085235912,0.377144987307,0.433492318411
0.0110613900387,0.0579603123596,0.23099104416,0.699987253442
0.778659185634,0.0514058084489,0.0993716835317,0.0705633223853
0.988661196095,0.00498568699348,0.00251213587627,0.00384098103555
0.684031701569,0.0917496750546,0.208996573271,0.0152220501046
0.0398873573974,0.0903211832542,0.799551737033,0.0702397223153
0.56775839575,0.222795442573,0.0323849422294,0.177061219448
0.0477062235183,0.472977244401,0.114343378706,0.364973153374
0.119655068702,0.0351360672242,0.375445875159,0.469762988916
0.254703237916,0.00117824831662,0.000757827886142,0.743360685881
0.306158953513,0.293807451052,0.190961007253,0.209072588182
0.964273322387,0.00609216749998,0.0206683044581,0.00896620565533
0.219264852656,0.73167801958,0.00621005977388,0.0428470679901
0.177784562774,0.391785652423,0.0704306777793,0.359999107023
0.308790413573,0.272646110908,0.171713415429,0.24685006009
0.0237421729319,0.314656342119,0.351885983808,0.309715501142
0.00214430318107,0.000473516339691,0.661951229625,0.335430950854
0.102850496565,0.175045224817,0.201107646229,0.520996632389
0.0862968339568,0.215793319276,0.0328933189149,0.665016527853
0.0302456303606,0.226646662794,0.711574809555,0.0315328972904
0.49506682952,0.0885480738408,0.0803383749558,0.336046721683
7.76061524344e-05,0.000353991128019,0.355659884047,0.643908518672
0.143939637549,0.769817923802,0.055837768568,0.0304046700813
0.0420696307916,0.00874554674538,0.946250394247,0.00293442821649
0.114686509664,0.0373229611489,0.109455630734,0.738534898453
0.29800389653,0.0511167502237,0.0537161319065,0.59716322134