0.287011002401,0.562211201967,0.0736029143766,0.0771748812557
0.551517950216,0.260431868689,0.167957242035,0.0200929390599
0.380743576357,0.24745303925,0.00400787553652,0.367795508856
0.0590179042039,0.00974287079423,0.0117951696033,0.919444055399
0.0704204739853,0.0513972093669,0.782307179739,0.0958751369084
0.163752704903,0.267390683485,0.424422696529,0.144433915084
0.0226707364253,0.024743379315,0.947446445945,0.00513943831511
0.982953279448,0.00405142471835,0.00451592713543,0.00847936869809
0.0582935446013,0.198585789701,0.254865104544,0.488255561153
0.38894183841,0.167820662113,0.386346530673,0.056890968805
0.0301023944612,0.354482432072,0.612723754486,0.00269141898143
0.622785729007,0.206098711728,0.106703507047,0.0644120522181
0.298206409241,0.105913179555,0.584892484546,0.0109879266578
0.550948290619,0.0997925716673,0.180586623729,0.168672513985
0.422751291866,0.1571787508,0.0909362849845,0.329133672349
0.0658693901365,0.28097626983,0.181214790239,0.471939549795
0.0089843612906,0.21294606171,0.0168118041067,0.761257772893
0.516711146793,0.0197458269335,0.162413515446,0.301129510827
0.0176607535021,0.110098887473,0.704967330732,0.167273028293
0.014617473273,0.0248378799254,0.00546359335046,0.955081053451
0.00781568538641,0.574839084898,0.0076222119336,0.409723017782
0.0500347683757,0.150956283305,0.730448079796,0.0685608685241
0.615816261817,0.206851650033,0.141836429963,0.0354956581872
0.990071865057,0.000142974921926,0.00976998631271,1.51737079803e-05
0.207899849802,0.61861597185,0.120719237707,0.0527649406406
0.300451668962,0.312720092734,0.0766816886114,0.310146549692
0.678317836614,6.34753132048e-05,0.00768328752801,0.313935400545
0.320595157601,0.673476498074,0.00273906812857,0.00318927619645
0.00100171126794,0.00648172145731,0.985018848766,0.00749771850876
0.00360171693635,0.861354939915,0.0073881430332,0.127655200115
0.0567112136725,0.196572504219,0.021324187486,0.725392094623
0.0179196420697,0.190536499909,0.723952914288,0.0675909437334
0.0712130845392,0.0232480845598,0.797256655591,0.10828217531
0.344387136624,0.388589858811,0.176424871299,0.0905981332671
0.01949861616,0.299661905702,0.62844089327,0.0523985848677
0.00121032942525,0.738802829209,0.257695864106,0.0022909772602
0.302803031348,0.268758382632,0.158098796313,0.270339789707
0.00354220182059,0.00183916843509,0.0598694761231,0.934749153621
0.535281604217,0.176434472323,0.210342547198,0.077941376262
0.0749798816902,0.38145600167,0.0982481126147,0.445316004025