0.237938193074,0.582788866353,0.164538282892,0.0147346576816
0.0305441996129,0.0418890199826,0.0258526608363,0.901714119568
0.0334834029452,0.0290602481169,0.00454140232451,0.932914946613
0.167523102151,0.0190507707919,0.0140258747747,0.799400252282
0.450260484936,0.00240172288873,0.547060260757,0.000277531418025
0.672640820216,0.0801762825363,0.0780411513696,0.169141745878
0.279724111418,0.090352263819,0.344002334888,0.285921289875
0.0266809060533,0.84732043553,0.0778520646662,0.04814659375
0.323255747246,0.462873279358,0.0934146367551,0.120456336641
0.016550170782,0.670685838914,0.0132448500832,0.299519140221
0.0969809593131,0.224063812111,0.227003403121,0.451951825455
0.308149753967,0.144790472309,0.0688191757318,0.478240597993
0.057515470998,0.24370832459,0.624644955158,0.0741312492544
0.357654374449,0.218166702354,0.12947354879,0.294705374407
0.233924552347,0.507830568665,0.0739227352848,0.184322143703
0.0972504147078,0.43999742748,0.197782077397,0.264970080415
0.348782624302,0.00258434993033,0.515682917627,0.132950108141
0.013912391002,0.0368265799925,0.0640142532492,0.885246775756
0.0728278446048,0.0458928801814,0.833979317534,0.0472999576802
0.364029645896,0.301925031378,0.0616040567033,0.272441266023
0.191510328539,0.518167434633,0.244622508089,0.0456997287386
0.167913183373,0.672126722563,0.139327301095,0.0206327929691
0.0260327225877,0.366954944863,0.00592673257909,0.60108559997
0.405193252753,0.15957095732,0.131545519487,0.303690270441
0.444084554081,0.235813311379,0.0492884110253,0.270813723515
0.647848833099,0.209494964708,0.0570371871419,0.0856190150506
0.00835610995829,0.285162829266,0.0830773495207,0.623403711255
0.00656948637211,0.0219752601621,0.501270694893,0.470184558572
0.00315903460268,0.11016715919,0.807379154016,0.0792946521911
0.186287166512,0.148381740712,0.173562763922,0.491768328855
0.326208474191,0.0949149240555,0.0402022345874,0.538674367166
0.24944821122,0.384800135125,0.346804270531,0.0189473831239
0.837040595747,0.0185143099505,0.010626548246,0.133818546056
0.221895508404,0.202340382197,0.515994674239,0.0597694351594
0.323110329037,0.327767728964,0.180862268255,0.168259673744
0.0140150711197,0.916876496654,0.00451556302634,0.0645928692004
0.645252994917,0.0819966566142,0.145225554877,0.127524793592
0.102696500417,0.80531353378,0.00632859541895,0.0856613703848
0.0387778858343,0.265702832483,0.644277307012,0.0512419746705
0.140365448874,0.218850150457,0.513181390715,0.127603009953