0.42136460044,0.0121273764005,0.0815519548363,0.484956068323
0.0388586023028,0.106059833979,0.203728440151,0.651353123567
0.369484448097,0.242746275382,0.0075289407008,0.380240335819
0.0915433112719,0.304941297294,0.387922374955,0.215593016479
0.0171989475022,0.600727632519,0.38159949069,0.00047392928868
0.451318040039,0.148382405675,0.288573234098,0.111726320188
0.0258271707892,0.115732556404,0.836378520415,0.022061752391
0.0628430635755,0.0102854141861,0.920315301635,0.00655622060316
0.0457809747977,0.750099833983,0.189215651186,0.0149035400335
0.119804318236,0.427686384123,0.222312124398,0.230197173243
0.133218690344,0.0275939260116,0.298882224941,0.540305158703
0.000347275608162,0.991310672743,0.00716908701551,0.00117296463305
0.586658121168,0.101906842884,0.145956016897,0.16547901905
0.0599743981015,0.0872689742726,0.842949148191,0.00980747943514
0.0181085423989,0.923845382866,0.0035793443802,0.0544667303546
0.020583026918,0.206889166154,0.414458039544,0.358069767384
0.0327202036437,0.911750596709,0.0333591222316,0.0221700774157
0.470203165126,0.277648817634,0.0411605947908,0.210987422449
0.137285963372,0.654843472303,0.183364314634,0.0245062496903
0.0422760495196,0.35619431977,0.297408465599,0.304121165111
0.375592944499,0.307681368369,0.125862442696,0.190863244435
0.292752927553,0.161815564729,0.262214845502,0.283216662215
0.298639230763,0.535541972207,0.104508149788,0.0613106472418
0.672470374369,0.0067179984408,0.274024817364,0.0467868098267
0.373541846196,0.0130473083896,0.245007650392,0.368403195022
0.0181597085553,0.0414099399282,0.791817362421,0.148612989095
0.165972893854,0.0408785061845,0.405043272306,0.388105327655
0.00292549075174,0.729977856263,0.102332763258,0.164763889727
0.0574818947657,0.16027339353,0.059367415343,0.722877296361
0.0482363617808,0.761280699874,0.174858697167,0.0156242411779
0.244812218288,0.380795186489,0.0637629185951,0.310629676628
0.0416591270577,0.668858856456,0.0643333437071,0.225148672779
0.211635594949,0.0719049607289,0.0777825441712,0.638676900151
0.0226943403068,0.570575062042,0.213947374866,0.192783222785
0.00927729707308,0.00169854409016,0.145689769681,0.843334389156
0.187203941967,0.161615362931,0.10217273057,0.549007964531
0.263997213648,0.147131724282,0.380209705087,0.208661356982
0.0721800351707,0.377365813557,0.515663224425,0.0347909268472
0.0779341914558,0.378091083705,0.120505988396,0.423468736443
0.0176653754149,0.0370841419984,0.047893378118,0.897357104469