0.0903618770683,0.871682908956,0.0282419793652,0.00971323461094
0.627048101803,0.0898887298124,0.23211731238,0.0509458560045
0.0685000393997,0.29883928165,0.274484465139,0.358176213811
0.074214275438,0.446528629656,0.0028095223052,0.476447572601
0.000860576883637,0.137372258186,0.589493820002,0.272273344929
0.914414640003,0.0595892186284,0.00406521056416,0.0219309308049
0.11378287895,0.150513616293,0.620127438979,0.115576065779
0.323847761986,0.132538843867,0.218220123873,0.325393270274
0.189900614857,0.0090588068473,0.0205351275696,0.780505450726
0.273417340392,0.220455754797,0.453970349222,0.0521565555892
0.213873003972,0.630225725302,0.00778725930336,0.148114011423
0.326429768039,0.417792214432,0.117549732006,0.138228285522
0.0604446976189,0.0486766470494,0.724064082381,0.166814572951
0.0701694220506,0.409128622705,0.147161854239,0.373540101005
0.00632597415569,0.020523900457,0.936775768072,0.0363743573156
0.0312107778498,0.487514110654,0.183889285216,0.29738582628
0.399583833057,0.492271954341,0.0533539626012,0.0547902500011
0.0976086587213,0.03503202858,0.112870223697,0.754489089002
0.276801267928,0.310719398544,0.0503039119368,0.36217542159
0.219479520557,0.122212974224,0.598490454407,0.059817050811
0.578948464053,0.111946628763,0.0115296675468,0.297575239638
0.305119048723,0.0659806052957,0.385449722442,0.243450623539
0.431649255353,0.0706173879159,0.221199720793,0.276533635938
0.0473455051354,0.110551662985,0.801052998632,0.0410498332477
0.10610292163,0.150367500634,0.0608019880393,0.682727589696
0.192417402393,0.0143028122161,0.103686752692,0.689593032699
0.151066060271,0.0350335994435,0.794145374256,0.01975496603
0.332923390276,0.135564341022,0.48859451777,0.0429177509323
0.319439555722,0.0334773068516,0.55179176339,0.0952913740361
0.222289728168,0.339048339632,0.266639669677,0.172022262524
0.0612471560504,0.0235341671249,0.00923359310381,0.905985083721
0.0386449361622,0.892490207088,0.0427082791034,0.0261565776466
0.00425293238085,0.0284622402914,0.668208762085,0.299076065243
0.614399987044,0.0348757695445,0.150941577783,0.199782665628
0.0507310396111,0.11506253681,0.671137254109,0.16306916947
0.276398095959,0.3321759921,0.297302242194,0.0941236697479
0.0654016324971,0.0313269670889,0.0152649460094,0.888006454405
0.147833116359,0.0776515098223,0.498109244852,0.276406128966
0.507156244569,0.170424317923,0.108659623611,0.213759813897
0.00863866597679,0.00890729350571,0.974403990409,0.00805005010832