0.989858287804,0.00698754314962,0.00243083250342,0.000723336542891
0.10101921534,0.129605478575,0.260177603284,0.509197702802
0.120952919358,0.0426220642108,0.00384307676374,0.832581939667
0.336580325174,0.0479613961028,0.295012350326,0.320445928396
0.00651159381831,0.673403631476,0.315970805082,0.00411396962399
0.0773601896461,0.00746783070432,0.842549512314,0.0726224673353
0.915678540926,0.000940297079566,0.0541527736164,0.0292283883779
0.38941354294,0.139806509988,0.319630109959,0.151149837113
0.0485497208753,0.440670131912,0.0150527363697,0.495727410843
0.549981237869,0.165585595366,0.106420389986,0.178012776779
0.296770771868,0.00690920558875,0.675618670101,0.0207013524426
0.0186696039273,0.497812047748,0.420565585687,0.0629527626377
0.0449174388855,0.631112299632,0.258689138341,0.0652811231418
0.0412535538142,0.039886709191,0.00383552057993,0.915024216415
0.0735520790355,0.378145403856,0.041499690927,0.506802826182
0.634958116516,0.320253432314,0.0149531013038,0.0298353498661
0.0557833595743,0.0162007312537,0.908988856092,0.0190270530803
0.152207926972,0.129042398726,0.272534247626,0.446215426676
0.12254867476,0.0286174756551,0.00329508472248,0.845538764862
0.331854807564,0.000783674721283,0.281344488098,0.386017029617
0.875625365315,0.0376541093112,0.0772530093689,0.00946751600479
0.40447452539,0.109026085051,0.0344992819137,0.452000107646
0.00479728114788,0.962959043554,9.64472479183e-05,0.0321472280506
0.0010523130737,0.00221573625577,0.0426871255078,0.954044825163
0.2882452958,0.00913747137212,0.182408708924,0.520208523904
0.999808169983,6.53536926463e-05,2.80209231282e-05,9.84554010774e-05
0.0836079278103,0.616148974693,0.291218793304,0.00902430419276
0.0523310638293,0.295300042905,0.0157240788103,0.636644814455
0.502346032498,0.00171456004683,0.405530060514,0.0904093469416
0.0707637235799,0.0515591007808,0.702259983431,0.175417192208
0.0127131324572,0.500041970694,0.240763922713,0.246480974136
0.873444848864,0.125971992364,1.62468476098e-05,0.000566911924489
0.0181542390856,0.535352065566,0.433424001971,0.0130696933778
0.984248713025,0.00612915082719,0.000109538314874,0.00951259783278
0.300719651608,0.108332958569,0.246748156955,0.344199232868
0.0758272990606,0.246226273052,0.229254830688,0.4486915972
0.0626377696942,0.0151999881832,0.91237890719,0.00978333493262
0.11996265833,0.307762971873,0.554450933299,0.0178234364986
0.0859917685791,0.0828274030972,0.341216354372,0.489964473952
0.0316930810341,0.0481363687548,0.685284978183,0.234885572028