0.000846905645199,0.997315253053,0.000371859269156,0.00146598203283
0.0621382064822,0.718155597533,0.0103506912673,0.209355504717
0.284442083587,0.309521833496,0.0379471531589,0.368088929758
0.947904985626,0.0152674087482,0.00613783503094,0.0306897705945
0.118598751483,0.168872260459,0.519742784772,0.192786203286
0.32320377345,0.000335365617761,0.185881888743,0.49057897219
0.318098612169,0.1218583462,0.0368925736445,0.523150467986
0.0313932558704,0.205696426217,0.761076543928,0.00183377398512
0.0433981121462,0.842213303805,0.0951503209179,0.0192382631312
0.0112450597952,0.0409902076743,0.587528844903,0.360235887628
0.0497447552922,0.198133959052,0.371236116577,0.380885169079
0.341993821582,0.589992688921,0.0417676170932,0.0262458724037
0.0786008716443,0.546951392436,0.327459150448,0.0469885854718
0.39631969801,0.0248641925942,0.393035035413,0.185781073983
0.420725320958,0.105459107682,0.0233485289437,0.450467042417
0.72322096075,0.0190175978342,0.181530695772,0.0762307456445
0.0364361493346,0.466606284376,0.254263634523,0.242693931766
0.176378589288,0.781113706647,0.0372315657064,0.00527613835926
0.0635247816747,0.209932637072,0.172471733125,0.554070848128
0.0177203040198,0.0418231761272,0.0577868250663,0.882669694787
0.0795650073021,0.306868965033,6.11897095874e-05,0.613504837956
0.0256110032191,0.0354474127903,0.29564735829,0.643294225701
0.0213179144374,0.433097820994,0.385279376928,0.160304887641
0.0824536814406,0.623890814706,0.253652847853,0.0400026560003
0.183580726313,0.407032974472,0.182662845769,0.226723453445
0.100621880164,0.0284040717229,0.734917756562,0.136056291552
0.106880106603,0.206995895111,0.0904645936376,0.595659404648
0.210543487051,0.0133221871005,0.654557492138,0.121576833711
0.020956552023,0.193409487763,0.613644232769,0.171989727445
0.124503818772,1.85745162928e-07,0.87519491311,0.000301082372877
0.310166691878,0.460493393151,0.148445175719,0.0808947392528
0.466797621839,0.0427888621517,0.144410520309,0.3460029957
0.197532373119,0.337821866911,0.451337855075,0.0133079048945
0.640723920353,0.116701587878,0.0142070672083,0.228367424561
0.175920458105,0.19593382172,0.549461020858,0.0786846993171
0.3423213893,0.0692445679993,0.561163695032,0.0272703476684
0.391941024516,0.037450181366,0.0516534241541,0.518955369963
0.514443085767,0.0362284709436,0.139655277787,0.309673165502
0.431326194183,0.137618798673,0.354536632821,0.0765183743227
0.416346815896,0.00203586141804,0.00966984660357,0.571947476083