0.0118082922416,0.0170288034577,0.840413543489,0.130749360811
0.972963257747,0.00818276562791,0.00320709488003,0.0156468817451
0.167258964294,0.41589017227,0.085079572846,0.33177129059
0.00451428970283,0.178541621744,0.763499079104,0.0534450094495
0.459538140022,0.428471649575,0.0544906304494,0.0574995799538
0.0621084064001,0.497557161903,0.0127877603319,0.427546671365
0.0158194999328,0.505385093196,0.0113580611455,0.467437345726
0.982358264724,0.00208474618703,0.00243526286203,0.0131217262273
0.0528570249084,0.567232365719,0.336604720046,0.0433058893263
0.211668994004,0.0582218081576,0.1960801185,0.534029079338
0.0640690369387,0.00122634181716,0.854839453437,0.0798651678071
0.228979412086,0.683040196015,0.0717481885698,0.0162322033288
0.643943789339,0.30891923174,0.022933517369,0.0242034615514
0.0318280618376,0.0714383990433,0.408736618292,0.487996920827
0.127645565155,0.146536535872,0.585526149105,0.140291749868
0.0779881571982,0.76936323151,0.134378050822,0.0182705604698
0.622957899798,0.0081059600164,0.11217819604,0.256757944145
0.933111411279,0.0242282353118,0.0312679757938,0.0113923776159
0.00509542828059,0.63052681492,0.235410976986,0.128966779814
0.0856662586943,0.682678511341,0.0768531829545,0.15480204701
0.000537730922901,0.000643412921691,0.000370450457673,0.998448405698
0.099049051143,0.648066016006,0.237439886582,0.0154450462683
0.0265951687605,0.463048405577,0.356611961344,0.153744464318
0.221373236057,0.381137824327,0.297302353857,0.10018658576
0.23782491992,0.290702259326,0.0366329170566,0.434839903698
0.00746321492693,0.3509773531,0.376451672054,0.26510775992
0.228475236364,0.242784457682,0.444622545634,0.0841177603203
0.748975553804,0.11522733173,0.0583177626351,0.0774793518308
0.0388518781429,0.313739832088,0.321632480144,0.325775809625
0.659713378302,0.0346359126617,0.291142937079,0.0145077719567
0.0394194176016,0.0933869865987,0.816370228289,0.050823367511
0.000632614344735,0.0964714617585,0.899357284956,0.00353863894112
0.0137037012434,0.209770785997,0.753045368295,0.0234801444646
0.0682867383629,0.0161284884342,0.322027978197,0.593556795006
0.367421179167,0.201307729034,0.0781242340027,0.353146857796
0.35365615854,0.0873997759454,0.0463724740581,0.512571591457
0.272832782014,0.310960984393,0.0800799031416,0.336126330452
0.00368857324027,0.0844369502978,0.310528822401,0.601345654061
0.0534926513861,0.182735145337,0.175388677172,0.588383526105
0.0120752485515,0.00376454306911,0.971049511533,0.0131106968463