0.401487627534,0.302812416583,0.0478997964882,0.247800159395
0.0397652131593,0.225536892722,0.0350400209177,0.699657873201
0.603804099201,0.0459805419523,0.224564839614,0.125650519233
0.0878931008211,0.638381971024,0.232602244772,0.0411226833826
0.0101215304903,0.0546782657137,0.280509392208,0.654690811588
0.541838344886,0.0589553784381,0.340141419229,0.0590648574475
0.181953259194,0.183147011016,0.0405489302363,0.594350799554
0.0683229429876,0.753548515728,0.164651827437,0.0134767138481
0.768650459834,0.00184803930771,0.0873327025369,0.142168798322
0.112377972122,0.253643843326,0.139143885504,0.494834299048
0.00147164814856,0.0815283273749,0.00425414634077,0.912745878136
0.347388095024,0.175314472653,0.384597547216,0.0926998851075
0.638991374729,0.0356109789291,0.320707016633,0.0046906297084
0.00656085697479,0.442424864882,0.0446495243203,0.506364753823
0.23923916658,0.340659314863,0.259489302734,0.160612215823
0.0532110672749,0.00902932671029,0.0126086636634,0.925150942351
0.017781827834,0.0496183062362,0.176557822112,0.756042043818
0.00815966632971,0.00226542126643,0.914876231502,0.074698680902
0.00629967037765,0.419337789236,0.028414255171,0.545948285215
0.0374402027883,0.938499116954,0.0178906495926,0.00617003066524
0.00171652699424,0.589217711011,0.00317157373522,0.405894188259
0.205063789878,0.065021788495,0.44424604551,0.285668376117
0.0586539276938,0.139993891393,0.0335133664923,0.76783881442
0.145097309534,0.33853976548,0.0358540693119,0.480508855674
0.548844148221,0.00719989382043,0.433989820132,0.0099661378267
0.00127917535198,0.78923715331,0.0989226021011,0.110561069237
0.0690862958799,0.384748216581,0.522433866001,0.0237316215387
0.504472061344,0.000479724258436,0.0267854762732,0.468262738124
0.271216323941,0.130055914745,0.329522812865,0.269204948449
0.570931559229,0.123905527487,0.205582359219,0.0995805540655
0.298071311653,0.672201810051,0.00955860255963,0.0201682757361
0.0297164631158,0.639762293554,0.0352958706796,0.295225372651
0.367940401682,0.0592847061407,0.1857692382,0.387005653977
0.531835347515,0.00428054601644,0.308466713784,0.155417392684
0.0593457128493,0.571408611357,0.361741115483,0.00750456031009
0.00778223047163,0.0714744795588,0.0777745944241,0.842968695545
0.235167893859,0.0497225167761,0.0981626735151,0.61694691585
0.00139972909104,0.926006722963,0.0585022441249,0.0140913038215
0.210727431554,0.37836302952,0.386307697152,0.024601841774
0.0324233799745,0.466436670228,0.0226822643859,0.478457685412