0.589644238877,0.17212555907,0.220914751671,0.0173154503815
0.578252888476,0.152082001721,0.131272160607,0.138392949195
0.111459434906,0.608439694642,0.1615916132,0.118509257251
0.0645106128258,0.000964242493944,0.92998298248,0.00454216220062
0.0282653464948,0.0160046267321,0.00616586455849,0.949564162215
0.166446814291,0.0288134713927,0.642058763366,0.16268095095
0.000647063192328,0.0741837132203,0.917750907437,0.00741831615046
0.00164463878766,0.00995543374331,0.950800440263,0.0375994872064
0.523045228294,0.00456161931572,0.0487032318488,0.423689920541
0.154718150391,0.205074881013,0.53481721377,0.105389754826
0.539512124212,0.262082322346,0.153927468957,0.0444780844851
0.110737623992,0.868999103911,0.00662707283668,0.0136361992601
0.235097040938,0.136306659816,0.265046640407,0.363549658839
0.373251814542,0.0671558743234,0.215977651883,0.343614659252
0.107233952739,0.0285025437946,0.398844492102,0.465419011364
0.0118047635532,0.676073409643,0.00263675534291,0.309485071461
0.623438197249,0.105019746077,0.129013597119,0.142528459555
0.487324242915,0.224789320843,0.23470952965,0.0531769065919
0.145483695877,0.0377891350123,0.796240603867,0.0204865652433
0.134260994374,0.14921169563,0.12827803776,0.588249272236
0.0853736148714,0.81345880703,0.0602474043714,0.0409201737268
6.01792475507e-05,0.993503963669,0.00638401634664,5.18407370765e-05
0.0934145951824,0.194688171133,0.540474066435,0.17142316725
0.0103171366394,0.557774356255,0.0909702009623,0.340938306143
0.524617944407,0.254445212031,0.0863223985532,0.134614445008
0.193897750375,0.0453315161993,0.757987305101,0.00278342832471
0.215164949332,0.0876897744688,0.395988250866,0.301157025333
0.0138243973129,0.0086942826778,0.906981176055,0.0705001439539
0.502291012772,0.471378707518,0.0260983464697,0.000231933240346
0.0220878690359,0.00809590263628,0.932081959812,0.0377342685162
0.63030409439,0.0623634313231,0.296569210585,0.010763263702
0.0905751811692,0.0406947377694,0.612138130451,0.256591950611
0.382519198007,0.0181531780149,0.00292716031678,0.596400463661
0.374076160229,0.352904611684,0.0591559094103,0.213863318677
0.115999460038,0.848645203567,0.0272824730825,0.00807286331211
0.31298611822,0.616183768877,0.0601185214546,0.010711591449
0.877753877268,0.0314861624976,0.00288791698098,0.0878720432537
0.432457318069,0.313503894521,0.0513968485955,0.202641938814
0.10188545881,0.617301906852,0.197997578925,0.0828150554123
0.0954673637724,0.21673499669,0.173676983123,0.514120656415