0.0725247737289,0.724320033036,0.176682882148,0.0264723110864
0.127653450955,0.126388805612,0.622886223362,0.123071520071
0.304890892209,0.193203981047,0.120564210585,0.38134091616
0.0471438950476,0.00552044505181,0.103517556762,0.843818103138
0.122907736434,0.106251089807,0.116505637316,0.654335536442
0.385422681193,0.00705240565689,0.0128950779853,0.594629835164
0.00652791585564,0.034619379781,0.498350394598,0.460502309765
0.0419627630634,0.1922784265,0.0994246210968,0.66633418934
0.125067935122,0.466584079196,0.190136914359,0.218211071322
0.0147505759715,0.238188922288,0.442368797647,0.304691704094
0.704144562088,0.0241376847494,0.0909922474969,0.180725505665
0.0253385079137,0.143497155521,0.172875986786,0.658288349779
0.00347607581824,0.0232074596174,0.968766070671,0.0045503938938
0.015923683405,0.0253286910169,0.562677044203,0.396070581375
0.0175860216315,0.0190562629107,0.599408841864,0.363948873594
0.295757974457,0.0183487048057,0.0216731898818,0.664220130855
0.345172103089,0.0150124222038,0.628627484008,0.0111879906995
0.322169419553,0.129859514875,0.459899262569,0.0880718030032
0.120758774662,0.0129338722951,0.855077900987,0.0112294520557
0.0400067839062,0.561706596519,0.228269802963,0.170016816612
0.463606564806,0.534797719992,0.000885690354668,0.000710024846368
0.202912241433,0.479405243569,0.111483505639,0.206199009359
0.247332033659,0.113652865201,0.115969331759,0.523045769381
0.0559637145537,0.6566135995,0.212098077249,0.0753246086969
0.201763774475,0.295650857245,0.0328018862566,0.469783482023
0.588617344405,0.381488339646,0.015125915764,0.0147684001848
0.848840064674,0.00396234490848,0.107509578894,0.0396880115237
0.265415495712,0.259053223025,0.0132859092955,0.462245371968
0.00306799072452,0.0537021705723,0.375589453618,0.567640385085
0.140292838017,0.473843125801,0.0453906793203,0.340473356862
0.42924586179,0.51045725152,0.0522043807199,0.00809250597015
0.205112837948,0.0990688892795,0.184367738225,0.511450534548
0.0715689565355,0.0107844768603,0.0256449917301,0.892001574874
0.00646616881107,0.768534114289,0.0714702569069,0.153529459994
0.0308028425031,0.123021380282,0.358183689125,0.48799208809
0.627470695383,0.076133144753,0.123189286043,0.17320687382
0.0660049593954,0.0574378553835,0.197889546988,0.678667638233
0.0210194317121,0.369372928462,0.00769806427365,0.601909575552
0.0118459349481,0.00712677743113,0.00403144287611,0.976995844745
0.202873281566,0.309584929711,0.235889011502,0.251652777221