0.243558397157,0.226652213445,0.380732047415,0.149057341983
0.63956825523,0.0946734140392,0.0865863616927,0.179171969039
0.0162895223683,0.013973029734,0.928049271472,0.0416881764259
0.954397615747,0.00841986229037,0.00479480898472,0.0323877129781
0.00879051445787,0.947995053401,0.031321795124,0.0118926370168
0.0492856575388,0.816619572943,0.0384184085744,0.0956763609439
0.243993511618,0.00933344436157,0.673463008559,0.0732100354614
0.0236876509212,0.34145416631,0.01471645473,0.620141728039
0.00486807519407,0.984734097179,0.000881653076589,0.00951617455035
0.96780208729,0.00718087413659,0.000675988585661,0.0243410499874
0.00886312611951,0.805674184361,0.15905614132,0.0264065481999
0.116140515182,0.635357317126,0.127272731262,0.12122943643
0.802863144909,0.178952845688,0.0158803936363,0.00230361576704
0.32640770666,0.320188285377,0.0906477206601,0.262756287303
0.406698298383,0.206671041474,0.135430995367,0.251199664776
0.192515357573,0.0337890860359,0.750514116369,0.0231814400214
0.0172585068447,0.0128469953069,0.471939326689,0.497955171159
0.183068477911,0.0112905651451,0.408321853706,0.397319103238
0.195995640646,0.0676428671224,0.258698641969,0.477662850263
0.721794518332,0.0433951496746,0.228121239179,0.00668909281455
0.0420614706086,0.10287848431,0.830380960064,0.0246790850172
0.875083826372,0.0157885475733,0.0249536168143,0.0841740092404
0.0117468971896,0.0923561404948,0.0230408214605,0.872856140855
0.0292963604217,0.943625323604,0.00221081246132,0.0248675035133
0.138336745694,0.715977677851,0.0547004142588,0.0909851621961
0.482214722035,0.146483788823,0.236866856737,0.134434632405
0.391275215719,0.172675522097,0.431303436384,0.00474582580078
0.117916605052,0.571123283318,0.129795466179,0.181164645451
0.452226557708,0.0440242511679,0.261168892905,0.242580298219
0.216714669683,0.314769520148,0.0590815971349,0.409434213034
0.53915470178,0.0750151904106,0.357440982503,0.0283891253064
0.458850192875,0.00657643871156,0.0623231689892,0.472250199424
0.0632384273029,0.0620723495351,0.836480361331,0.038208861831
0.0250871348987,0.0935228419416,0.79732000348,0.0840700196796
0.0199300863945,0.824586469394,0.0220071645327,0.133476279679
0.0187897795012,0.119654947112,0.803687002056,0.057868271331
0.000320442740891,0.00613731056669,0.598207956155,0.395334290537
0.0154742733364,0.102469096247,0.840259626807,0.0417970036102
0.643464730224,0.0607503573154,0.273110885868,0.0226740265925
0.292162805851,0.119204658853,0.300948357919,0.287684177377