0.254674271276,0.215846588089,0.444495791883,0.0849833487516
0.0376555863006,0.0502540259807,0.0319222668547,0.880168120864
0.842753993482,0.012789355785,0.0170292695701,0.127427381163
0.301028155974,0.68847434046,0.00185609259013,0.00864141097623
0.0359854037129,0.0595067648212,0.0248143806541,0.879693450812
0.0291613846187,0.388621350484,0.581876126715,0.00034113818243
0.599327862699,0.335740873821,0.0264423169543,0.0384889465257
0.192313391869,0.608244919051,0.103117081893,0.0963246071879
0.172277652224,0.0430334032137,0.78115526416,0.00353368040233
0.534626599758,0.256146029287,0.0829743806921,0.126252990263
0.203964073534,0.0346816507667,0.0257569437064,0.735597331993
0.100783594892,0.037468654924,0.320632110286,0.541115639898
0.182316917309,0.15511840001,0.494927225843,0.167637456837
0.064238743635,0.11448433399,0.0437496445503,0.777527277824
0.347905626574,0.214116231443,0.227786007524,0.210192134459
0.404038750737,0.169441094606,0.34706746121,0.0794526934472
0.0856806854494,0.431464088875,0.452167379846,0.0306878458301
0.373081096459,0.0835504416202,0.315904963554,0.227463498367
0.327000657011,0.56006586387,0.00388002377665,0.109053455342
0.588117943392,0.151892303408,0.196396796097,0.0635929571035
0.0208144745323,0.0111798317208,0.129723926313,0.838281767434
0.0284125400722,0.713771767188,0.106804042631,0.15101165011
0.281986806409,0.199798702475,0.00143191559252,0.516782575524
0.118088441108,0.07805068606,0.163055363897,0.640805508935
0.0748371886702,0.285557635293,0.00666335273773,0.6329418233
0.754823875051,0.00339762605523,0.0046551541114,0.237123344783
0.12796319552,0.405063928383,0.0590388368426,0.407934039255
0.0958336101025,0.123512977302,0.212766864478,0.567886548118
0.290682161962,0.163917638221,0.480739966303,0.0646602335145
0.0210488135015,0.907891851042,0.0518054441617,0.0192538912944
0.0795060093077,0.0606844220555,0.0515603229971,0.80824924564
0.105030909072,0.186633789638,0.47652614913,0.23180915216
0.503327427257,0.247946582128,0.0523134351614,0.196412555453
0.00486299406277,0.0637220965081,0.35692932539,0.574485584039
0.945497319229,0.0421605972635,0.0035641414408,0.0087779420662
0.128299448585,0.558253566916,0.230413749662,0.0830332348377
0.110076934052,0.0872112503131,0.496151161454,0.306560654181
0.2215363996,0.353762987556,0.112475214269,0.312225398575
0.0173649809902,0.0109212249094,0.0378343040754,0.933879490025
0.018960969136,8.48829556295e-05,0.971164504311,0.00978964359696