0.145053383599,0.29762200579,0.113783432091,0.44354117852
0.105184818052,0.363478356895,0.265942826087,0.265393998967
0.0382380649059,0.415454700252,0.462948030377,0.0833592044652
0.17220658386,0.00345750474916,0.0806860003995,0.743649910991
0.430866673028,0.427355134755,0.00394420798202,0.137833984235
0.423617284345,0.143668839581,0.398201786291,0.0345120897828
0.563011690628,0.316186880771,0.0428251339724,0.0779762946281
0.896173266245,0.0553520617759,0.021030174361,0.0274444976178
0.771737147441,0.0396518480608,0.114289375552,0.0743216289463
0.259689732379,0.462348062143,0.0480791251692,0.22988308031
0.460731870971,0.329823099295,0.0853661073488,0.124078922386
0.968975224563,0.0132497478881,0.00113432669794,0.0166407008511
0.517811604502,0.429881605945,0.00254572561992,0.0497610639333
0.0805335250764,0.225971466254,0.548550643152,0.144944365518
0.523550614029,0.157879537972,0.0604768667581,0.25809298124
0.803523859162,0.13968772365,0.0255075002461,0.0312809169419
0.163970129788,0.23753342591,0.524477511421,0.074018932881
0.0184422793514,0.23206386034,0.631258279187,0.118235581122
0.0449226793689,0.0267451500322,0.722900144561,0.205432026038
0.0184299836272,0.270850486394,0.646092561726,0.0646269682522
0.237215832684,0.050670085637,0.664069061309,0.0480450203699
0.0795811711089,0.410646018944,0.154083874594,0.355688935352
0.0907003183088,0.0281849051998,0.0252668456852,0.855847930806
0.0491074182984,0.631417149511,0.217428249807,0.102047182383
0.0205293974439,0.202968835092,0.688127501681,0.0883742657838
0.314621129111,0.433570449885,0.0846013893914,0.167207031613
0.218973457738,0.0198629942097,0.606791355106,0.154372192946
0.0117313541214,0.811399398337,0.0318008100298,0.145068437512
0.688203238193,0.019318734141,0.250127670224,0.0423503574418
0.295886532114,0.0569802884145,0.458237161324,0.188896018148
0.163356428902,0.286409360513,0.469927374383,0.0803068362016
0.50640587828,0.462293939762,0.0199599440558,0.0113402379021
0.3238993922,0.315420199284,0.350145135554,0.0105352729621
0.599952073442,0.281288777831,0.0881890129716,0.0305701357557
0.499466037348,0.00181276385597,0.280550041577,0.218171157219
0.0228949163238,0.302352423764,0.646340720507,0.0284119394054
0.825402954969,0.0726616884656,0.054986555887,0.0469488006781
0.0190054407457,0.406600231543,0.195493065283,0.378901262428
0.195192027635,0.342735303511,0.251217310069,0.210855358784
0.00710188542735,0.635386954222,0.214222354062,0.143288806289