0.276392122279,0.0864837047649,0.634917540925,0.00220663203176
0.423345885026,0.0649680758976,0.0230652430019,0.488620796075
0.351142765412,0.0474419377446,0.205039335835,0.396375961008
0.327186041682,0.164919912625,0.285396415316,0.222497630377
0.0275032489153,0.00435717607054,0.469410260093,0.498729314921
0.121403424336,0.184407967388,0.518469762419,0.175718845858
0.147999548399,0.01052869944,0.777757017502,0.0637147346591
0.112680865218,0.0753018093546,0.0240927930653,0.787924532362
0.0528946563708,0.17584781993,0.616981283265,0.154276240434
0.127977090323,0.0285547975467,0.0199805009927,0.823487611138
0.442116617103,0.175157106404,0.135412551838,0.247313724655
0.78372998927,0.0128511143533,0.00255517225934,0.200863724117
0.244237555419,0.232384086039,0.460239189834,0.0631391687084
0.00063615761433,0.027001698736,0.0530215850715,0.919340558578
0.853096567962,0.0144408236512,0.0326411165802,0.0998214918064
0.0188528570004,0.0126244018493,0.0309805217579,0.937542219392
0.192294578591,0.0020026876808,0.138996846828,0.6667058869
0.038353240071,0.054769063404,0.79777449628,0.109103200245
0.674465952919,0.00533300631565,0.308706263509,0.0114947772564
0.00205232589839,0.717827370487,0.260387004577,0.0197332990376
0.0374774638625,0.0436701425247,0.152189167127,0.766663226486
0.563723529974,0.432988279575,0.000908795201129,0.00237939525048
0.957070990227,0.0062850226389,0.0242673877003,0.0123765994341
0.558341869853,0.36743510694,0.0326279088443,0.0415951143628
0.953273694817,0.000925238343037,0.0300347770452,0.015766289795
0.0187198528936,0.324200315556,0.0215968967117,0.635482934839
0.521235556135,0.124212713703,0.343508643833,0.0110430863288
0.300559116438,0.048999629621,0.167315290537,0.483125963404
0.0377508384422,0.0143127402927,0.676392904152,0.271543517113
0.0332062423795,0.793022512936,0.167639453999,0.00613179068548
0.00676538899599,0.836801711356,0.14808729563,0.00834560401752
0.112647740436,0.249482393972,0.0947078835848,0.543161982008
0.165159628134,0.170804088499,0.138662518483,0.525373764885
0.0721047452855,0.914843576665,0.00560309907701,0.00744857897202
0.819688836291,0.0300212212843,0.0280143557356,0.122275586689
0.153370244055,0.122736567972,0.58307509404,0.140818093933
0.449527773778,0.0482778416082,0.431467056345,0.0707273282686
0.534109524524,0.10835078613,0.0833165557987,0.274223133548
0.352775063367,0.0352970440771,0.0276397704868,0.584288122069
0.0318406135698,0.00733315164031,0.229733397407,0.731092837383