0.010486110091,0.0517076185985,0.935381289254,0.0024249820565
0.921201572339,0.0215430856017,0.0558452196032,0.00141012245604
0.661275438546,0.175681089578,0.102403516705,0.0606399551706
0.082756351669,0.764302979202,0.104060743301,0.0488799258283
0.0863509523807,0.0965954310549,0.32584113842,0.491212478144
0.231871119089,0.404068714728,0.27113411374,0.0929260524423
0.0168188808193,0.013529445258,0.0755274515777,0.894124222345
0.0278405297835,0.126023673014,0.673734256737,0.172401540465
0.00833988563222,0.220319463008,0.746932088432,0.0244085629276
0.122382187644,0.395067791815,0.00857370330702,0.473976317234
0.744280603713,0.0854137215338,0.149303625866,0.0210020488877
0.339510704149,0.366809276308,0.185447953557,0.108232065987
0.772630880987,0.129787019347,0.014516160482,0.0830659391841
0.0685653939657,0.0401939979712,0.838414587169,0.0528260208941
0.0885888906256,0.0466678406258,0.545369262698,0.31937400605
0.0199113399289,0.0708483866905,0.257049467882,0.652190805499
0.107516600056,0.412433581279,0.205773697533,0.274276121132
0.00453683620192,0.316448682907,0.293536124731,0.38547835616
0.666387499101,0.0224253054575,0.243054676855,0.0681325185861
0.194937815873,0.0457381157631,0.177408706424,0.58191536194
0.162850916767,0.551513068533,0.0293125633743,0.256323451326
0.0588634977976,0.820108447183,0.112485928003,0.0085421270163
0.0173089572536,0.924867388343,0.0492107968795,0.00861285752428
0.506175132867,0.13035250823,0.263842788564,0.0996295703398
0.000307187787545,0.995156593223,0.00331270391705,0.00122351507203
0.000408892776647,0.00480960355515,0.983684291532,0.0110972121367
0.018987082082,0.0013843532577,0.446793978705,0.532834585956
0.375231496788,0.184454533161,0.33675898704,0.103554983011
0.296789428075,0.402169115574,0.199558257839,0.101483198513
0.368024328161,0.222093199025,0.0114936403039,0.398388832511
0.0244460453593,0.0236841445763,0.0295045788076,0.922365231257
0.0798277156407,0.0268022284809,0.0367858259614,0.856584229917
0.701853684151,0.285252809322,0.00539722842376,0.00749627810321
0.151316767591,0.788535429245,0.0224882894979,0.0376595136653
0.634759630604,0.0586276152725,0.209206147253,0.0974066068701
0.0174436332611,0.553831092429,0.335852199268,0.0928730750412
0.0593244814391,0.0326715199615,0.392794771224,0.515209227375
0.0666768315693,0.117326565926,0.742996368057,0.0730002344476
0.056004495413,0.138003641927,0.639171017933,0.166820844727
0.192604221539,0.0419345453242,0.0628013478661,0.70265988527