0.0174667799487,0.534888583361,0.28734129247,0.160303344221
0.0345531702823,0.823969488478,0.00662336784112,0.134853973398
0.526364001776,0.162559581646,0.277936662949,0.0331397536283
0.280777148492,0.690391516701,0.0256898348619,0.00314149994477
0.054540860227,0.849944539723,0.032030065857,0.0634845341935
0.477681409429,0.138630692827,0.226894236432,0.156793661312
0.0198057059033,0.460059845561,0.460542989564,0.0595914589718
0.244443454075,0.194640087749,0.528703745113,0.0322127130638
0.193217772948,0.017321319961,0.762836217848,0.0266246892437
0.147089659478,0.0310658374653,0.192640835883,0.629203667173
0.00260987130731,0.361502984434,0.634615905647,0.00127123861109
0.136782697241,0.315711768803,0.0880282341598,0.459477299796
0.0469726479136,0.0226384675035,0.927263255115,0.00312562946802
0.00373880195635,0.010036572594,0.0296792709983,0.956545354451
0.607991980077,0.0363163937134,0.331934942891,0.0237566833187
0.262710100259,0.250464999978,0.364509947882,0.122314951881
0.307809686264,0.0900132402897,0.101038142016,0.50113893143
0.997123381371,0.000244496721354,0.00256654208624,6.55798210355e-05
0.0981532646199,0.0197872488926,0.504468420711,0.377591065777
0.288631819766,0.00899959170707,0.610662221579,0.091706366948
0.192716069244,0.0209168676113,0.0159143106033,0.770452752541
0.348405184792,0.193060585867,0.284627390952,0.173906838389
0.0626930262231,0.443681287575,0.195071067094,0.298554619108
0.169397780502,0.507886948339,0.0277534190582,0.2949618521
0.313205714157,0.095178992879,0.263433147082,0.328182145882
0.00254953950215,0.0290210683246,0.378110582391,0.590318809782
0.38150286604,0.133505388988,0.034125710892,0.45086603408
0.0132744445659,0.110605955416,0.633823992802,0.242295607216
0.126105279673,0.557713587047,0.0777094250884,0.238471708191
0.0758230658081,0.037376989538,0.0189793050742,0.86782063958
0.210528035786,0.0186218627741,0.356596280157,0.414253821283
0.106671645607,0.0704959987449,0.781367910947,0.0414644447014
0.099367143377,0.523863083126,0.249459682883,0.127310090614
0.000577202171427,0.986201818114,7.24763239548e-05,0.0131485033909
0.11658258093,0.579141282865,0.0795651383433,0.224710997861
0.957597393845,0.00251567509628,0.0265598744891,0.0133270565697
0.0821782540726,0.876685066104,0.00223523360063,0.0389014462229
0.0308732701958,0.127781877492,0.776385069702,0.0649597826107
0.00662926890741,0.970738569902,0.0138937762587,0.00873838493154
0.11882529906,0.215340205687,0.0377385114994,0.628095983754