0.0342472037021,0.0552972307006,0.86222417131,0.0482313942877
0.958365067705,0.000633472023828,0.0351428763842,0.00585858388715
0.0967967476682,0.842478308098,0.0148783194276,0.0458466248058
0.452253888203,0.0114706064441,0.0171827742044,0.519092731148
0.0552007563751,0.0441733295684,0.79110742904,0.109518485017
0.555790444654,0.233663906322,0.150470089629,0.0600755593956
0.219936502578,0.505889233023,0.0485459870825,0.225628277317
0.0570579808115,0.30178348608,0.0156934542923,0.625465078817
0.108061783664,0.00783716608651,0.792376501586,0.0917245486636
0.111029033886,0.488271211238,0.181443392672,0.219256362205
0.0103864987118,0.303469547865,0.205952331586,0.480191621838
0.000711732614336,0.614983447005,0.372234494269,0.0120703261121
0.0417902796998,0.0571617570897,0.0497715589424,0.851276404268
0.00461682452573,0.928509393018,0.00255583378601,0.0643179486707
0.224821165362,0.753084551639,0.00100887594905,0.0210854070491
0.193656489321,0.213146279851,0.30421409172,0.288983139108
0.0268588618161,0.0943506966049,0.165959678955,0.712830762624
0.218413199172,0.0990829127935,0.125452560434,0.557051327601
0.0229413716298,0.103876885875,0.116016271045,0.757165471451
0.122085457814,0.491175865925,0.0386543890628,0.348084287198
0.0825784249331,0.322470904119,0.533423887518,0.0615267834304
0.103948885471,0.423635946417,0.183134821263,0.289280346849
0.151715479173,0.286432061589,0.396862655439,0.1649898038
0.0994080119059,0.130078176847,0.6566065215,0.113907289747
0.214594219796,0.63839409706,0.132671502763,0.0143401803805
0.21598997922,0.237610263932,0.442238071493,0.104161685354
0.0574174276631,0.0118529617181,0.910908371385,0.019821239234
0.00921481814186,0.6453484606,0.332145165148,0.0132915561106
0.823694646762,0.161571671868,0.00684769853595,0.00788598283417
0.0676542842328,0.549591833097,0.265567396976,0.117186485695
0.0504285920571,0.0743011393905,0.667908831572,0.207361436981
0.288429538316,0.037871724078,0.362320221602,0.311378516005
0.0192149825413,0.153348142796,0.159096159933,0.66834071473
0.996179912144,0.00225287439586,0.0012088193704,0.000358394089508
0.00163304847114,0.874068290318,0.00163881990497,0.122659841306
0.0711810421139,0.472170556112,0.427261328657,0.0293870731169
0.147043438777,0.182063833047,0.342405110859,0.328487617317
0.0146388974023,0.363339101215,0.0926003635817,0.529421637801
0.0509661427623,0.0303828765394,0.790599932002,0.128051048696
0.208961253579,0.0244778214696,0.761035434405,0.00552549054569