0.434432547829,0.193224103479,0.355109364484,0.0172339842083
0.0793092640885,0.0668498927788,0.739654571936,0.114186271197
0.0572771029995,0.135817635882,0.281210432309,0.52569482881
0.0357044456395,0.634928879021,0.141869862073,0.187496813267
0.585143552157,0.0634694065503,0.15370137088,0.197685670413
0.0165150164095,0.147533200084,0.0616659286203,0.774285854886
0.0151627992679,0.41954476327,0.537664128592,0.0276283088701
0.0105601063672,0.963102938714,0.00569498144846,0.0206419734706
0.660951158259,0.060172650783,0.0056413299583,0.273234861
0.385979924021,0.508827343958,0.0715511542895,0.0336415777318
0.00268984318617,0.152779311385,0.35515396473,0.489376880699
0.243354858491,0.112927564551,0.539079519207,0.104638057751
0.0197113648348,0.821782958272,0.0460503042486,0.112455372645
0.0436590532527,0.415978724517,0.465255988409,0.0751062338217
0.291354153434,0.468109731587,0.156976939591,0.083559175388
0.0194831545625,0.625057209217,0.109482686267,0.245976949954
0.0483424837367,0.930865100117,0.00352941923834,0.0172629969082
0.069787423169,0.86003783128,0.00370121884953,0.0664735267018
0.146782310074,0.0807433806647,0.0204509458261,0.752023363435
0.276064533069,0.037230928762,0.0775837122783,0.609120825891
0.140915455083,0.227470396944,0.118130046947,0.513484101026
0.220153796955,0.338490974966,0.381469108322,0.0598861197567
0.111607143584,0.851192086044,0.0277913474458,0.00940942292558
0.253166650248,0.224177059811,0.453948948892,0.0687073410496
0.285886826668,0.434223680369,0.229426504544,0.0504629884187
0.0186363704797,0.00191230088217,0.00991689181877,0.969534436819
0.885565403822,0.0960115841808,0.0064816713045,0.0119413406932
0.1652815698,0.354713619939,0.0162222553874,0.463782554874
0.493543201093,0.215753875405,0.0712176187886,0.219485304713
0.487042080911,0.0560647150211,0.375476466355,0.0814167377126
0.214787070247,0.170539966561,0.193822161041,0.420850802152
0.216354547349,0.291362927106,0.365458955193,0.126823570352
0.054739946228,0.234572642634,0.125962300493,0.584725110645
0.175604056861,0.251781475021,0.0274045111643,0.545209956954
0.43025968572,0.246507906333,0.311977223942,0.0112551840052
0.0338877999147,0.410626847704,0.502055886214,0.0534294661675
0.641881520158,0.255025303184,0.0496905372647,0.0534026393934
0.129698152979,0.255119223358,0.337620422348,0.277562201315
0.00346347214022,0.00563899265251,0.9250150443,0.0658824909069
0.668967795235,0.161289326685,0.0032654853897,0.166477392691