0.354593201428,0.249396902905,0.0202377256119,0.375772170055
0.0595377901802,0.0294091778881,0.0135969500378,0.897456081894
0.17172550468,0.787411997654,0.00205282523464,0.0388096724315
0.00658653422512,0.0160098955606,0.97122116078,0.00618240943418
0.38241488044,0.151242040578,0.0940906078981,0.372252471084
0.182794857275,0.00397516126908,0.807462318545,0.00576766290994
0.0171782140292,0.137829317177,0.798536183879,0.0464562849156
0.360257664381,0.0511588682394,0.201449742271,0.387133725109
0.339178594683,0.553803898868,0.0427215730881,0.0642959333613
0.14494333045,0.586082513658,0.245060370013,0.0239137858796
0.372177566641,0.0687542277826,0.541447315401,0.017620890176
0.156129547801,0.00152762726444,0.836478623945,0.00586420098947
0.0754290537167,0.780844746775,0.141697597651,0.00202860185748
0.300144090297,0.122441753107,0.266487154886,0.31092700171
0.110822193912,0.0650027571108,0.240596560017,0.583578488961
0.664524510704,0.0686526254124,0.165501626851,0.101321237032
0.209594287834,0.0218083803435,0.562855129349,0.205742202474
0.0459651540685,0.00774487739588,0.940445109743,0.00584485879232
0.1694875428,0.456804832339,0.0691836273829,0.304523997478
0.152635751819,0.128159035518,0.0680548647273,0.651150347935
0.161070522831,0.679149027226,0.124334631518,0.0354458184255
0.0116271603943,0.945506942476,0.0060504933619,0.0368154037675
0.71375596567,0.0976640272547,0.0836536476665,0.104926359409
0.345742518448,0.118838204764,0.345944515618,0.18947476117
0.0396614004179,0.033217120937,0.353719072795,0.57340240585
0.285213718059,0.376154713649,0.032896952579,0.305734615713
0.0122960418147,0.736541222257,0.0524137508878,0.19874898504
0.58037426309,0.265279284575,0.117466444272,0.0368800080634
0.436888903486,0.0776133818001,0.0845399265316,0.400957788182
0.0143243598729,0.0545648074566,0.925721123591,0.00538970907923
0.010624037805,0.958775661701,0.0205573574677,0.0100429430265
0.127038716889,0.0222952658726,0.0145536703024,0.836112346936
0.00210177125701,0.26690355828,0.410642156694,0.32035251377
0.00114156052737,0.860215870879,0.097896002587,0.0407465660071
0.499423460333,0.0827730202316,0.262012520507,0.155790998929
0.23371759664,0.0194018969876,0.726455610779,0.0204248955934
0.0128345419383,0.473648549751,0.428760678462,0.0847562298483
0.477039120223,0.00338031672545,0.00155387800512,0.518026685046
0.00670483421412,0.213059413694,0.135648682788,0.644587069304
0.465471638815,0.20828964015,0.284828250095,0.0414104709393