0.0553206915091,0.475076218709,0.451267820174,0.0183352696077
0.065441376962,0.70210530241,0.19267903021,0.0397742904181
0.0104616279261,0.0499361178872,0.820330159227,0.11927209496
0.00254780336967,0.00328491276663,0.876624069205,0.117543214659
0.294895825561,0.0317162568969,0.0164272080397,0.656960709503
0.0554493136023,0.505833336541,0.10152935764,0.337187992216
0.0640867250456,0.403825382865,0.213832675619,0.318255216471
0.322601964604,0.188547834937,0.392940920068,0.0959092803912
0.0591327118638,0.00378072742186,0.369152838465,0.56793372225
0.932065038685,0.00927016850892,0.0214170348951,0.0372477579109
0.778727394437,0.0956503322391,0.051287405573,0.0743348677504
0.72816599607,0.0293253234525,0.152397098295,0.0901115821824
0.54348748497,0.272676892126,0.0233167247291,0.160518898174
0.0468369503392,0.094581615454,0.112868738613,0.745712695594
0.106552805534,0.136980083608,0.750216776018,0.00625033483983
0.14025425424,0.0662722904907,0.0598693954865,0.733604059783
0.613030369428,0.0920639882577,0.198035436325,0.0968702059889
0.0734161356696,0.239946276904,0.563287336564,0.123350250862
0.849168678787,0.00122733390699,0.135959642521,0.0136443447848
0.0764159749052,0.895820473411,0.0146716203827,0.0130919313013
0.751522330836,0.121414898694,0.0128820625843,0.114180707886
0.733449613678,0.0808309587084,0.0253726833564,0.160346744257
0.224740780228,0.0795109463071,0.680192262408,0.0155560110561
0.040936809818,0.278288551106,0.657185206742,0.023589432334
0.0306374104698,0.242764332379,0.182640896107,0.543957361044
0.00213737810819,0.00128383308855,0.00452164470799,0.992057144095
0.45643586317,0.30024272731,0.101665789463,0.141655620057
0.262832572838,0.0360841688627,0.00352082271416,0.697562435585
0.222995817542,0.562911668466,0.0949338736728,0.119158640319
0.353062099974,0.213578063781,0.244341466369,0.189018369876
0.0191470597871,0.315895650855,0.27619555187,0.388761737488
0.234865301346,0.304789052849,0.0594230854071,0.400922560397
0.0338624250501,0.0691284682529,0.877815322737,0.0191937839604
0.0764474944547,0.306513681342,0.150278149728,0.466760674475
0.25967660054,0.066065799266,0.560448896435,0.113808703759
0.0339482125688,0.0498890804687,0.128110855783,0.78805185118
0.476527864841,0.330139548369,0.105259197078,0.088073389712
0.195801248388,0.0926257453543,0.591503376814,0.120069629444
0.00705362726494,0.175960164813,0.01261760018,0.804368607742
0.168925963952,0.0567957483358,0.153127615038,0.621150672675