0.160582378604,0.0350984226265,0.490376489024,0.313942709746
0.0476543613906,0.818631060098,0.00861899783473,0.125095580676
0.74725618582,0.153818140748,0.0696098563128,0.0293158171184
0.001891532958,0.00622390724591,0.00191955549617,0.9899650043
0.00259538162489,0.00489677981627,0.882489594941,0.110018243617
0.124418998074,0.0208184162036,0.0703963413324,0.78436624439
0.37977335315,0.129637083903,0.483096245615,0.00749331733167
0.150806126791,0.444750765715,0.293878926651,0.110564180844
0.333282811616,0.00176335233022,0.652509812087,0.0124440239661
0.173811498496,0.241820959392,0.520259532195,0.0641080099172
0.539590354767,0.445413971267,0.00166809757502,0.0133275763908
0.252590895623,0.0632656196575,0.412734332311,0.271409152408
0.607458396314,0.227256891144,0.0117190802491,0.153565632293
0.00324233131719,0.132086617381,0.833373977807,0.0312970734947
0.213765879158,0.249433022727,0.350086500535,0.18671459758
0.0276012620284,0.130295235895,0.122771246369,0.719332255708
0.038803978204,0.8541355958,0.0126729987052,0.0943874272911
0.0603810115379,0.0049554321472,0.778665610041,0.155997946274
0.379905221343,0.19501504264,0.0546787989166,0.370400937101
0.199975094469,0.3179669616,0.424281240166,0.0577767037648
0.0897077543102,0.215665011899,0.167416437115,0.527210796676
0.0658962619549,0.588527290083,0.0204088730636,0.325167574899
0.195971602365,0.238010520643,0.50844348276,0.0575743942314
0.550931325527,0.0555524090699,0.19691161561,0.196604649793
0.173077937148,0.0759099190497,0.475392693442,0.27561945036
0.415662811359,0.018832626065,0.490632975926,0.0748715866505
0.0130401922372,0.873918499296,0.0342202607004,0.0788210477666
0.443971210406,0.10985501802,0.343650400185,0.102523371389
0.781843467471,0.00706186162479,0.198059845368,0.0130348255359
0.0212117149885,0.953944229095,0.00889459916884,0.0159494567474
0.0364973442571,0.400341036682,0.0110694499582,0.552092169102
0.383408093692,0.306901645411,0.0555605334126,0.254129727484
0.262048956753,0.385826308672,0.136816063194,0.215308671381
0.729297080381,0.0115668146033,0.197347904102,0.0617882009144
0.151990405046,0.169682324264,0.308719963987,0.369607306703
0.166651130597,0.141831831859,0.463285589948,0.228231447596
0.352798229229,0.271620521218,0.0665357276772,0.309045521876
0.162206466577,0.482845049187,0.110168096341,0.244780387895
0.0471839531051,0.00715261422103,0.771189479874,0.1744739528
0.943127472733,0.00977263193035,0.00797262160436,0.0391272737325