0.0375880569739,0.273500291685,0.418777805971,0.270133845371
0.218182565241,0.166230765031,0.530291422105,0.0852952476232
0.139063963029,0.103691517404,0.733072803768,0.0241717157989
0.0673910370578,0.620951087557,0.297048187648,0.0146096877377
0.20721664951,0.00306965837625,0.780585822466,0.0091278696473
0.0160843723699,0.169959054734,0.665111030659,0.148845542238
0.390035500614,0.42319300805,0.0972910210213,0.0894804703144
0.00205115283038,0.162419050037,0.0828994488824,0.75263034825
0.107356105957,0.269594990082,0.537790909883,0.085257994079
0.00335172990339,0.0132004663022,0.789769598166,0.193678205629
0.433848244737,0.0515237819216,0.435097733128,0.0795302402136
0.2216244362,0.352358145919,0.0332156185759,0.392801799304
0.562095212869,0.213141812851,0.104316149665,0.120446824615
0.0939591401189,0.15834219362,0.0969967724453,0.650701893815
0.548459271666,0.000104793667159,0.433148999905,0.0182869347616
0.0182803433467,0.0134495967083,0.945151743143,0.0231183168018
0.485681246262,0.0199340440435,0.00448333117959,0.489901378515
0.65895267441,0.0252555285855,0.131556044212,0.184235752792
0.263207853944,0.501084311836,0.14149802719,0.0942098070296
0.113243067634,0.44184205881,0.420437798938,0.0244770746178
0.492610291094,0.338674000904,0.0419843014378,0.126731406565
0.173817658313,0.109828025997,0.0317843891385,0.684569926551
0.0179288356337,0.960491312789,0.000753501018786,0.0208263505582
0.339646965513,0.363980558095,0.150461529757,0.145910946635
0.00509767844127,0.0163884835541,0.858465761902,0.120048076102
0.141943784475,0.195968067475,0.0541887711915,0.607899376859
0.539408145812,0.0250120528846,0.318529947443,0.11704985386
0.437626920386,0.340968656003,0.129185325195,0.0922190984151
0.0958054200201,0.375269860207,0.270122033142,0.258802686631
0.223126846729,0.102150420551,0.362318457499,0.312404275221
0.0975602139276,0.0880963134799,0.522491156699,0.291852315893
0.0865949606954,0.180661899384,0.541427982107,0.191315157814
0.459123919445,0.136424906824,0.213206783586,0.191244390145
0.794939139443,0.0250521401992,0.0219047505001,0.158103969858
0.0370758475977,0.232262184873,0.70810106888,0.0225608986491
0.169142396603,0.752918821827,0.0257234200998,0.052215361471
0.266271025138,0.18205716096,0.485228172593,0.0664436413092
0.0236108877579,0.144997192938,0.534170694298,0.297221225006
0.241650242751,0.0650632149932,0.041764958106,0.651521584149
0.0915478903049,0.489598451634,0.332725397186,0.0861282608757