0.588436615501,0.233672417368,0.000265342003531,0.177625625128
0.500606288132,0.178630898221,0.148389386514,0.172373427133
0.0107317654597,0.33309998842,0.0860115180735,0.570156728047
0.381877856136,0.0249817039627,0.0587634418591,0.534376998043
0.555647115111,0.0566180027575,0.378180910662,0.00955397146977
0.317692528634,0.576536146143,0.0935418399525,0.0122294852713
0.00339594567619,0.778812654773,0.00379688824563,0.213994511305
0.0018054188366,0.000569912022088,0.00123139935785,0.996393269783
0.0864256702472,0.099218644184,0.620505688127,0.193849997442
0.180395428049,0.100324091872,0.367247955484,0.352032524594
0.713385468835,0.163513718025,0.0388995271968,0.0842012859431
0.841122146284,0.0988167708582,0.0235439565491,0.0365171263083
0.0185020010203,0.107446704486,0.855411547618,0.0186397468752
0.026866526598,0.795309698158,0.00336343552002,0.174460339724
0.0245784014976,0.676203971808,0.22121588792,0.0780017387742
0.00268659447616,0.0589930425123,0.000779202504548,0.937541160507
0.408054468022,0.420610586751,0.124889812184,0.0464451330428
0.00918848671476,0.78133361458,0.00313855909015,0.206339339615
0.0022179981586,0.0138472455389,0.982879164204,0.00105559209806
0.190871897574,0.172279572877,0.540917660377,0.0959308691727
0.292153527355,0.706422283475,0.000420840655286,0.00100334851483
0.0445997223166,0.692859035643,0.210546868379,0.051994373661
0.0881618861258,0.302978512416,0.0214890582022,0.587370543256
0.00262486640443,0.00781728634989,0.939580587093,0.0499772601522
0.615329407198,0.344516683698,0.0196412016291,0.0205127074745
0.00297507677302,0.382293263383,0.39411817888,0.220613480964
0.00162088819353,0.0397217438439,0.838056707149,0.120600660813
0.447452219821,0.0912270654524,0.201399162389,0.259921552339
0.183922389595,0.260460277936,0.0565556233732,0.499061709096
0.106135874732,0.0637854611273,0.742607418192,0.087471245949
0.794733236521,0.0937035576594,0.0263689715888,0.0851942342306
0.980041372577,0.0168731151662,0.0011479790733,0.00193753318385
0.313302554655,0.030955867391,0.616961922989,0.0387796549657
0.0585907117274,0.0153417183923,0.439581254229,0.486486315651
0.000537421488748,0.000300489031099,0.99578312387,0.00337896561026
0.0410633396485,0.0471323229739,0.873464181039,0.0383401563386
0.000370473888239,0.168528156317,0.000195896742623,0.830905473052
0.0377079561147,0.679760738531,0.140321759936,0.142209545418
0.0274086526544,0.347525130604,0.010162212684,0.614904004058
0.30894740374,0.236719514541,0.293786380314,0.160546701405