0.704248098255,0.155792344919,0.0633084384475,0.0766511183792
0.770448057972,0.14020904024,0.018950390581,0.070392511207
0.00299203899472,0.0361737881323,0.819685186982,0.141148985891
0.0381975315272,0.151030997921,0.754988550429,0.0557829201219
0.496933050466,0.288627523231,0.15544183067,0.0589975956322
0.623947227794,0.234167630781,0.113091840527,0.0287933008984
0.0359922180593,0.0666326200438,0.0619723471117,0.835402814785
0.0595110549309,0.594904686367,0.309178060709,0.0364061979925
0.595890440449,0.285263068333,0.0861705433512,0.0326759478672
0.280187724171,0.270060854041,0.113798749934,0.335952671854
0.185990875579,0.0557342500059,0.113798432908,0.644476441506
0.612058249303,0.0746185094764,0.192241832747,0.121081408474
0.0466667246852,0.779061402475,0.0401449798888,0.134126892952
0.38555874717,0.378813106107,0.0887966005549,0.146831546169
0.590646310294,0.068681410582,0.336091651901,0.004580627223
0.0264426182587,0.72587697718,0.241831631196,0.00584877336616
0.00651035191859,0.990181162835,0.00249182745958,0.000816657786513
0.0884686310737,0.118155507584,0.21453605047,0.578839810872
0.154983788736,0.0498437999569,0.646635886287,0.14853652502
0.482891171292,0.261808510861,0.0678591912854,0.187441126562
0.100223694972,0.257875980208,0.0945305655464,0.547369759274
0.01519094931,0.542584198248,0.215739878888,0.226484973554
0.489099378944,0.124726486978,0.212753252491,0.173420881587
0.841639569047,0.0875771583323,0.0284437103621,0.042339562259
0.000985120693605,0.452762165747,0.39350935564,0.152743357919
0.110159421747,0.0866992290879,0.236798982053,0.566342367112
0.274120095524,0.16792481437,0.201601737039,0.356353353067
0.663903425338,0.15152594968,0.140102646138,0.0444679788441
0.227988626922,0.757665400047,0.0109394318298,0.00340654120077
0.0563578398176,0.00106706452667,0.87848584636,0.0640892492956
0.133837606748,0.15154140891,0.234241117454,0.480379866888
0.38710510792,0.0327218666485,0.0137694716403,0.566403553791
0.032260821488,0.0605549471592,0.00519912299956,0.901985108353
0.0194579498784,0.201576212782,0.444834536269,0.334131301071
0.0459591073876,0.461479443186,0.0607251283022,0.431836321124
0.067733171585,0.680702343444,0.177948272835,0.0736162121358
0.0478287746919,0.0189795374241,0.823923393183,0.109268294702
0.0281287307492,0.768915762382,0.169783767698,0.0331717391708
0.0933187279108,0.56745630299,0.142895461946,0.196329507154
0.0675712427351,0.825385855229,0.0717172223299,0.0353256797057