0.00460804719546,0.0419529389502,0.930960177206,0.0224788366479
0.355445242746,0.0428155042016,0.567713506334,0.0340257467186
0.0442968008059,0.375884563175,0.15046251979,0.429356116229
0.644380518185,0.00629186292446,0.00633147403196,0.342996144859
0.513740917768,0.285084122166,0.0233575512708,0.177817408795
0.433084256137,0.195752850082,0.33494360529,0.0362192884913
0.731903905055,0.0637441595282,0.0611582401153,0.143193695302
0.0211487413491,0.167115693669,0.761361529019,0.0503740359627
0.297230812888,0.0585089989507,0.340890749344,0.303369438818
0.0223088945027,0.00984195960368,0.000472993389459,0.967376152504
0.374002137501,0.476126424107,0.0838797024103,0.0659917359819
0.318983171719,0.000638308849583,0.224667121662,0.455711397769
0.302456421758,0.0327132455663,0.14062592722,0.524204405455
0.377986294133,0.0526270349827,0.00150903755369,0.567877633331
0.0187822657225,0.631226095661,0.250454336686,0.0995373019297
0.50329846589,0.421297325233,0.0749870141282,0.000417194748767
0.524555406132,0.170112479681,0.287034426624,0.0182976875632
0.452064241561,0.223217061608,0.138289747943,0.186428948888
0.304053542544,0.350177681008,0.077746399411,0.268022377037
0.0325427328135,0.87213932097,0.022860141088,0.072457805129
0.239350244741,0.154730096923,0.0102255683981,0.595694089938
0.120962947025,0.129055364804,0.732532066231,0.0174496219403
0.00243797388529,0.936072725899,0.00786698992043,0.0536223102957
0.201085211279,0.0423451709457,0.507902563078,0.248667054697
0.250634817107,0.319743754144,0.152041907964,0.277579520784
0.117169894865,0.218727802677,0.51076540559,0.153336896869
0.972557341061,0.0038886313151,0.0132431226453,0.0103109049783
0.296421719429,0.0675066152869,0.15739745822,0.478674207064
0.0754542234996,0.691194537169,0.171914021619,0.0614372177127
0.919384182521,0.0241849275064,0.00742304450394,0.0490078454688
0.229423464536,0.366448641721,0.312496866485,0.0916310272579
0.0396550350835,0.00148909013156,0.890688574791,0.0681672999941
0.0825932995549,0.526091757673,0.168055872454,0.223259070319
0.316946089088,0.0551446300616,0.144008179244,0.483901101607
0.209444258892,0.245182730103,0.455254497808,0.0901185131977
0.133303105635,0.723170409777,0.117110911781,0.0264155728068
0.0768044281039,0.00753199372593,0.0655543157455,0.850109262425
0.219183189398,0.384015782575,0.114287268402,0.282513759624
0.113703396656,0.555385774878,0.15618183755,0.174728990916
0.0488444826393,0.461305682777,0.474036170696,0.0158136638877