0.0725075250185,0.165429361536,0.49222047579,0.269842637656
0.126440471618,0.337239572061,0.208420308074,0.327899648247
0.00322518728384,0.000351263144143,9.51367113181e-05,0.996328412861
0.0558199829822,0.677303478704,0.0595106605867,0.207365877727
0.193832720941,0.335536894111,0.453825663148,0.0168047218002
0.588400418277,0.312645189131,0.0186559180127,0.0802984745797
0.0840668093764,0.1766110082,0.710057776738,0.0292644056851
0.120887430013,0.356924350991,0.122723846701,0.399464372295
0.512310946443,0.332994394729,0.0287189652269,0.125975693601
0.885128712561,0.0505783239912,0.0282010239594,0.036091939488
0.079774076038,0.0722451140264,0.60442253981,0.243558270126
0.0097407952995,0.00557849616033,0.981508531751,0.00317217678918
0.0746017791494,0.599645951382,0.125248541033,0.200503728436
0.0852986388114,0.0209152316382,0.407312915708,0.486473213842
0.111636854841,0.579130025454,0.22010450177,0.0891286179353
0.0609159599523,0.242574982474,0.618166661718,0.0783423958557
0.19021583201,0.0682417155932,0.518380951509,0.223161500888
0.476469610134,0.0618052372713,0.216272672525,0.245452480069
0.618139496328,0.0287741196861,0.0913296072336,0.261756776753
0.0502317203014,0.90867763115,0.00335991264795,0.0377307359002
0.00430330154258,0.0272565615831,0.230109126191,0.738331010683
0.361623485224,0.0239747304358,0.21223583451,0.40216594983
0.144563305692,0.0370237277283,0.310267233297,0.508145733282
0.547896988634,0.110451450793,0.188835179611,0.152816380962
0.276457846097,0.304571046333,0.0171445856474,0.401826521922
0.478812188923,0.184605171834,0.0967769885344,0.239805650708
0.82653726417,0.0855789481647,0.0434609977518,0.044422789914
0.00423803119652,0.00376077056528,0.859851245867,0.132149952371
0.00327149040063,0.547475150634,0.0110243160486,0.438229042917
0.610884271175,0.0225851510283,0.117164914363,0.249365663434
0.00787246122226,0.00184018731924,0.00711949720939,0.983167854249
0.866350905575,0.0532479901815,0.012489393951,0.0679117102924
0.244137839119,0.295838783593,0.212644293828,0.24737908346
0.0652991422843,0.7963310287,0.00931512560853,0.129054703407
0.0182385909903,0.0526202848073,0.924442886076,0.00469823812673
0.00987879366931,0.0716505124631,0.0608549850141,0.857615708853
0.00159179078524,0.479409062271,0.126638820455,0.392360326489
0.712716880082,0.175515996654,0.0606069034335,0.0511602198299
0.0834284522828,0.0494246057056,0.182741160805,0.684405781206
0.0105387002597,0.000106353439525,0.000138338870242,0.989216607431