0.0820893369567,0.114732008995,0.476612418424,0.326566235624
0.23712335496,0.566058567789,0.0269249561363,0.169893121115
0.304286590951,0.335033324939,0.261116948348,0.0995631357617
0.728379573333,0.261190711844,0.00802111561465,0.00240859920777
0.0338519520713,0.959236529475,0.00535355901518,0.00155795943866
0.207394018554,0.218755213088,0.237132366921,0.336718401437
0.042460020446,0.818172040666,0.0314014960385,0.107966442849
0.316585420015,0.151232875492,0.412786792253,0.119394912241
0.547232451171,0.315792287814,0.03213677769,0.104838483325
0.333362685646,0.550492474273,0.0330356817279,0.0831091583532
0.98432195394,0.00825678006769,0.000691255694275,0.00673001029762
0.0252962351542,0.960303532633,0.0120517741945,0.00234845801827
0.323553179702,0.036429412355,0.502779391774,0.137238016169
0.00249240643942,0.001471294721,0.702293877887,0.293742420952
0.0857511769864,0.253485619234,0.617226799941,0.0435364038385
0.243736596085,0.120825248816,0.513705549501,0.121732605598
0.446405151176,0.128319331491,0.139149142782,0.286126374551
0.978690501245,0.020071813638,8.25603264471e-05,0.00115512479089
0.29446128766,0.0131206060576,0.674221924908,0.0181961813742
0.0491987720301,0.813742188025,0.0746585674842,0.0624004724609
0.0108793390167,0.514549725024,0.23779075947,0.236780176489
0.0140611504409,0.124696548574,0.773846609785,0.0873956912
0.144903886497,0.45521456112,0.289947323366,0.109934229016
0.113662796228,0.13409760386,0.638515118124,0.113724481787
0.0416671061999,0.396718715998,0.000147751096508,0.561466426706
0.0346207728479,0.829263168457,0.0539142611338,0.0822017975611
0.00615035690889,0.960059739744,0.0098539802516,0.0239359230957
0.804929430266,0.0606947164762,0.109036020689,0.025339832569
0.0438121579424,0.0232622541734,0.747358699563,0.185566888321
0.0211390190643,0.640670710455,0.111927239003,0.226263031478
0.0240907033516,0.203883982687,0.0302500734743,0.741775240487
0.74042630946,0.0380918175217,0.0190433599138,0.202438513105
0.0527500136617,0.604060116012,0.0637618151575,0.279428055169
0.0320792728896,0.593190608759,0.141584575817,0.233145542534
0.291030559263,0.593332653807,0.0461532225128,0.069483564417
0.0128156802063,0.704757259079,0.0793640511052,0.203063009609
0.246320431439,0.0090997805133,0.425198715444,0.319381072604
0.206971467435,0.394455314496,0.12310236443,0.275470853639
0.0511060652499,0.0614594892617,0.390141007276,0.497293438212
0.27635333374,0.0222858589255,0.168257119845,0.533103687489