0.141938353808,0.0991162840958,0.252657424415,0.506287937681
0.244835213218,0.0619812682227,0.394335767546,0.298847751013
0.614812982001,0.0298547517309,0.353482798678,0.00184946758942
0.00133712718308,0.0377825969844,0.958922766316,0.0019575095169
0.630715175894,0.287523869833,0.0364076556031,0.0453532986701
0.181029951977,0.357278101114,0.0430951386135,0.418596808295
0.00848009135775,0.656825627409,0.334510434894,0.000183846339891
0.0481400205284,0.688240223136,0.0704218654963,0.19319789084
0.554386499447,0.0334165944395,0.376772920833,0.0354239852805
0.806465403454,0.00569871314139,0.137743791758,0.0500920916463
0.496937876015,0.155579375031,0.341889431593,0.00559331736157
0.188758438476,0.169832164712,0.620098143716,0.0213112530956
0.00663201772494,0.0560471220527,0.844068540195,0.0932523200272
0.433703560217,0.511224536011,0.00921977060151,0.0458521331712
0.589904122875,0.119470962604,0.102569610868,0.188055303653
0.318082621542,0.206649968676,0.203668831113,0.271598578669
0.0537229468534,0.189877495589,0.151265862808,0.60513369475
0.0367135781168,0.452673398299,0.416060728632,0.0945522949524
0.0320881418109,0.387966658573,0.541488479724,0.0384567198926
0.392071718813,0.605708860805,0.00100859627914,0.00121082410359
0.322144272087,0.0945256695388,0.214083809942,0.369246248432
0.36915882356,0.356616718876,0.0338174054996,0.240407052065
0.201685812435,0.201657180699,0.503988993023,0.0926680138423
0.594711372973,0.201518231711,0.027128867244,0.176641528073
0.139308130631,0.744453966886,0.0610202606878,0.0552176417947
0.0105917583504,0.00977401411649,0.494720170265,0.484914057268
0.536020503509,0.0492917430629,0.0281555131844,0.386532240244
0.010055422645,0.00161829245096,0.000306072348331,0.988020212556
0.000524684836354,0.866905973132,0.038571015182,0.0939983268497
0.0769409630965,0.848180993798,0.0559084159168,0.0189696271885
0.0396191903617,0.0397696281666,0.0127560847792,0.907855096693
0.60126223611,0.367119167753,0.00655456637749,0.0250640297589
0.00297620164898,0.382062782848,0.599082463502,0.0158785520009
0.0594492670916,0.902378799969,0.018988028624,0.0191839043156
0.831285307099,0.0864274639187,0.0487186348748,0.033568594108
0.209343756229,0.575983846078,0.154725920499,0.0599464771943
0.00497747487481,0.827318826039,0.0724362256708,0.0952674734155
0.762355346062,0.0596842038594,0.151773758546,0.0261866915326
0.149963069082,0.0172751679501,0.679089410051,0.153672352917
0.0142207050416,0.304449361526,0.0475182507373,0.633811682695