0.40106903148,0.00168665684119,0.415050477956,0.182193833723
0.138965751822,0.151747623025,0.0860754835266,0.623211141626
0.46453192901,0.192321152688,0.0399742534593,0.303172664843
0.330919054712,0.362503568396,0.225096632187,0.0814807447045
0.02823964499,0.60196860106,0.237800760777,0.131990993173
0.246958147557,0.54190801586,0.130592800491,0.0805410360913
0.000187860443916,0.844550858403,0.000175647904764,0.155085633249
0.133434086424,0.00932362398056,0.0258065879155,0.83143570168
0.568890004031,0.00076890629805,0.307368109842,0.122972979829
0.124462484866,0.00484735260084,0.409540610938,0.461149551595
0.00110864919654,0.59898668506,0.0711310280762,0.328773637667
0.591885777595,0.0727465934023,0.332998988426,0.00236864057599
0.0754546373098,0.0739061338768,0.609519785424,0.241119443389
0.298808795069,0.169050825661,0.504492762003,0.0276476172676
0.285750221364,0.266789921659,0.198522067779,0.248937789198
0.41952638397,0.0676160843891,0.0656763505233,0.447181181117
0.125172014809,0.0797224915064,0.28762024384,0.507485249845
0.0153298367491,0.715340556386,0.151648245523,0.117681361342
0.129421755567,0.811101298201,0.0214629205046,0.0380140257281
0.285346199844,0.556935636615,0.148982266657,0.00873589688405
0.573239727154,0.0181103342767,0.265743896087,0.142906042482
0.126919181569,0.280292740561,0.323655522778,0.269132555092
0.156636546414,0.0318764678045,0.262434069826,0.549052915955
0.367370587459,0.289532184634,0.295694768792,0.0474024591147
0.8173930061,0.0073138512442,0.0203550117965,0.154938130859
0.0387703820706,0.000839210510826,0.478657333257,0.481733074162
0.893136897172,0.00401454842964,0.102103191506,0.000745362892138
0.113351926055,0.00421445013955,0.0256046643527,0.856828959452
0.0888939308534,0.622562998847,0.139588447769,0.148954622531
0.0591895008626,0.105970732702,0.686222936788,0.148616829648
0.374847533971,0.0935970010792,0.028830919837,0.502724545112
0.572107676245,0.109981483655,0.0583514090543,0.259559431045
0.0175625235999,0.364100994043,0.611810708727,0.00652577363045
0.00215639256206,0.906250682192,0.0140627251996,0.0775302000463
0.493309484035,0.050669948075,0.0947401727703,0.36128039512
0.00710147072373,0.350239582564,0.361086775345,0.281572171367
0.134550203782,0.326993873295,0.0165088058692,0.521947117054
0.0813844051898,0.106567592922,0.576683578074,0.235364423814
0.178787909261,0.671719156763,0.127669750175,0.0218231838019
0.707191645092,0.0622421517067,0.197554591368,0.0330116118334