0.292613084774,0.0645619508257,0.35734684885,0.28547811555
0.418272364191,0.0253723439802,0.0198087203865,0.536546571443
0.0162633606825,0.051460542589,0.436246971436,0.496029125292
0.262808594123,0.0733614838444,0.408204665089,0.255625256944
0.880050910508,0.0252094287203,0.0381505344111,0.056589126361
0.869631731003,0.0155444804192,0.00148645374879,0.113337334829
0.164667633856,0.329454096701,0.458863976767,0.0470142926764
0.0289739059147,0.186651405987,0.545578007427,0.238796680671
0.291696285744,0.0917514625063,0.0847776736424,0.531774578107
0.179450639843,0.625783762169,0.0317673582745,0.162998239714
0.320098322918,0.20022022763,0.0443497053755,0.435331744076
0.0128695526187,0.00139111548624,0.910340249852,0.0753990820427
0.00663189044454,0.0663331710808,0.000421399815251,0.926613538659
0.0162793159164,0.927550820374,0.0432377496191,0.0129321140906
0.231574639139,0.216046170987,0.047549094903,0.504830094971
0.0218647036185,0.0101919921198,0.33491080368,0.633032500582
0.0407949414219,0.00543224670975,0.0491337914869,0.904639020381
0.00985624672722,0.0928620618159,0.00297184045825,0.894309850999
0.703890502429,0.0696577977537,0.21248054682,0.0139711529979
0.50866537345,0.0503010476992,0.0051191976261,0.435914381224
0.866332416411,0.00120672357722,0.0540828125398,0.0783780474724
0.119721903571,0.0297334485668,0.816353839751,0.0341908081109
0.701116300263,0.0684129489119,0.222016059017,0.00845469180816
0.905756508144,0.00611698444093,0.0444592192914,0.0436672881232
0.00385955801251,0.966547516678,0.0123384310186,0.017254494291
0.144385056026,0.0826453883364,0.577195232827,0.195774322811
0.170109590958,0.0326842481244,0.790067820147,0.00713834077045
0.0859486139623,0.0296578662862,0.38656449253,0.497829027222
0.450258609272,0.0134339536886,0.21671656737,0.319590869669
0.221916416508,0.0127206962529,0.0291276077832,0.736235279456
0.221679235305,0.428144028929,0.107394558507,0.242782177258
0.735345065169,0.262821513337,0.00133490635632,0.000498515138251
0.982136846549,0.0130957124434,0.0027142600768,0.0020531809307
0.00166784888099,0.0913758073611,0.906243630647,0.000712713110462
0.0514291366201,0.343759925892,0.261980902397,0.342830035091
0.718482963395,0.0153112445808,0.01601245901,0.250193333014
0.030140519957,0.477981551886,0.0268241987368,0.46505372942
0.0633548066999,0.245320310784,0.549221999657,0.142102882859
0.0026107197271,0.239989049151,0.484248359652,0.273151871471
0.012150651914,0.70406455418,0.00719529906972,0.276589494836
0.00214364411953,0.103252070299,0.0314389753436,0.863165310238
0.288838787362,0.143188135993,0.0635274937514,0.504445582894
0.013075354328,0.0070648719069,0.977608574415,0.00225119935006
0.0676562491272,0.0105277787458,0.273970349219,0.647845622908
0.0251499525729,0.671474200879,0.10805099163,0.195324854918
0.147373821907,0.351953752219,0.0244002135575,0.476272212316
0.0206513171393,0.743822164575,0.214779137068,0.0207473812178
0.489446734652,0.0440309763908,0.0653479569894,0.401174331968
0.0149880110094,0.0155802766481,0.957088051759,0.0123436605837
0.00327935296256,0.645366030391,0.00880643808381,0.342548178563
0.00986110960513,0.00354082269107,0.981048486918,0.00554958078553
0.664651543094,0.0323560176949,0.234319340729,0.0686730984821
0.0143494221625,0.240594355648,0.383166078579,0.36189014361
0.180288796722,0.615083716351,0.195442936937,0.00918454999042
0.0225699200613,0.567591330201,0.39908517354,0.0107535761977
0.0867046271828,0.547895936344,0.313519129061,0.0518803074117
0.259763921112,0.241212471702,0.295446519173,0.203577088013
0.342246315667,0.38022095062,0.205020379594,0.0725123541191
0.520899442412,0.0536504645572,0.129082057903,0.296368035128
0.0489772056916,0.0395141080655,0.874018719418,0.0374899668245
0.0218260796185,0.178630702821,0.693270175231,0.106273042329
0.28110886751,0.0813012278704,0.63274358099,0.00484632362995
0.906320992672,0.0857300295409,0.00638280371014,0.00156617407706
0.0217798912244,0.0856782159229,0.837474571787,0.0550673210652
0.00261674676762,0.439318014292,0.0632909643065,0.494774274634
0.23185668016,0.203453499142,0.425340740593,0.139349080105
0.0041530857252,0.224224023625,0.352159970019,0.41946292063
0.0331503331031,0.010932161665,0.0620648682039,0.893852637028
0.200636932891,0.569507120302,0.0477223264609,0.182133620346
0.00468430470023,0.991142559003,0.00396622668668,0.000206909610056
0.00636207997576,0.318821663727,0.0166354407346,0.658180815563
0.00604200185603,0.899404764232,0.0868626686596,0.00769056525216
0.151045030454,0.466603456543,0.0868737777207,0.295477735283
0.239775185294,0.163881994969,0.362039655101,0.234303164636
0.147811757271,0.0200454449177,0.618868740851,0.21327405696
0.0656728522467,0.095458618096,0.831385260318,0.00748326933885
0.895914203678,0.0711355900288,0.0271542714029,0.00579593489027
0.141817922214,0.0346031788223,0.700010234357,0.123568664606
0.0420683410411,0.70197467545,0.24854205879,0.00741492471902
0.672337120558,0.151056770155,0.0707259356307,0.105880173656
0.0164240887534,0.0467855041735,0.576610371926,0.360180035147
0.213653343347,0.125969926435,0.582543686871,0.0778330433468
0.337308169387,0.658746077331,0.00116374232614,0.0027820109565
0.00579518380326,0.507056249228,0.475743192053,0.0114053749152
0.224070184115,0.302502657703,0.0743760730169,0.399051085165
0.103260862904,0.390591846785,0.359718118233,0.146429172078
0.0711953906465,0.420101198439,0.12829947561,0.380403935304
0.0917680698802,0.233052179024,0.163230175848,0.511949575248
0.239811114829,0.101566013625,0.147295931043,0.511326940503
0.409803612565,0.356489035582,0.152690025883,0.0810173259694
0.597099791729,0.164410506503,0.12017592229,0.118313779479
0.0357729231133,0.60201792666,0.188905816066,0.173303334161
0.020587703802,0.176656137099,0.0537084692915,0.749047689808
0.00895855248288,0.111610312882,0.00152590434239,0.877905230293
0.00066149124779,0.348914689481,0.239842928469,0.410580890802
0.00652829611965,0.979987726569,0.0051382381526,0.00834573915905
0.072679024211,0.709853672097,0.196288067707,0.0211792359855
0.441595097075,0.172355573826,0.346636698232,0.0394126308671
0.14833964681,0.00183363842256,0.308521157159,0.541305557608
0.585014859268,0.200714397627,0.0925041624403,0.121766580665
0.682411543616,0.060705146529,0.183007244402,0.0738760654536
0.0495507541194,0.00111101396149,0.946565147712,0.002773084207
0.179198102907,0.0358635183074,0.476382539111,0.308555839675
0.501174019819,0.265427820074,0.215320952076,0.0180772080304
0.235527378484,0.0828461314348,0.3084041607,0.373222329381
0.29606761604,0.301335161634,0.0456234674695,0.356973754856
0.637717691655,0.0135792858118,0.234240727164,0.114462295369
0.228822108859,0.32225541659,0.208840955586,0.240081518965
0.493310054384,0.0298162590012,0.388492105478,0.0883815811373
0.0537277980055,0.363158717926,0.120279514938,0.46283396913
0.478805363423,0.0351033411395,0.184417889559,0.301673405879
0.327757233475,0.0567509777349,0.267298319326,0.348193469463
2.51093331944e-05,0.000141624765743,0.685173174833,0.314660091068
0.129141195779,0.0969571781175,0.546814592845,0.227087033258
0.00202726519743,0.99396939359,0.00224414257627,0.00175919863615
0.0780766441067,0.0793808031158,0.103077581772,0.739464971005
0.000442136864447,0.995344253466,0.00060085555776,0.00361275411139
0.506925954664,0.133321992798,0.329183029573,0.0305690229658
0.118738101223,0.871017123997,0.00398097565111,0.00626379912852
0.0141631053623,0.0827200884274,0.696369762838,0.206747043372
0.0443361451996,0.010130680422,0.339840655467,0.605692518911
0.068871206217,0.757872319471,0.000646399818308,0.172610074494
0.0752419738226,0.262539532189,0.0437327197862,0.618485774202
0.932489790953,0.000991350770475,0.066500673013,1.81852639898e-05
0.236511559607,0.0191695030718,0.0417427712457,0.702576166075
0.030879936345,0.0646187312757,0.0168969592995,0.88760437308
0.16324958296,0.0292852433483,0.344692919476,0.462772254215
0.0047421969608,0.470468964281,0.46750473481,0.0572841039486
0.302607830688,0.104342800641,0.0892970533635,0.503752315307
0.0367931398062,0.323687986474,0.305121464702,0.334397409018
0.00512221494083,0.022219838525,0.292799683936,0.679858262598
0.034962720526,0.226907209012,0.424689588881,0.313440481581
0.0177994868108,0.674168058187,0.0845113770018,0.223521078
0.0719292675831,0.0375871099682,0.832472681317,0.0580109411321
0.344852641923,0.0915400951988,0.492027187491,0.0715800753867
0.0136866513372,0.222207824171,0.0356518206977,0.728453703794
0.0778865453565,0.00195663709128,0.670320536666,0.249836280887
0.00316756357816,0.0346876964188,0.93991757543,0.0222271645731
0.68871202935,0.142909676271,0.0485180727398,0.119860221638
0.339179092151,0.150351974422,0.356179833224,0.154289100202
0.0178576955658,0.08763811226,0.528457316932,0.366046875242
0.489097804406,0.301212845293,0.0629028283651,0.146786521936
0.378362407199,0.0370288176433,0.476445668144,0.108163107014
0.0241996081486,0.134553402686,0.095015311088,0.746231678078
0.583673088031,0.178945223244,0.033417002254,0.203964686472
0.358321080917,0.0198124072656,0.178905722846,0.442960788972
0.0184753810674,0.0155438317706,0.398881651585,0.567099135577
0.0930913650017,0.481957363566,0.000410915191223,0.424540356241
0.244154429604,0.468957591243,0.100662526825,0.186225452328
0.409481962935,0.014114163911,0.000653376748035,0.575750496406
0.140233657762,0.627332979303,0.070542164496,0.161891198439
0.487104964441,0.134785322549,0.110472712381,0.267637000629
0.00458574124043,0.153486250291,0.834359607758,0.00756840071047
0.0162331944848,0.213813650954,0.706467206165,0.0634859483967
0.182043656839,0.259762971308,0.258339640313,0.29985373154
0.253967564798,0.0638290373553,0.179836813786,0.50236658406
0.5147484711,0.0628053566885,0.105122208099,0.317323964113
0.884355682651,0.0429277173622,0.0365321164687,0.0361844835181
7.08940583067e-05,0.995011048918,0.00491376400717,4.29301655609e-06
0.768583208167,0.139959230436,0.0709469463255,0.0205106150722
0.420495987345,0.0191182025712,0.0592921274819,0.501093682602
0.827682481591,0.0064182731952,0.0264608354491,0.139438409764
0.0115319260243,0.160364140358,0.798533498341,0.0295704352765
0.06548501375,0.0442698463339,0.841089605878,0.0491555340385
0.00956098874015,0.101295686334,0.838313432564,0.0508298923617
0.0082646817446,0.424568606388,0.548640943018,0.0185257688487
0.0599625083821,0.0060192697104,0.922046599604,0.0119716223031
0.384801634768,0.0580212642238,0.382291012861,0.174886088147
0.0405211958122,0.00124077569033,0.93596319985,0.0222748286471
0.513703668244,0.258836616547,0.187922161921,0.0395375532884
0.0784349511209,0.112586782536,0.13342721064,0.675551055703
0.000620400156844,0.987923767358,0.00538796122192,0.00606787126281
0.365056549165,0.229096663849,0.31787769295,0.0879690940356
0.328505254877,0.649813945784,0.0161464850246,0.00553431431489
0.195193673455,0.508547975461,0.00955283830885,0.286705512775
0.0929350594078,0.0994742114453,0.0580453158503,0.749545413297
0.578665745036,0.405597677614,0.0110373005903,0.0046992767599
0.498570956455,0.0886107552602,0.302937066047,0.109881222237
0.135226891861,0.0968177317026,0.0176623958466,0.75029298059
0.00460252327693,0.0294887175515,0.960778945886,0.00512981328601
0.205674291834,0.0104772054549,0.0738516151495,0.709996887561
0.392343557907,0.0433601127446,0.482993073836,0.0813032555118
0.0447102880861,0.000679778335779,0.0864685749258,0.868141358652
0.22555990905,0.00480939425783,0.661920679754,0.107710016938
0.0227157083125,0.038662632256,0.671403768394,0.267217891037
0.168081727464,0.0117415315347,0.0398219870904,0.780354753911
0.0214410782918,0.0354055761935,0.587899445747,0.355253899767
0.283860496818,0.311409411721,0.310554843627,0.0941752478345
0.421660742943,0.551368346304,0.0116043710747,0.0153665396793
0.184654212001,0.0695851274941,0.467471332177,0.278289328328
0.544409361425,0.174612815285,0.127827227753,0.153150595537
0.374125443375,0.619133539839,0.00572681143849,0.00101420534839
0.000572773767266,0.958504193813,0.036488479083,0.00443455333709
0.568972298829,0.0270924955201,0.391885913993,0.0120492916579
0.055312684133,0.567126947901,0.243460552276,0.13409981569
0.0048768762322,0.430430183132,0.225550957172,0.339141983463
0.0700834353952,0.0274628352075,0.782652211947,0.11980151745
0.221030227797,0.249745479593,0.228583517787,0.300640774823
0.0262626244192,0.0664334396496,0.70320024483,0.204103691102
0.720920865149,0.263502593459,0.0104127250713,0.00516381632026