0.743429076476,0.177272102601,0.0207092012079,0.0585896197147
0.173145594267,0.514425691564,0.105024386374,0.207404327795
0.663570666154,0.0107713445448,0.00299878333586,0.322659205965
0.00563473893108,0.713532778483,0.0322727886273,0.248559693959
0.56807913338,0.0223514008235,0.00197061489892,0.407598850898
0.36857926043,0.0193985834624,0.0482645057375,0.563757650371
0.360849966685,0.05615296543,0.118783413989,0.464213653895
0.126860180779,0.23415103207,0.00875382802,0.630234959131
0.794276378814,0.0229419234024,0.16413709268,0.0186446051037
0.418703705654,0.0645591841803,0.499138496215,0.0175986139512
0.190619752355,0.166601624089,0.606394536345,0.0363840872108
0.0810182619149,0.391123473205,0.450426140298,0.0774321245819
0.31658525103,0.0110593602181,0.364735004638,0.307620384114
0.0723478435692,0.0273662234508,0.046350980217,0.853934952763
0.07373215648,0.00412499233888,0.868802227092,0.0533406240892
0.140558572137,0.0325937708537,0.00852406039019,0.81832359662
0.0282935474297,0.861959221116,0.0667419563986,0.0430052750562
0.0278964004294,0.176267124864,0.736974036943,0.0588624377641
0.670934915312,0.0773302541515,0.170831931812,0.0809028987239
0.025674884886,0.0435389686484,0.058454612532,0.872331533934
0.0552775823142,0.385748214345,0.250342737216,0.308631466125
0.00246027204142,0.319069243655,0.232293396182,0.446177088121
7.66785715927e-05,0.000105340430213,0.707970203192,0.291847777806
0.270361045559,0.324208559138,0.215270561676,0.190159833627
0.34856447715,0.00437251541267,0.610909875195,0.0361531322417
0.955422752942,0.0139659260499,0.0292323569742,0.00137896403371
0.53550332787,0.0602089796806,0.203594413686,0.200693278764
0.0302580410465,0.585368071282,0.019539816329,0.364834071343
0.26392710568,0.449084769633,0.195152729469,0.0918353952177
0.0478927159886,0.700662061113,0.208893532923,0.0425516899748
0.728822273574,0.00307241816931,0.00329031923128,0.264814989025
0.11528596128,0.0259875735021,0.6922173186,0.166509146618
0.570585498945,0.366296890661,0.0173876289334,0.0457299814598
0.681398092326,0.000808019847593,0.307552974262,0.0102409135648
0.0657375643813,0.135142008559,0.0409864832154,0.758133943844
0.0918765177423,0.13241321195,0.697946549322,0.077763720985
0.118965631939,0.258886438216,0.0591840737267,0.562963856118
0.0361623764897,0.47729685873,0.0497280078436,0.436812756936
0.262003733021,0.188855594729,0.24232684728,0.306813824969
0.38321133928,0.310484639978,0.160489472867,0.145814547875
0.0747584077587,0.0865113708123,0.0570041521372,0.781726069292
0.20231610775,0.0897684181838,0.541587025206,0.16632844886
0.580218968155,0.271426941414,0.0192200365278,0.129134053904
0.119001648114,0.13823621995,0.474317053463,0.268445078472
0.0108835957543,0.274232433592,0.0487164718246,0.666167498829
0.0188613338727,0.37824018301,0.347967087216,0.254931395901
0.0949684611424,0.44788041705,0.202072294698,0.25507882711
0.28421392594,0.155749624428,0.456193271714,0.103843177919
0.172332932697,0.712437374654,0.0903934872491,0.0248362054
0.0983089645225,0.669535334276,0.0502886613508,0.181867039851
0.42464504874,0.238215322759,0.0143366763906,0.32280295211
0.0671494729708,0.144090896055,0.0226284862869,0.766131144688
0.155722394432,0.382613748223,0.395216533604,0.066447323741
0.292766554992,0.153778136724,0.0815357546051,0.471919553679
0.000263413424105,0.00515975024242,0.994276034858,0.000300801475638
0.421310219645,0.0262697489905,0.0143232370506,0.538096794314
0.925153487708,0.0075838995919,0.00482412580489,0.0624384868956
0.0530450480105,0.202637005067,0.102151984409,0.642165962513
0.0504617605306,0.149157787136,0.679206420276,0.121174032057
0.112204518862,0.0409452714469,0.725748172552,0.12110203714
0.205944729499,0.615592418246,0.155069597913,0.0233932543432
0.00818619014546,0.0531762604725,0.000375062055856,0.938262487326
0.175819454469,0.698168328626,0.0461852712391,0.0798269456662
0.703009184797,0.00844447943133,0.146861652617,0.141684683155
0.425557879671,0.196801113577,0.344070549629,0.0335704571223
0.0796529090316,0.121968600885,0.0166391139405,0.781739376143
0.160824551125,0.244000494766,0.127902480609,0.4672724735
0.217277165339,0.0139531350831,0.149076542726,0.619693156852
0.000220088896608,0.93065473322,0.0517528004987,0.0173723773849
0.412202436315,0.353995658944,0.0367961912737,0.197005713467
0.641754002817,0.234294671177,0.0157505001728,0.108200825833
0.61041535688,0.00563747844545,0.358636450754,0.0253107139209
0.0483607018614,0.111592888547,0.825436500261,0.0146099093305
0.68908724811,0.177040446019,0.0287507823417,0.10512152353
0.0112366606848,0.904089861394,0.00485573980737,0.0798177381138
0.20015351091,0.0548542994411,0.54804675779,0.196945431859
0.471987699437,0.0459044711023,0.411383324736,0.0707245047244
0.030245730779,0.00768121830089,0.118997660297,0.843075390624
0.20493987746,0.0224387515391,0.307982051781,0.46463931922
0.119370969806,0.295718123192,0.494662591634,0.0902483153688
0.709006827355,0.124463427012,0.109557299221,0.0569724464127
0.421774528042,0.248833211213,0.181319177079,0.148073083665
0.410934488311,0.349463859125,0.192510040839,0.0470916117252
0.227207024662,0.506608280649,0.157711064011,0.108473630678
0.513642214891,0.28763189687,0.0577038961603,0.141021992079
0.0869937285078,0.0273728572836,0.0359910999521,0.849642314257
0.531588429513,0.451854857355,0.00361350294942,0.012943210182
0.018724159384,0.492534294435,0.0025532466395,0.486188299541
0.273989256077,0.0920779018805,0.593875590576,0.040057251467
0.139406599315,0.317659343717,0.066211455591,0.476722601377
0.627928570757,0.365830974265,0.00555424086902,0.00068621410865
0.00888287140009,0.0288702584222,0.626144049577,0.336102820601
0.00439089163788,0.744334643393,0.244439429043,0.00683503592612
0.178729567736,0.15631847115,0.590417423731,0.074534537383
0.926602669844,0.0195992558774,0.030211478081,0.023586596198
0.180851221293,0.0313878450865,0.76772980752,0.0200311261011
0.0624399369706,0.888568639269,0.0294266557615,0.0195647679985
0.487274370058,0.123255629147,0.0617895086633,0.327680492131
0.10889800972,0.197271377612,0.0506747618213,0.643155850847
0.519101383574,0.015948273499,0.0197875160766,0.445162826851
0.388354188287,0.362137890412,0.224588533575,0.0249193877269
0.517181236161,0.138480853327,0.0331865506685,0.311151359844
0.928065343188,0.0150702303928,0.0120973738834,0.0447670525356
0.146781169241,0.548172663597,0.294276747944,0.0107694192183
0.179207362181,0.0691690438085,0.574701536856,0.176922057155
0.85333406387,0.0124848170337,0.122443777883,0.0117373412136
0.322193160671,0.00203156062386,0.0160747016534,0.659700577052
0.471960717721,0.0246610248174,0.0528378511274,0.450540406334
0.316863789006,0.478919595271,0.153954080219,0.0502625355046
0.667202688037,0.156399559685,0.0739389138561,0.102458838421
0.570579909093,0.0808735699666,0.0467295181688,0.301817002772
0.491258542814,0.160321294258,0.079061572656,0.269358590272
0.0866112899387,0.0272732701982,0.678152669203,0.20796277066
0.00173637260746,0.0502772788335,0.945795615735,0.00219073282374
0.0815880288578,0.4436103167,0.223974275341,0.250827379101
0.0533280818833,0.207856535515,0.00547551279922,0.733339869803
0.942346339458,0.0162055453402,0.00904804908553,0.0324000661162
0.00387296109946,0.00431496680661,0.0454590803803,0.946352991714
0.0235306781923,0.00990986688531,0.960869843052,0.00568961187082
0.0144010506299,0.006306875703,0.0220950308756,0.957197042792
0.331800601082,0.182368529886,0.371942152705,0.113888716327
0.17524800573,0.720922879867,0.061475959905,0.0423531544986
0.202897450134,0.00255655579864,0.0432255675614,0.751320426506
0.0395247424122,0.293629712362,0.50586803075,0.160977514476
0.145059637365,0.055816030077,0.00549224792918,0.793632084629
0.171183464662,0.406245820809,0.141576082916,0.280994631613
0.0965195902759,0.350312821681,0.395911803792,0.157255784251
0.743341892848,0.0192922749822,0.00624807328866,0.231117758881
0.063014803657,0.239953747582,0.614662511244,0.0823689375173
0.0676324658057,0.00792094407179,0.0928707081464,0.831575881976
0.266799126201,0.719004156742,0.0084346627089,0.00576205434837
0.0318790599665,0.0226118784049,0.235877829358,0.709631232271
0.0266453066287,0.239708492987,0.0501406959626,0.683505504422
0.084824885875,0.0265083227089,0.46699884581,0.421667945606
0.506729957168,0.0662412845998,0.323359729381,0.103669028851
0.0151942498583,0.46682965953,0.489312975993,0.0286631146191
0.00501491859888,0.00403410208959,0.0658301030653,0.925120876246
0.690420532632,0.0688518336348,0.0555594589421,0.185168174791
0.0914832924918,0.178310953728,0.304497436318,0.425708317462
0.122543808438,0.665580862509,0.166380882813,0.0454944462396
0.0150424094988,0.0257458160523,0.0962868626585,0.86292491179
0.191524158964,0.538809396621,0.0421024795596,0.227563964856
0.00176773730665,0.00310567496297,0.0299864670965,0.965140120634
0.0562476936374,0.153501707548,0.73181794921,0.0584326496049
0.483841931198,0.00192207886383,0.512687581543,0.00154840839482
0.0359368366305,0.646042116421,0.0440160529935,0.274004993955
0.0485902691193,0.222263584477,0.133811944299,0.595334202105
0.107166420133,0.0709080986034,0.00516334836788,0.816762132895
0.343573119339,0.0485575242004,0.0960403926775,0.511828963783
0.0545299012245,0.102446743384,0.0575460379239,0.785477317467
0.286820190262,0.39961416957,0.0168276214045,0.296738018764
0.105836206981,0.0790080993104,0.485334043815,0.329821649894
0.0350517851428,0.527161009286,0.257691393594,0.180095811978
0.181940020297,0.722186772927,0.055674340055,0.0401988667204
0.719483486115,0.00352171261708,0.100655715408,0.176339085859
0.314757419062,0.168673470248,0.00612741966201,0.510441691027
0.658152756681,0.193903024064,0.00675539953145,0.141188819723
0.0942678265941,0.307671843213,0.27313959139,0.324920738803
0.883271847183,0.0945341064979,0.0219935264717,0.000200519847787
0.603936709199,0.246476300061,0.0300190444578,0.119567946283
0.0382785943643,0.262818825074,0.332240549403,0.366662031158
0.0109131612907,0.0185349730508,0.00175281155635,0.968799054102
0.468312010227,0.0143137015736,0.395262592524,0.122111695675
0.0799151529242,0.785287717298,0.107236000232,0.0275611295466
0.872366087481,0.126281771114,0.00111161060059,0.00024053080451
0.0421548747474,0.161077459656,0.631213348895,0.165554316702
0.0565748036806,0.306660122664,0.508918875531,0.127846198124
0.583758592454,0.130825049169,0.10191642003,0.183499938346
0.052750893835,0.497592470689,0.322517273242,0.127139362234
0.322786123972,0.0565490986097,0.39048836159,0.230176415828
0.0335139502387,0.0104104746508,0.895437211126,0.060638363984
0.507249153687,0.108283987863,0.307974975978,0.0764918824715
0.157368007848,0.655438048411,0.0231565032145,0.164037440526
0.0733965172406,0.12707378954,0.568055702233,0.231473990986
0.35806054894,0.261845991348,0.182227685179,0.197865774534
0.369323862019,0.0881366533397,0.3439931175,0.198546367141
0.451958550493,0.0942006134177,0.436368488559,0.0174723475306
0.994272469891,0.00498382223625,0.000140580602712,0.000603127269781
0.023993620543,0.579516034573,0.0442170348201,0.352273310064
0.0128593221182,0.119707074907,0.00895364570711,0.858479957268
0.186835866559,0.678719010252,0.0703130423192,0.06413208087
0.00872348414198,0.00103278094076,0.976037652912,0.0142060820052
0.945611295775,0.000391719068654,0.00972396762713,0.0442730175289
0.0527275436053,0.00789542487267,0.0520437639453,0.887333267577
0.0130640517469,0.743229361521,0.00249710932046,0.241209477412
0.186558699271,0.234480687122,0.15698237936,0.421978234248
0.896740071058,0.0895734375667,0.00942046864965,0.00426602272586
0.205929892973,0.118084544185,0.242257233331,0.433728329511
0.854705689014,0.105987263548,0.0012094031471,0.0380976442915
0.536578457566,0.000347497804817,0.00276716115696,0.460306883472
0.192656337391,0.159521522978,0.620180904871,0.0276412347602
0.00508104618524,0.979494712029,0.0121949518843,0.00322928990101
0.050925124297,0.539432383719,0.290486399538,0.119156092446
0.553962557885,0.0500063039944,0.0760477264089,0.319983411712
0.74430868666,0.0497870369881,0.0483105837421,0.15759369261
0.0820482711413,0.0445637737099,0.0245856467397,0.848802308409
0.0892558932418,0.211769272853,0.0815872852065,0.617387548699
0.504742992544,0.00543469928772,0.477051508429,0.0127707997393
0.0809097243155,0.284827403603,0.206111409409,0.428151462672
0.243662577846,0.0825442535953,0.588245379573,0.0855477889855