0.749481834528,0.0963816416108,0.0455468876688,0.108589636192
0.0390968269503,0.0063196834697,0.950427984395,0.00415550518507
0.145673250935,0.0125157524025,0.22625668738,0.615554309283
0.267814096892,0.0513921662964,0.601542411118,0.0792513256936
0.274878048077,0.0750108316753,0.0230726002069,0.627038520041
0.0996541980127,0.620355428162,0.133802313656,0.14618806017
0.196782404261,0.718295309221,0.0815727754271,0.00334951109025
0.00137625944446,0.00944983193628,0.933317610292,0.0558562983277
0.673394413102,0.216501265855,0.0408682336357,0.0692360874077
0.281306477133,0.541742759517,0.159033032969,0.0179177303815
0.0631036238075,0.0344092891701,0.79710178031,0.105385306713
0.453910450084,0.153799858184,0.158580456292,0.23370923544
0.201278656018,0.269730489441,0.218316625114,0.310674229427
0.243170063788,0.158551980099,0.240745971255,0.357531984858
0.78228361608,0.201345443755,0.00761281307443,0.00875812709026
0.236863283144,0.0101920066946,0.0817311750275,0.671213535134
0.701222874976,0.154114794253,0.0158881422442,0.128774188528
0.000251422801583,0.00129560330133,0.957399391343,0.0410535825546
0.000112432704761,0.0628463519522,0.620487667866,0.316553547477
0.181042993741,0.300425359372,0.182531210088,0.336000436799
0.0841956641488,0.558020926334,0.350015292472,0.00776811704541
0.000374447398906,0.865448982118,0.0472199698464,0.0869566006366
0.225882528274,0.600538330113,0.169335643771,0.004243497842
0.00202126722639,0.0715591082894,0.91359558309,0.0128240413941
0.00477536487133,0.018058195465,0.921877755706,0.0552886839579
0.112795286832,0.152619029522,0.0884266549619,0.646159028685
0.757942519761,0.0634433657704,0.166332367688,0.0122817467803
0.000695508380464,0.0158453971884,0.00158865985886,0.981870434572
0.593206988493,0.032008506609,0.301950333554,0.0728341713443
0.110489625672,0.218001268721,0.638187960118,0.0333211454893
0.57644955921,0.131359694755,0.0933410027198,0.198849743315
0.0143741013642,0.016042854042,0.79502236248,0.174560682114
0.291583129481,0.00674280915109,0.701052448356,0.000621613012353
0.341563378407,0.0455689495815,0.00618278280224,0.60668488921
0.296884865714,0.307454598597,0.29628385754,0.0993766781488
0.187366280584,0.0508886967919,0.737151882174,0.0245931404502
0.00578086718606,0.0535801470065,0.0225323095843,0.918106676223
0.210814279268,0.200255421831,0.50830106157,0.080629237331
0.0398109044015,0.88616817091,0.0317785409602,0.0422423837285
0.222523544717,0.00225760015483,0.002675646508,0.77254320862
0.0448025998458,0.0818187521501,0.418561821103,0.454816826901
0.309783817419,0.0702736886041,0.167107819151,0.452834674826
0.0271565189164,0.144432599406,0.801223671226,0.0271872104524
0.76627903821,0.0667239253731,0.0547475612867,0.11224947513
0.344861284443,0.0833683980544,0.475560434446,0.0962098830569
0.109723603374,0.193889519482,0.0351513266063,0.661235550538
0.0845406196258,0.593460813459,0.169230158262,0.152768408653
0.0969907531307,0.145532438747,0.674077018607,0.0833997895157
0.171422696436,0.748489781834,0.0737736103942,0.00631391133608
0.344316483693,0.292177687784,0.251359409897,0.112146418626
0.127733208259,0.580891287696,0.0144445445686,0.276930959477
0.115069915179,0.0436813809264,0.773379846942,0.0678688569527
0.880041725619,0.0176911240254,0.0712669828735,0.0310001674824
0.0578482169801,0.707371593531,0.0875374114256,0.147242778063
0.00040056694772,0.0661312677293,0.272192332603,0.66127583272
0.109695337818,0.0352327533181,0.846111989693,0.00895991917059
0.821278359824,0.0798545364521,0.0749873888807,0.0238797148433
0.467828730952,0.0544952866846,0.330565967729,0.147110014635
0.0580013229824,0.094100523844,0.84230167088,0.00559648229324
0.595759373322,0.221388617966,0.125748119048,0.0571038896645
0.134037890163,0.0708437281156,0.744758512579,0.0503598691429
0.0626677793557,0.129283580217,0.184931372683,0.623117267745
0.148401581794,0.075166006587,0.137607890465,0.638824521153
0.010038477393,0.423688876485,0.482311024316,0.0839616218053
0.00191561996167,0.13113696927,0.052441271922,0.814506138846
0.026332793206,0.957584455347,0.00333090470042,0.0127518467466
0.125709388417,0.6348288872,0.102575229619,0.136886494764
0.0563712720981,0.561820321053,0.324677166862,0.0571312399869
0.161896525397,0.348180259133,0.0899642580845,0.399958957386
0.0869141387681,0.098740973103,0.147918425701,0.666426462428
0.216372162147,0.113489624099,0.171477141525,0.498661072228
0.144383997719,0.30597606049,0.473343592291,0.0762963494999
0.121283168195,0.20978355447,0.102354543139,0.566578734196
0.0497052827828,0.373410437767,0.286547314658,0.290336964792
0.675589667661,0.00454686573518,0.0310795315322,0.288783935072
0.0587843759905,0.689871714305,0.198543564211,0.0528003454938
0.293118734954,0.0528308942824,0.523905127201,0.130145243563
0.619314565645,0.00685812370977,0.0438705776423,0.329956733003
0.113391311674,0.168369493512,0.17754189401,0.540697300804
0.551454196816,0.0350360260471,0.0991224634312,0.314387313706
0.908721510261,0.00372373223204,0.082310322789,0.0052444347175
0.392170595661,0.280678208405,0.143946554471,0.183204641463
0.645555508798,0.214013267649,0.0950540930709,0.0453771304817
0.00842118970836,0.426865479709,0.460001928407,0.104711402176
0.114680016502,0.201666853848,0.251850507845,0.431802621805
0.10048234792,0.455486458219,0.333903550892,0.110127642969
0.0100908835866,0.00251906296035,0.288358377261,0.699031676192
0.326966742861,0.589328308149,0.0190714369872,0.0646335120029
0.371897028598,0.0376144525041,0.20420533116,0.386283187738
0.0878232248896,0.620041781415,0.0895738827537,0.202561110942
0.172055698362,0.205129029425,0.151942012503,0.47087325971
0.58967371298,0.274057659514,0.0928013987601,0.0434672287463
0.447912100668,0.427637544126,0.0513435481545,0.0731068070521
0.8613365161,0.0795571869915,0.0101395809287,0.0489667159794
0.00405578506658,0.259724243415,0.0399826907765,0.696237280742
0.758443402305,0.0579389060728,0.0177582796703,0.165859411952
0.511294830559,0.0241656349044,0.161625530074,0.302914004462
0.247088704548,0.300558725818,0.0229588372005,0.429393732434
0.00993023241508,0.780334759573,0.0283142746815,0.18142073333
0.360240074055,0.492428057602,0.119679340859,0.0276525274841
0.12149083669,0.247311267815,0.300299105007,0.330898790489
0.0736332291453,0.273273264052,0.0895538305711,0.563539676231
0.551841594257,0.171442768329,0.156429255368,0.120286382047
0.0288161696071,0.255294412488,0.523761549756,0.192127868149
0.154766556773,0.00605569520822,0.00561479421664,0.833562953802
0.190351257987,0.0823001006497,0.517886524872,0.209462116491
0.1126452333,0.0693483934261,0.0669306577468,0.751075715527
0.277484000763,0.651836235393,0.0236543732808,0.0470253905628
0.00694848741521,0.861099095284,0.0286304606577,0.103321956643
0.302918155818,0.373100050571,0.29344881022,0.0305329833914
0.0121222363572,0.733773360701,0.12231066576,0.131793737182
0.0430193755225,0.751019151311,0.168983145475,0.036978327692
0.264941154223,0.581834343895,0.144200832073,0.00902366980932
0.337993990657,0.22040261959,0.0755213501432,0.36608203961
0.151735242433,0.690477199722,0.0321290342079,0.125658523637
0.0334705655127,0.756497157392,0.197043331901,0.0129889451936
0.509812397477,0.0320256689833,0.236561110303,0.221600823236
0.154417006315,0.209048532085,0.167116238314,0.469418223285
0.0460895472592,0.0308136831584,0.045786718894,0.877310050688
0.035433259569,0.0310586368626,0.877211798433,0.0562963051357
0.262018043487,0.338327984531,0.245065766332,0.154588205651
0.0240215125974,0.551980681103,0.0876103008279,0.336387505471
0.00216030380694,0.00705617058948,0.00787112656307,0.982912399041
0.0618316434822,0.12818387635,0.228702592274,0.581281887894
0.0241719770042,0.82387978457,0.130834902715,0.0211133357109
0.901880482933,0.016626835073,0.0503320039129,0.0311606780816
0.427533403478,0.0426691134371,0.482605730025,0.0471917530602
0.00624094676769,0.973114603729,0.0161534037963,0.00449104570682
0.0676194001703,0.448578325295,0.477791660554,0.00601061398033
0.302932962141,0.153163693716,0.131010537174,0.412892806969
0.773599898013,0.0411925770971,0.162256051874,0.0229514730157
0.0964048808676,0.0955483943696,0.706784768294,0.101261956469
0.670319237599,0.0813933496517,0.0560249236725,0.192262489077
0.562259183072,0.132885551922,0.00750638614135,0.297348878865
0.0335593704561,0.00347093495394,0.0849571111831,0.878012583407
0.0430355981764,0.618836504067,0.0420897529996,0.296038144757
0.340002626139,0.362294901282,0.0868790279248,0.210823444654
0.0742806703453,0.192692602588,0.0877764669089,0.645250260158
0.0619742634822,0.14338256627,0.600411539428,0.194231630819
0.151839337043,0.257456600083,0.191286058129,0.399418004746
0.000150275204022,0.12264871456,0.0465786242993,0.830622385937
0.0234438655189,0.0481436854714,0.16892899699,0.75948345202
0.119253059431,0.0172768596777,0.0266805024019,0.836789578489
0.0674787162358,0.472828207705,0.164499788512,0.295193287547
0.434125626685,0.307003211683,0.0684722028549,0.190398958777
0.737980950338,0.00870062692091,0.00406373945737,0.249254683284
0.052807189544,0.116012365371,0.40488058671,0.426299858375
0.00627648334505,0.989214396285,2.59970909981e-05,0.00448312327884
0.220301440447,0.0287868380784,0.360901656844,0.390010064631
0.129922068416,0.569219898935,0.266221425018,0.0346366076301
0.18760601713,0.391669008591,0.362156290114,0.0585686841662
0.36217521426,0.482400923652,0.0332679039955,0.122155958092
0.0271050336471,0.0407736502607,0.0234503569392,0.908670959153
0.031114318693,0.00739851316297,0.954678024263,0.00680914388142
0.0236189228975,0.366978612512,0.267135187208,0.342267277383
0.134556207992,0.402841010558,0.390296526155,0.0723062552954
0.318500523582,0.0168190464402,0.158539528665,0.506140901313
0.0138987619367,0.0535564017011,0.0262683045254,0.906276531837
0.854582909118,0.0129419173516,0.0737265472158,0.0587486263148
0.126090488334,0.201917346089,0.247916865363,0.424075300214
0.0512946498957,0.228324903162,0.148143849097,0.572236597845
0.282256364709,0.088180732104,0.618610705781,0.0109521974058
0.332917612778,0.484427910222,0.08913002484,0.0935244521594
0.139225983613,0.536173639472,0.128125405131,0.196474971784
0.578468717317,0.396210680178,0.00710038377332,0.0182202187316
0.00963659921066,0.0236365803394,0.0689421931701,0.89778462728
0.28515802628,0.0568310137479,0.115256445468,0.542754514504
0.66131024382,0.0165352283299,0.0610776269981,0.261076900852
0.406403963179,0.25101691935,0.110956146073,0.231622971398
0.0978655217728,0.00125882728538,0.171818149204,0.729057501738
0.00204859082426,0.918628416482,0.0544785850315,0.0248444076626
0.639831391256,0.0588557904776,0.0270631742045,0.274249644061
0.0130036375149,0.125829664173,0.126868413569,0.734298284743
0.00247956886854,0.0407603704638,0.0654873506883,0.891272709979
0.24108109476,0.302932529135,0.107779071486,0.348207304619
0.122961000049,0.280149327435,0.00528723694882,0.591602435567
0.162360147567,0.255282197168,0.232568250102,0.349789405163
0.604394900002,0.021896921946,0.0441532724619,0.329554905591
0.321315524057,0.11687349012,0.435127919501,0.126683066322
0.00580634515291,0.102192571047,0.267949622469,0.624051461331
0.846561212857,0.000286096033304,0.144229908643,0.0089227824663
0.223240261855,0.21052124971,0.398593856106,0.167644632329
0.52967268268,0.0121205806354,0.380901873303,0.0773048633823
0.367291590463,0.0138203600176,0.498069300337,0.120818749182
0.0756860531504,0.197685754244,0.164575923984,0.562052268622
0.0793649034024,0.00922690097965,0.150994021615,0.760414174003
0.247220651947,0.24324773014,0.0529460536547,0.456585564258
0.00347358427811,0.00366417020568,0.989889551715,0.00297269380164
0.196898014786,0.174770570896,0.0237347179799,0.604596696339
0.0717529534751,0.666329870164,0.0849263938833,0.176990782478
0.0102074589634,0.429817988698,0.019167498196,0.540807054143
0.000137494097034,0.0553685906665,0.943487098225,0.00100681701127
0.391874288302,0.158789742801,0.171416627417,0.277919341481
0.603973926097,0.00489139550543,0.103042874691,0.288091803706
0.776393278002,0.0670781242465,0.066619254616,0.0899093431355
0.149613559778,0.517260108355,0.261731655273,0.0713946765931
0.838463908986,0.0552168114865,0.0123055321611,0.0940137473662
0.024465717325,0.407442579284,0.383872383617,0.184219319774
0.525170073228,0.0494828289977,0.0269060400741,0.3984410577
0.139202545164,0.0652038778274,0.742727105822,0.052866471187