0.821419418271,0.0989146772988,0.0209195583787,0.0587463460518
0.909643254151,0.0294429141441,0.0334439364347,0.0274698952705
0.828153558899,0.0878797032662,0.060835083023,0.0231316548115
0.0754644555974,0.877345467959,0.0356051453294,0.0115849311145
0.0926747715382,0.697441940911,0.154747930481,0.0551353570695
0.43503297988,0.243333316789,0.00792358948617,0.313710113845
0.803223650314,0.00323534226895,0.179820785636,0.0137202217814
0.0868620223135,0.275122491127,0.530681894672,0.107333591887
0.0217611339155,0.479018363846,0.0533198423928,0.445900659846
0.017482443025,0.0138436840843,0.175561012642,0.793112860249
0.255041240479,0.0793943542293,0.0125579362042,0.653006469088
0.0938339632629,0.0774267624123,0.79763962996,0.0310996443648
0.332627595583,0.043154041774,0.584620155895,0.0395982067477
0.127050934804,0.195485402701,0.368847382062,0.308616280433
0.0704346039596,0.27852064781,0.582850018305,0.0681947299263
0.165504358612,0.149974227759,0.631007084166,0.0535143294639
0.642461350592,0.00119798386502,0.344156090434,0.0121845751086
0.013328774086,0.0263414132624,0.449632869583,0.510696943068
0.322124721518,0.02260903617,0.384286409399,0.270979832913
0.217484224008,0.338333845715,0.316815406868,0.127366523409
0.369891343999,0.191953704531,0.0596839863384,0.378470965132
0.67673720559,0.00663887280188,0.124679700979,0.191944220629
0.22930877915,0.0763766405382,0.60595510919,0.0883594711217
0.00733017137715,0.704147907282,0.214675038132,0.0738468832089
0.849300855669,0.0344832894803,0.00158346011387,0.114632394737
0.355163052385,0.0196127828865,0.0121642375214,0.613059927207
0.358694700421,0.338055013351,0.182527099098,0.12072318713
0.757322531503,0.105408073033,0.105443471703,0.0318259237605
0.135801053045,0.71285221886,0.0520814347378,0.0992652933567
0.00902891897034,0.0927922769678,0.794404413747,0.103774390315
0.487484377147,0.117368034478,0.0651998686401,0.329947719735
0.0241965886622,0.00150539613973,0.772022858624,0.202275156574
0.0280028171617,0.0044597008566,0.680049921434,0.287487560547
0.421685782998,0.0269005388559,0.107405902268,0.444007775878
0.447593932086,0.514939878114,0.00654615078522,0.030920039015
0.0335209273248,0.0312860995527,0.353334998024,0.581857975098
0.112740820233,0.393786455489,0.307119751682,0.186352972596
0.0285027179802,0.0115422233336,0.0251699476678,0.934785111018
0.0095450755454,0.130485977836,0.456439404926,0.403529541693
0.0515901606734,0.0548371938699,0.862276260749,0.0312963847082
0.0834852189305,0.71233510023,0.106120950283,0.0980587305563
0.848474227021,0.00874366584727,0.0597875943977,0.0829945127336
0.0105514828121,0.0434875921473,0.3377868503,0.608174074741
0.655123117776,0.168518575666,0.0961087795594,0.0802495269988
0.000482819637387,0.991998390864,0.00505720382126,0.00246158567732
0.154581368509,0.0657849391735,0.0231915654156,0.756442126902
0.0113657522529,0.931935091193,0.0323894818081,0.024309674746
0.123846713469,0.399173519791,0.0789707313079,0.398009035433
0.115856671353,0.138795341896,0.324678079776,0.420669906975
0.843395667323,0.0239492870331,0.0876827490838,0.0449722965598
0.824305872394,0.103217746464,0.0662132126695,0.00626316847318
0.0927519365811,0.073377465467,0.37354140305,0.460329194902
0.0697586832914,0.0932798320204,0.268594680831,0.568366803857
0.157294003903,0.264273386676,0.23000218288,0.348430426541
0.192008671241,0.0186869697369,0.777450573218,0.0118537858043
0.257627849466,0.166080971472,0.0803020661523,0.49598911291
0.382998409637,0.545111362594,0.0301413555319,0.0417488722368
0.633853124715,0.224492379915,0.11088723841,0.0307672569599
0.00713713503902,0.200030171453,0.000622920067232,0.79220977344
0.224433427807,0.232945666862,0.413179677324,0.129441228008
0.0804328603665,0.216441795979,0.125577297892,0.577548045762
0.0206804223542,0.0016313427603,0.0290822020929,0.948606032793
0.75214146373,0.0753704912083,0.0475823182122,0.124905726849
0.201778902268,0.110405007692,0.341249984794,0.346566105246
0.107252553279,0.0654058440201,0.0340391999514,0.79330240275
0.276200340828,0.323533181421,0.225026311181,0.17524016657
0.0790259493348,0.0846878305096,0.576726254672,0.259559965483
0.25899006482,0.00757254712617,0.137698811902,0.595738576152
0.0480559784871,0.257776191002,0.254798101275,0.439369729236
0.784396425466,0.034719118675,0.0216208995263,0.159263556333
0.0859816432466,0.0404115422317,0.292626582057,0.580980232464
0.0228718754995,0.888887710123,0.0220923037892,0.0661481105882
0.265577297934,0.0920858317071,0.388131987517,0.254204882842
0.258285503258,0.5349202154,0.0989387891365,0.107855492206
0.322370162274,0.632364570419,0.021868976711,0.0233962905953
0.0294073459894,0.867381982656,0.0504384121793,0.0527722591749
0.0055648745,0.16808886136,0.81943620242,0.00691006172044
0.465204189092,0.0860758360258,0.0644537551712,0.384266219711
0.49253816443,0.00235687441289,0.47396157971,0.0311433814476
0.127702968479,0.419882055932,0.155770488128,0.296644487461
0.299660839091,0.545607644347,0.0883447427944,0.0663867737672
0.133817555423,0.229132198987,0.0439520004929,0.593098245097
0.266041506081,0.0189070919332,0.156895757343,0.558155644643
0.664276885019,0.0132148372445,0.154595196504,0.167913081232
0.0505479301638,0.0936929421297,0.0347024161733,0.821056711533
0.303966894371,0.0210286539435,0.63139486604,0.0436095856453
0.0295284644066,0.960210768068,0.0056948810171,0.00456588650857
0.708934975685,0.089102605086,0.0151472083184,0.186815210911
0.29119923096,0.390807352542,0.0629336513344,0.255059765164
0.053680071615,0.666563101607,0.0613883850675,0.21836844171
0.0180566845931,0.289152216358,0.465745529577,0.227045569472
0.002742335904,0.806578110522,0.0221030944016,0.168576459173
0.197973117883,0.0618019844584,0.302861652003,0.437363245655
0.166375442648,0.386322934832,0.381189397038,0.0661122254818
0.233414440873,0.41730235775,0.163779877342,0.185503324035
0.179815909882,0.0172074430067,0.144258019682,0.658718627429
0.065461166914,0.159101309876,0.298267609646,0.477169913564
0.037527981888,0.548754325248,0.225191623441,0.188526069422
0.0774699964536,0.0486453126107,0.814875299084,0.0590093918519
0.527005672996,0.340056293346,0.0705584792333,0.0623795544247
0.33567018617,0.238900638301,0.271605792713,0.153823382817
0.540080401829,0.163582950654,0.0183206457746,0.278016001742
0.196808280168,0.0271209887533,0.756169978391,0.0199007526876
0.205539690373,0.537674467586,0.0477414613452,0.209044380696
0.0859489970868,0.370837532673,0.244952160672,0.298261309568
0.092959353887,0.0885502597763,0.201629980678,0.616860405658
0.0688422730253,0.0650063153718,0.860134302395,0.00601710920822
0.223327737613,0.135449123041,0.173986158137,0.46723698121
0.121246403537,0.184331537239,0.549280165494,0.14514189373
0.0496745582892,0.303538241829,0.0375245354149,0.609262664467
0.533340770595,0.0203635149554,0.0767948970213,0.369500817428
0.0103721768671,0.454006629926,0.467527006759,0.0680941864475
0.137607025043,0.0644402146715,0.734373418834,0.0635793414517
0.228549599638,0.0799631455798,0.646930044602,0.0445572101805
0.823557932319,0.0397025951194,0.0153715160957,0.121367956466
0.154223576205,0.322450165969,0.51932679126,0.00399946656638
0.788282527451,0.0206758323232,0.00927331804872,0.181768322177
0.000941903983511,0.990692913971,0.00191475479969,0.00645042724533
0.193821383224,0.0677486390289,0.456051037331,0.282378940416
0.741722481465,0.0705918833415,0.157545835932,0.0301397992613
0.0546473146964,0.943596695665,0.000738439525466,0.00101755011298
0.111972387119,0.477002521839,0.0581439789888,0.352881112053
0.0381979299876,0.725313936541,0.213190952571,0.0232971809005
0.148718170343,0.190877553499,0.172831878837,0.48757239732
0.364394680864,0.313996031299,0.00347624454065,0.318133043296
0.290504244766,0.250948384062,0.339870877021,0.118676494151
0.024727120011,0.026908484552,0.010306556863,0.938057838574
0.328974919864,0.0247685529689,0.116138200868,0.530118326299
0.209922040196,0.205973498347,0.484386862105,0.0997175993519
0.555837101011,0.376229302955,0.00838904937344,0.0595445466611
0.0101016561942,0.922686400317,0.0273757130385,0.0398362304501
0.652122716713,0.00520213200543,0.339305448845,0.00336970243617
0.0243944559398,0.0150753570077,0.0319304769509,0.928599710102
0.11303788484,0.0136871514446,0.0298217413595,0.843453222356
0.279876087211,0.391600107384,0.313402603817,0.0151212015882
0.247531564342,0.00578245935874,0.707809832178,0.0388761441216
0.830398239731,0.107971647817,6.87604990853e-05,0.0615613519527
0.107025816567,0.109479287225,0.199354688402,0.584140207806
0.0104645280827,0.000814418046246,0.988674060564,4.69933071592e-05
0.228409678383,0.0758806583867,0.187643751136,0.508065912095
0.499831879723,0.0958360299822,0.304862636466,0.0994694538283
0.0297443732072,0.161651448294,0.793329618357,0.0152745601416
0.378078750901,0.172013434271,0.285994918039,0.163912896789
0.00576267973741,0.208995650655,0.0397609449575,0.74548072465
0.282300525425,0.00751446069054,0.0599686246405,0.650216389244
0.712292481849,0.142328892896,0.0106698644381,0.134708760818
0.15922484879,0.0182825741669,0.63996158471,0.182530992333
0.09875971351,0.440884317425,0.133812021337,0.326543947728
0.868216819992,0.0571373900182,0.0591078213321,0.015537968658
0.00349735549267,0.680585804903,0.0297472026121,0.286169636992
0.0121401434678,0.0221703094296,0.949003403884,0.0166861432181
0.600220086651,0.0330373088326,0.0665226752584,0.300219929258
0.0398853459637,0.101414322652,0.147809389882,0.710890941503
0.0196055206884,0.0209653519853,0.509917953256,0.449511174071
0.00194222974946,7.97216612374e-05,0.995036892218,0.00294115637165
0.551836005051,0.290344519084,0.117177838894,0.0406416369718
0.514938935539,0.474688746465,0.0058325782638,0.00453973973274
0.109431079968,0.0483218708305,0.00485057058025,0.837396478622
0.0288289277785,0.364386286279,0.516928073947,0.0898567119956
0.00678603297726,0.937073378497,0.00284164886065,0.0532989396649
0.00805418177315,0.0293583365637,0.258689035313,0.70389844635
0.687995290574,0.047679578305,0.239789915772,0.0245352153488
0.00708113154962,0.0151450456861,0.935206170573,0.0425676521909
0.0818433676525,0.214942115123,0.613040589164,0.0901739280602
0.0587201465843,0.0127818488489,0.691151177173,0.237346827394
0.0616921846018,0.858103346869,0.0263472574373,0.0538572110914
0.263532000129,0.291572769269,0.0738543312818,0.37104089932
0.381941108125,0.204116551401,0.000625990473217,0.41331635
0.148664133735,0.108891022981,0.327233556079,0.415211287206
0.83569495863,0.00745919478656,0.0378529518852,0.118992894698
0.0707608360379,0.214599972366,0.506721465667,0.207917725929
0.781630744722,0.041129033871,0.0857547492017,0.0914854722048
0.132809771426,0.370947899014,0.114094886719,0.382147442841
0.0228572574834,0.133015424961,0.823538412015,0.0205889055407
0.407039019865,0.279076286291,0.0603519611236,0.25353273272
0.445145755451,0.049423109908,0.452786171606,0.0526449630356
0.143382493908,0.258952788925,0.381230400339,0.216434316828
0.63483218375,0.0446424899986,0.229919289759,0.090606036493
0.875228956598,0.0537252100536,0.06508411971,0.005961713638
0.945211130212,0.0250296835746,0.0105426377425,0.0192165484712
0.0177144195804,0.660037192075,0.317387141021,0.0048612473236
0.0646652301053,0.100689119318,0.595991596717,0.238654053859
0.123541062815,0.107167111896,0.146409887628,0.622881937661
0.885170311084,0.00566777163121,0.108497614984,0.000664302301485
0.0721535593384,0.682668203397,0.199487592435,0.0456906448293
0.905606301193,0.000183233830325,0.0940901682782,0.000120296698947
0.55763565031,0.0138375674699,0.0218467950927,0.406679987128
0.0544033839143,0.743789109722,0.173562073254,0.0282454331102
0.00415845729222,0.0179870059035,0.969559022964,0.00829551384017
0.779165435747,0.0810261882325,0.117042052735,0.0227663232854
0.649605830768,0.0703952131066,0.236644272968,0.0433546831581
0.00571968279184,0.136227917762,0.81877541519,0.0392769842563
0.779295084311,0.0460166044727,0.0021834242525,0.172504886964
0.084328752264,0.08124342297,0.0503031187949,0.784124705971
0.00520719279374,0.0105749860848,0.0684848569878,0.915732964134
0.0695485999389,0.845691091556,0.0226022836449,0.0621580248602
0.220316472763,0.433683563167,0.0172645292726,0.328735434798
0.206487503754,0.153584498448,0.0473999060945,0.592528091703
0.0867539718108,0.489139491182,0.0972233815317,0.326883155476
0.571979092887,0.234091046381,0.186914549629,0.00701531110279