0.283851285934,0.537286271753,0.130732398569,0.0481300437452
0.686218423795,0.0127213234032,0.173355257562,0.12770499524
0.182157441008,0.304023312308,0.216124642155,0.29769460453
0.626331541993,0.0764242617458,0.000201697501942,0.29704249876
0.109299679542,0.0462053159384,0.78041951321,0.064075491309
0.163425918373,0.638993335714,0.174432818646,0.0231479272673
0.316212286344,0.14426034253,0.38836684311,0.151160528017
0.103974925988,0.889770945455,0.000879597775867,0.00537453078066
0.74397385117,0.0879342040278,0.116475347442,0.0516165973603
0.728911731179,0.152659822755,0.0772675755292,0.0411608705375
0.416214277461,0.0219030169535,0.376831253616,0.18505145197
0.0480161961801,0.027801778383,0.0921768764097,0.832005149027
0.181244961995,0.801626855533,0.0158784422265,0.00124974024485
0.211983371981,0.165537068342,0.0643044435717,0.558175116106
0.329066996578,0.244267790259,0.325571012257,0.101094200907
0.547868091877,0.183392567979,0.1161876134,0.152551726743
0.0141019376628,0.0111613294609,0.00156574702696,0.973170985849
0.0323774796561,0.182805741105,0.157197948655,0.627618830585
0.660407662273,0.234681168659,0.0876367789636,0.0172743901039
0.196900360849,0.0197442788412,0.45979266609,0.323562694221
0.50380729532,0.428711726391,0.0148962775263,0.0525847007626
0.184398358141,0.00389001217115,0.0144892596193,0.797222370068
0.0886916253686,0.212010330865,0.591449279988,0.107848763779
0.730812054476,0.036649013092,0.0925850664748,0.139953865958
0.192649216919,0.154424877943,0.000407782426089,0.652518122712
0.430882899849,0.04445132082,0.0284557997655,0.496209979566
0.250725768676,0.411561712163,0.284598818848,0.0531137003132
0.048451093756,0.114238658046,0.566777044867,0.270533203332
0.356212289841,0.512945776316,0.12151645933,0.00932547451288
0.687853187654,0.0536456493779,0.219449499028,0.0390516639403
0.0828810770917,0.596129340524,0.308540455607,0.0124491267771
0.00484925434227,0.644951766768,0.194872693855,0.155326285034
0.623099501634,0.0961334501083,0.00197768302286,0.278789365235
0.0132312262717,0.973356929895,0.000892867378992,0.0125189764541
0.401448810205,0.0920776693134,0.324153959603,0.182319560879
0.0321214966259,0.0225100165452,0.0264826245957,0.918885862233
0.0827635039705,0.0645555570803,0.463237664646,0.389443274303
0.414680145543,0.0074411049668,0.0144041506719,0.563474598818
0.000511193731477,0.964186447023,0.0277890842387,0.00751327500654
0.235759767442,0.194092734154,0.270405459746,0.299742038658
0.176558011931,0.525352099341,0.214891367588,0.0831985211393
0.407943636317,0.0347677565284,0.504647962894,0.0526406442613
0.12425973472,0.060673697436,0.309529248933,0.505537318911
0.136601267258,0.585646721274,0.0343405074266,0.243411504042
0.448442864378,0.0804166180468,0.176469909002,0.294670608574
0.0721876178282,0.190384629679,0.656366991181,0.0810607613122
0.108272633368,0.263564733867,0.202820476819,0.425342155947
0.379745624161,0.583866389669,0.0107574689789,0.0256305171915
0.346541597158,0.0471787058671,0.432226259689,0.174053437286
0.425477592825,0.229382285941,0.00433812232525,0.340801998909
0.161447392666,0.00967607541405,0.0157362129252,0.813140318994
0.00667921711873,0.350490305688,0.469666152906,0.173164324288
0.0143500407537,0.185557167382,0.23075442595,0.569338365914
0.40654352675,0.0897602804386,0.0561949531936,0.447501239618
0.0347321468857,0.187939307005,0.502970030481,0.274358515628
0.00391400266135,0.0571187112718,0.582526746274,0.356440539793
0.00375363634025,0.367742602765,0.0145269280648,0.61397683283
0.0288189283479,0.12902075676,0.170080285056,0.672080029836
0.366269218911,0.518097878491,0.0753748507701,0.0402580518281
0.0508330074496,0.0287250541135,0.00552419507308,0.914917743364
0.110276940013,0.0716418320249,0.325678519019,0.492402708943
0.0717577358521,0.120612052607,0.107499289082,0.700130922458
0.117537891208,0.611217682871,0.26140348837,0.00984093755152
0.0502027536905,0.21160900804,0.569355057466,0.168833180803
0.574447949088,0.318789925331,0.0364981356745,0.0702639899065
0.0840638239806,0.285475176457,0.352842858809,0.277618140753
0.000206010412001,0.00423972224692,0.995086800543,0.000467466797661
0.0688739730175,0.0964592833459,0.152594107735,0.682072635902
0.0443810615156,0.685969763768,0.224000822282,0.0456483524345
0.737342073242,0.0412634116815,0.0753110559644,0.146083459112
0.533673326295,0.0214963543172,0.422235877695,0.0225944416926
0.170261253284,0.659013471054,0.116478621294,0.0542466543671
0.00638963216469,0.564198290108,0.0712054894492,0.358206588278
0.284742782563,0.449927301733,0.237478511969,0.0278514037348
0.00610216345794,0.00504845559955,0.748430157979,0.240419222963
0.404363597866,0.209506317125,0.180851147634,0.205278937375
0.393617856251,0.44002136188,0.0365821484791,0.129778633389
0.363200007588,0.118141577714,0.242232830441,0.276425584257
0.242226438131,0.700825092444,0.0246574356695,0.0322910337559
0.00228469246919,0.00389717873513,0.0192753657585,0.974542763037
0.100063990886,0.0233365645757,0.00844224111276,0.868157203426
0.0148805246658,0.0111046128954,0.0249244377947,0.949090424644
0.346408234372,0.313701176475,0.0156899037697,0.324200685382
0.654833790751,0.0241579358736,0.161380278406,0.15962799497
0.767829647249,0.00404820674493,0.00132280008573,0.22679934592
0.0427477152411,0.0614485698501,0.396930885247,0.498872829662
0.0299461862776,0.0349027471077,0.693598592472,0.241552474143
0.0375326371665,0.234399216246,0.608559310959,0.119508835628
0.439473992399,0.0812224395979,0.362757243904,0.116546324099
0.393825342972,0.284851403043,0.0864716556388,0.234851598346
0.525971397131,0.00179687791502,0.296940998474,0.175290726481
0.579724110753,0.379176069192,0.0192115625497,0.021888257505
0.303580937423,0.340686482447,0.0632745745923,0.292458005537
0.509383435311,0.15905092776,0.00642186131949,0.32514377561
0.0200147559748,0.965860503507,0.00541574331786,0.00870899720049
0.00468755557367,0.429648204083,0.505961147092,0.0597030932512
0.265444231647,0.695622079296,0.0321871863073,0.00674650274918
0.451392596206,0.196734984169,0.15049788808,0.201374531545
8.14676614304e-05,0.284175368727,0.482458116171,0.233285047441
0.131789780127,0.652378514073,0.0558412224727,0.159990483327
0.754214320598,0.147757475319,0.00662011180566,0.0914080922777
0.167740177636,0.112402939794,0.532124582196,0.187732300374
0.373315734657,0.172245649218,0.122496078608,0.331942537518
0.0356665884499,0.928538688886,0.0352050439461,0.000589678718427
0.0463371072429,0.00246687193495,0.950080907325,0.00111511349685
0.0861961891696,0.0275142708953,0.873485050652,0.0128044892827
0.626483321137,0.136135566548,0.189106589583,0.0482745227319
0.0914363569669,0.455788653846,0.0560432642795,0.396731724908
0.259673208363,0.652418839852,0.069191620791,0.0187163309936
0.00484937343167,0.212005950226,0.170525990436,0.612618685907
0.165145165992,0.817521527908,0.0169585091005,0.000374796999913
0.0103389677933,0.0264833192508,0.842822279176,0.12035543378
0.203329814068,0.00801216349863,0.0209797222833,0.76767830015
0.824500934827,0.119098470314,0.00873623895773,0.047664355901
0.162004228564,0.383830425169,0.133188800378,0.320976545889
0.397389540953,0.00129780553133,0.371821430188,0.229491223328
0.0053130282962,0.920695611939,0.0299224936842,0.0440688660808
0.325848599369,0.183989630193,0.0490303543111,0.441131416127
0.0140276416735,0.0111130876715,0.897803872503,0.0770553981524
0.0281721642657,0.491759817826,0.0280866390941,0.451981378814
0.226349447066,0.0168662599626,0.461596630851,0.29518766212
0.14532183787,0.607416689737,0.0581115884925,0.1891498839
0.0969164059526,0.376159074665,0.249787587341,0.277136932042
0.0324602524008,0.0236883803585,0.380126484083,0.563724883158
0.0286594732053,0.121976832713,0.259671469431,0.58969222465
0.0256549385045,0.00710133436914,0.478087594147,0.48915613298
0.0183414382372,0.0541265188474,0.0626803307334,0.864851712182
0.500598487555,0.0515517903504,0.200746418462,0.247103303633
0.30661471064,0.0110650995375,0.00750238946021,0.674817800363
0.00680781268241,0.0586347525241,0.0223328318243,0.912224602969
0.143042246136,0.0222898086072,0.744216224035,0.0904517212223
0.0778284226628,0.109189067533,0.791525372535,0.0214571372689
0.156171468602,0.490428595931,0.110830124022,0.242569811444
0.0835458639825,0.63123923843,0.143056693034,0.142158204554
0.410050472064,0.0396156107907,0.0873241868115,0.463009730333
0.505033992016,0.0235685442295,0.255632939381,0.215764524374
0.77269439678,0.03833775713,0.10497797389,0.0839898721997
0.737480550658,0.145248148743,0.096561014667,0.020710285932
0.0769928614999,0.691705955251,0.176469302084,0.0548318811652
0.203659552685,0.704347041501,0.0883237374348,0.00366966837863
0.389304223639,0.423031821566,0.123293557095,0.0643703977003
0.0689776744652,0.690481093228,0.167644226293,0.0728970060129
0.581820479479,0.166723875508,0.0878412813406,0.163614363673
0.0916128244483,0.766800559744,0.0182785431134,0.123308072695
0.0578630308972,0.0993285352353,0.675147726963,0.167660706905
0.451451382472,0.272635717605,0.175200054055,0.100712845869
0.010260011194,0.0889631868119,0.0170403961927,0.883736405801
0.165581158518,0.211920791969,0.458056749558,0.164441299955
0.124292847094,0.0970883961733,0.0610544387144,0.717564318019
0.0415605203891,0.488812741177,0.395690185128,0.073936553306
0.176822511592,0.349677403045,0.318738595554,0.15476148981
0.0605735514563,0.155189101872,0.60171821351,0.182519133162
4.28739832546e-05,0.997589130765,0.00223212836354,0.000135866888031
0.459265542356,0.0723585234509,0.234714414817,0.233661519376
0.0994012240938,0.726181642046,0.0128800769434,0.161537056917
0.508080726065,0.0317505134573,0.456678844285,0.00348991619279
0.126721974205,0.0602114948462,0.755576772234,0.0574897587145
0.160767056105,0.56349647082,0.246960797636,0.028775675439
0.129712061309,0.589346226506,0.181488811373,0.0994529008124
0.233991389529,0.00672145125142,0.000187209099244,0.759099950121
0.0795307955989,0.654093375568,0.106518478852,0.159857349982
0.000315154203914,0.100343930789,0.856274988281,0.0430659267259
0.152155627185,0.125431913681,0.0570238503147,0.665388608819
0.682814767342,0.0145582973841,0.0414856341933,0.26114130108
0.32666570373,0.237765799688,0.270226610758,0.165341885824
0.0793397420532,0.382480546546,0.392937506324,0.145242205077
0.18899964484,0.00367805805828,0.785967222218,0.0213550748838
0.0800570319432,0.51933188472,0.383088872741,0.0175222105958
0.244234545529,0.00279696919741,0.163542039598,0.589426445675
0.301681301198,0.00793406060246,0.112898906124,0.577485732076
0.00354200037406,0.0874677944124,0.888790794089,0.0201994111242
0.089891037455,0.0176492439978,0.0116398080124,0.880819910535
0.233769010774,0.00683551247277,0.00354069416478,0.755854782588
0.00853523919588,0.80409592177,0.0289364833694,0.158432355664
0.875341553687,0.00434273830662,0.117723325467,0.00259238253903
0.987670481794,0.0111835930102,0.000355012851425,0.000790912344779
0.224227644424,0.085623143902,0.149566445843,0.540582765831
0.0838077474634,0.192933851348,0.645678995863,0.0775794053249
0.00059963630007,0.0708402267435,1.25106028733e-05,0.928547626354
0.00141078591596,0.0142050651772,0.903766867218,0.0806172816884
0.695619692746,0.13210927087,0.0304025786275,0.141868457757
0.0155263769084,0.00531079594973,0.111268421317,0.867894405825
0.0611105305001,0.757821781821,0.178699546749,0.00236814092999
0.688869244115,0.0758348544628,0.107648350854,0.127647550568
0.323329448964,0.263800104237,0.212153253397,0.200717193402
0.0110733493336,0.190886540851,0.00572519655584,0.792314913259
0.0136388581449,0.930300089382,0.0339138640147,0.0221471884584
0.039885870147,0.318364445271,0.608845677321,0.0329040072601
0.295620302043,0.412426608398,0.256636049124,0.0353170404353
0.43282739418,0.212504730251,0.265552040708,0.0891158348606
0.392183377939,0.135353941664,0.165779451562,0.306683228835
0.612945248805,0.362688806179,0.0227320900678,0.00163385494813
0.108039746739,0.83402313008,0.0328708233962,0.0250662997848
0.00119543279951,0.958746777611,0.015401345471,0.0246564441186
0.144232147737,0.446372132835,0.119587664082,0.289808055347
0.423172285209,0.0942627265886,0.354605087291,0.127959900911
0.169211042593,0.382450167507,0.304702011774,0.143636778126
0.0192519759943,0.0354422984865,0.145978145431,0.799327580088
0.0225236671069,0.0566253446876,0.349845288794,0.571005699411
0.147125392646,0.832015703527,0.00202016827107,0.0188387355554