0.104672124631,0.049381036369,0.84422969253,0.00171714647034
0.206634992607,0.47774359486,0.03780036521,0.277821047323
0.0497533640309,0.0225072285652,0.505296537102,0.422442870302
0.78200682608,0.000125386710318,0.113092201815,0.104775585394
0.799037909418,0.0215425058254,0.0384489176601,0.140970667096
0.263295921037,0.443876659635,0.248048177711,0.0447792416172
0.0177799567515,0.210200048188,0.103577823111,0.668442171949
0.14874797205,0.0964606603563,0.719024612575,0.035766755019
0.292389703232,0.0142688208106,0.136176240047,0.55716523591
0.00394631794742,0.92025556635,0.00149598237577,0.0743021333269
0.0886388917413,0.412079991251,0.00654865581226,0.492732461196
0.258156784797,0.472364131827,0.204799377513,0.0646797058636
0.00675016983177,0.0323484274184,0.0142649267274,0.946636476022
0.717610060176,0.279567699576,0.00114110254589,0.00168113770227
0.0436460537757,0.583841342696,0.0179347026654,0.354577900862
0.938028707256,0.00128155319837,0.000811502491064,0.0598782370546
0.0210435201091,0.00160881808801,0.021216369009,0.956131292794
0.0757570233941,0.474001088072,0.161244566156,0.288997322378
0.0630343073346,0.17732054491,0.163960839351,0.595684308405
0.00817823087481,0.00454033510412,0.93549362575,0.0517878082707
0.349075321909,0.0209987825208,0.34521998999,0.28470590558
0.000476845578518,0.0634596469072,0.037925085885,0.898138421629
0.581580562594,0.141262238272,0.208082743418,0.0690744557155
0.00564905807816,0.926373141548,0.0196999540541,0.0482778463198
0.0117313289359,0.0415620295919,0.0071177554104,0.939588886062
0.0299928207655,0.221217572764,0.0169343055273,0.731855300943
0.244725232933,0.223696352274,0.241427084509,0.290151330284
0.017160911122,0.227403609627,0.596808884118,0.158626595133
0.136473611432,0.205862606023,0.565259430532,0.092404352013
0.158039066809,0.560425993977,0.209411874539,0.0721230646743
0.141773464758,0.682205673495,0.138897836478,0.0371230252691
0.196218395985,0.106360657831,0.17316647922,0.524254466964
0.621556547174,0.155162172207,0.0381925439177,0.185088736701
0.726298938584,0.0399704933676,0.16115478129,0.0725757867591
0.676398796638,0.205196604597,0.0697649931069,0.0486396056589
0.344119278992,0.279748970383,0.185423431123,0.190708319502
0.012353029679,0.0410399412505,0.792745825231,0.153861203839
0.00393621399642,0.834615508823,0.155106703892,0.0063415732888
0.144161949724,0.0446275355316,0.604783317092,0.206427197652
0.0780267745252,0.710632862867,0.0635803756493,0.147759986959
0.0166587640448,0.914646582458,0.0147905099123,0.0539041435848
0.188923191557,0.0109586815561,0.568399804338,0.231718322549
0.135741594923,0.288177769593,0.526033012127,0.0500476233572
0.104034698198,0.370395072034,0.0218833566156,0.503686873152
0.143268862031,0.191802847281,0.578566395935,0.0863618947528
0.174067772291,4.37687610762e-05,0.823645585208,0.00224287374027
0.217390882512,0.26142510919,0.439481536234,0.0817024720636
0.00207227339205,0.0319039055564,0.943889714231,0.0221341068206
0.406154138134,0.0553840986083,0.0329517925509,0.505509970707
0.233731354144,0.365072959174,0.323477298126,0.077718388556
0.281118433124,0.0166790475159,0.532810064068,0.169392455292
0.397249290128,0.363631043911,0.17136975662,0.0677499093408
0.32117798407,0.440260018177,0.076870554213,0.16169144354
0.5713283224,0.113648037334,0.295739023444,0.0192846168218
0.0250624334529,0.190300925407,0.0266154888846,0.758021152255
0.0949174366031,0.149630586253,0.72245015193,0.0330018252145
0.0318514999554,0.0208141573342,0.128618901452,0.818715441259
0.0585776431604,0.492600173605,0.0788798193137,0.369942363921
0.164020871283,0.572286865224,0.126277208451,0.137415055042
0.979838869773,0.00541735876107,0.010208891655,0.00453487981079
0.949166138568,0.00672244403041,0.0316468511254,0.0124645662758
0.480297794435,0.0328672969264,0.126334749644,0.360500158994
0.085671172691,0.876525709249,0.00218982484467,0.0356132932155
0.954164659618,0.0122477531801,0.0119348903008,0.0216526969009
0.18492372166,0.184082052509,0.115559384804,0.515434841027
0.13419648461,0.0306998055905,0.429896659484,0.405207050316
0.164086863171,0.627278631966,0.0865015669013,0.122132937962
0.209804284327,0.363315817981,0.0347991587928,0.392080738899
0.404183536162,0.108138758867,0.478095292148,0.00958241282293
0.434087117388,0.378006023131,0.171288533294,0.016618326187
0.0656750886782,0.435098193306,0.0600442436966,0.439182474319
0.0592917568069,0.881082834308,0.0200860201291,0.0395393887563
0.00721347832171,0.00393918264232,0.888838570226,0.10000876881
0.781006732999,0.140145897274,0.0563878968266,0.0224594729003
0.237679394415,0.00303552432835,0.756724535535,0.00256054572105
0.0584600119908,0.524488273194,0.18229264635,0.234759068465
0.0917752886444,0.165437539006,0.226969624063,0.515817548287
0.582691531749,0.305441394941,0.077538397362,0.0343286759488
0.125905247062,0.0805470346937,0.0198106058801,0.773737112364
0.105693319154,0.0139899669343,0.234112073982,0.64620463993
0.270827717725,0.162623647352,0.146592888561,0.419955746361
0.0603347182391,0.0351812018514,0.192792461543,0.711691618366
0.343039759232,0.105724867484,0.306632027862,0.244603345422
0.0972335837119,0.0183990664002,0.645059333951,0.239308015937
0.520001654456,0.00528214927015,0.468800125768,0.00591607050599
0.184060754235,0.637915470012,0.0971830876624,0.0808406880903
0.0506541776735,0.102476952024,0.602770221168,0.244098649135
0.142194448055,0.209555285301,0.639161243528,0.00908902311602
0.475400860289,0.376485705411,0.0201169351905,0.127996499109
0.321329670311,0.490758798888,0.0877817654485,0.100129765352
0.0106368328861,0.00234773854029,0.0339016336427,0.953113794931
0.261079776959,0.500979717893,0.166316301313,0.0716242038362
0.924259927266,0.0547595683257,0.0111960182921,0.00978448611636
0.130351541701,0.151413255893,0.0802316848899,0.638003517516
0.326334179091,0.0113011480006,0.0201387722533,0.642225900655
0.587024706734,0.0181226248178,0.139403253608,0.255449414841
0.175250105843,0.660767266612,0.140202203542,0.0237804240033
0.133947523757,0.0949632215753,0.116325922026,0.654763332642
0.0024259912051,0.844877193149,0.00633269864793,0.146364116998
0.115703041445,0.106452868907,0.00228541156966,0.775558678079
0.334652014014,0.300484433625,0.197245207214,0.167618345146
0.49940005321,0.170234308522,0.19185327282,0.138512365448
0.682006325951,0.171468565035,0.0588598950816,0.0876652139324
0.30465338502,0.317144821199,0.240423595621,0.13777819816
0.455772010651,0.0182332934677,0.284013800673,0.241980895209
0.0191897195224,0.196611820829,0.454209035405,0.329989424243
0.236258411046,0.46193294931,0.278950698582,0.0228579410614
0.012878376769,0.00757007394535,0.9710194107,0.00853213858531
0.145290145001,0.0294294051702,0.311655263598,0.513625186231
0.263020561751,0.0358250948305,0.00900045303595,0.692153890383
0.275264970319,0.045485095741,0.373118625216,0.306131308725
0.0517905177322,0.0329585278556,0.759623818824,0.155627135588
0.106277898511,0.794898672676,0.082721153169,0.0161022756444
0.0934098957194,0.447194003064,0.421927324138,0.0374687770778
0.00329687864902,0.487024609205,0.00969437150166,0.499984140644
0.0392353639874,0.312023992039,0.0186252834187,0.630115360555
0.187535479987,0.152119619832,0.375574455503,0.284770444678
0.622177820945,0.0849845453208,0.182033146629,0.110804487106
0.562066156789,0.156525796384,0.157586348934,0.123821697892
0.0156473780721,0.960818404654,0.00358633237716,0.0199478848971
0.0387205830701,0.0827301263681,0.868274266575,0.010275023987
0.274070989781,0.07434261987,0.00404791711858,0.64753847323
0.0435578375702,0.509761011002,0.345096694206,0.101584457222
0.157861851621,0.66836848701,0.0581082042182,0.115661457151
0.154018617993,0.538000259021,0.0412050128797,0.266776110106
0.0617286837989,0.167105455306,0.770367278684,0.000798582211848
0.0561383558878,0.619627716007,0.319761769146,0.00447215895974
0.0500332692212,0.154050956037,0.136552982242,0.6593627925
0.089280039727,0.283621902455,0.192903820165,0.434194237653
0.647737534133,0.152039445064,0.0109046540197,0.189318366784
0.000129121236151,0.846442316272,0.111610525827,0.0418180366654
0.094256341331,0.0364714795323,0.534274680709,0.334997498428
0.427676750542,0.0215027859369,0.178204928081,0.37261553544
0.461805866727,0.00521610137629,0.425360351649,0.107617680248
0.168319633642,0.675487662809,0.101645783394,0.0545469201549
0.0125831149251,0.951799281178,0.00152026675675,0.0340973371404
0.607184640997,0.0351719231422,0.107292936416,0.250350499446
0.206296437375,0.0160742764774,0.737928965491,0.0397003206563
0.0225221385908,0.195166809264,0.727799989222,0.0545110629226
0.081111310306,0.234803999991,0.238122654508,0.445962035194
0.0770995196432,0.153277174371,0.412102310102,0.357520995884
0.236256327764,0.126586696594,0.367004863091,0.270152112551
0.151472361299,0.728071864087,0.115495033153,0.00496074146136
0.257103158602,0.0808758121668,0.342373196526,0.319647832705
0.0028334021092,0.950409838517,0.0189239666677,0.0278327927057
0.000293901681772,0.559585196507,0.422206774094,0.0179141277169
0.714919374128,0.00650259675495,0.0212353005842,0.257342728533
0.0952038223543,0.0257976796314,0.658481330496,0.220517167518
0.0292075507392,0.139036210768,0.573424106921,0.258332131573
0.0654668192485,0.6190975218,0.0961251758049,0.219310483147
0.0645459462763,0.0860520898653,0.0730332333465,0.776368730512
0.088405293428,0.305193629758,0.52159614688,0.0848049299334
0.128503294953,0.686443896892,0.0961487422484,0.088904065907
0.0552424816914,0.0370149061684,0.0307706605329,0.876971951607
0.11370579542,0.0668633478525,0.00130747939408,0.818123377334
0.606690059363,0.112435923821,0.117887758836,0.16298625798
0.0521434755314,0.653700630948,0.10112320282,0.193032690701
0.592607272897,0.189191651522,0.063631500238,0.154569575343
0.0104491580599,0.367235212419,0.183804273293,0.438511356228
0.139922389738,0.0693772884035,0.141895594261,0.648804727597
0.462431356503,0.191442839585,0.0843349310987,0.261790872813
0.0483310898724,0.0271986362986,0.0142804058055,0.910189868024
0.143635966452,0.124879377558,0.560650776074,0.170833879916
0.0222003597816,0.0796621841234,0.895168330404,0.00296912569067
0.832918533794,0.0354144712351,0.0488393644495,0.0828276305212
0.0560204165031,0.179181602684,0.538928629702,0.225869351111
0.399101135193,0.0148659027764,0.538637197587,0.047395764444
0.0519250901508,0.411802422259,0.223820354904,0.312452132686
0.00356471153793,0.972042404504,0.00799628080257,0.0163966031558
0.120940369325,0.241231102509,0.413876981261,0.223951546905
0.204033916418,0.696813911167,0.0762218549816,0.0229303174328
0.0487350287451,0.790872877869,0.150356069919,0.0100360234676
0.00160973418675,0.00050073220299,0.0406867459711,0.957202787639
0.112538060001,0.305839781548,0.225803429925,0.355818728526
0.228405868351,0.416632197432,0.33335150487,0.0216104293478
0.4280580273,0.0135177559366,0.118344548308,0.440079668455
0.0263861713155,0.878301369102,0.0481331859442,0.0471792736381
0.0287351664856,0.0269652615927,0.0493845186875,0.894915053234
0.0119837750133,0.0499009890916,0.0372886970977,0.900826538797
0.645812616218,0.072278824579,0.264729206531,0.0171793526719
0.149223267982,0.04943704825,0.159718208057,0.641621475711
0.104530959188,0.0561931076394,0.0807342430492,0.758541690124
0.384400374224,0.196244641623,0.300740661058,0.118614323094
0.421801232538,0.193289909717,0.294751188933,0.0901576688112
0.116733640355,0.121512270812,0.279841169955,0.481912918877
0.0538651908679,0.899018421077,0.010509355945,0.0366070321098
0.0772382764476,0.485690513572,0.0919459367312,0.345125273249
0.0649827064072,0.279554993213,0.260591371113,0.394870929267
0.0808897683656,0.357103646234,0.324554833721,0.237451751679
0.519801208437,0.0149931527644,0.000807629233481,0.464398009565
0.385628568708,0.323359975194,0.193970252259,0.0970412038393
0.0101782470707,0.138769654442,0.0353882889871,0.8156638095
0.0304338676735,0.247071567433,0.0628533854766,0.659641179417
0.0835380752641,0.0647602082924,0.464690196609,0.387011519834
0.0274368289549,0.00192174879956,0.959406615048,0.011234807198
0.0119584709799,0.000140998813125,0.456549732708,0.531350797499
0.703964513742,0.0282513312234,0.228117177117,0.0396669779176
0.475516195806,0.226463863045,0.0992916668991,0.19872827425
0.11990994278,0.401254024321,0.109659856312,0.369176176587
0.989041692643,0.00434685878613,5.83723302451e-05,0.00655307624095