0.182606792609,0.510860820121,0.173154561819,0.13337782545
0.516553803429,0.257328424423,0.13363078869,0.0924869834583
0.00287797504462,0.0723672731986,0.799565102332,0.125189649425
0.62721241179,0.198988957133,0.158305105049,0.0154935260289
0.0341530108779,0.906737109383,0.0104855721103,0.0486243076292
0.73764992613,0.0230790583003,0.213383503673,0.0258875118962
0.250573412751,0.271298469184,0.382872770975,0.0952553470897
0.0130255960394,0.198568032534,0.255171228626,0.533235142801
0.516889956765,0.285866749591,0.0629965070083,0.134246786636
0.0214016867676,0.0590361321488,0.76581920177,0.153742979313
0.0149639286219,0.644792433072,0.101450131159,0.238793507146
0.152632619109,0.11191872025,0.372350065831,0.36309859481
0.104921412018,0.832638016566,0.00668979795315,0.0557507734635
0.015547163788,0.372527249402,0.00106122059672,0.610864366213
0.12228401765,0.152984919857,0.637471100661,0.0872599618323
0.0912954161139,0.0195400509582,0.0196323446649,0.869532188263
0.81189010914,0.00489281410784,0.139585158111,0.0436319186412
0.31964023237,0.578675879925,0.0632450852342,0.0384388024705
0.0149368828676,0.00158767237719,0.969032890831,0.0144425539247
0.681940394026,0.229242419954,0.00273010909978,0.0860870769208
0.157095042181,0.165429115608,0.212593726,0.46488211621
0.384476428539,0.448406853982,0.0961713373251,0.0709453801537
0.377901724329,0.0982816825752,0.316771511833,0.207045081262
0.953383191397,0.0154947061842,0.0210348673499,0.0100872350688
0.770390173523,0.095090661892,0.114261665636,0.0202574989496
0.103279429324,0.346200598926,0.0161354639173,0.534384507833
0.123368338511,0.331462201711,0.190937164659,0.354232295119
0.0161024797294,0.011007012112,0.604630556496,0.368259951663
0.300269287148,0.0218762574768,0.39697085921,0.280883596166
0.0741649785348,0.63054559012,0.071990798061,0.223298633284
0.0405463330432,0.210829977987,0.534241698632,0.214381990338
0.475964876502,0.235140481172,0.103206757182,0.185687885144
0.0461382696817,0.22839833948,0.201711292428,0.52375209841
0.025915976029,0.0658834946077,0.483914710163,0.4242858192
0.174237645128,0.150675626606,0.479560036635,0.195526691631
0.676772104706,0.0586690414523,0.137466624932,0.12709222891
0.150029699389,0.176893515663,0.603641551268,0.0694352336797
0.197531930579,0.737841731904,0.0426983812091,0.0219279563079
0.0381861505225,0.0474867098401,0.852109586992,0.0622175526452
0.999457797036,0.000282359355129,0.000123609860902,0.000136233747594
0.65769776308,0.195090192761,0.101027976185,0.0461840679732
0.0492585572866,0.0140229728932,0.0362539764932,0.900464493327
0.0670002297602,0.919315711244,0.0136109443743,7.3114621779e-05
0.781851738734,0.213944279171,0.00391457572076,0.000289406373289
0.0318530370629,0.00586735415168,0.805319185005,0.15696042378
0.421754338574,0.467847434408,0.0426245985819,0.0677736284364
0.00294983377564,0.00119385674701,0.582876660288,0.412979649189
0.585554910376,0.0261435366304,0.139106071599,0.249195481394
0.127721621145,0.116580813944,0.292861840786,0.462835724125
0.209961686785,0.0070208590726,0.011431476451,0.771585977691
0.0851011437885,0.0125488891791,0.887311628382,0.0150383386503
0.481529188375,0.0031765223595,0.43413347212,0.0811608171452
0.790826718408,0.0484958151377,0.0156772045542,0.1450002619
0.0145650922064,0.0729524084026,0.767869446982,0.144613052409
0.0451509517544,0.211425835153,0.663816433932,0.07960677916
0.151543469238,0.518287705767,0.316832993962,0.0133358310334
0.662718405795,0.00308528853168,0.16333028857,0.170866017103
0.0843280129217,0.0111770947924,0.0718551395536,0.832639752732
0.486701017553,0.0606530976567,0.0810539204372,0.371591964353
0.00548653971608,0.00469326693048,0.979526611138,0.0102935822158
0.138679427839,0.0725116133555,0.249414810038,0.539394148768
0.12260040849,0.68016553328,0.149576011795,0.0476580464351
0.0908789557331,0.255175550856,0.645922916132,0.00802257727856
0.0403250115659,0.153970779423,0.487543883454,0.318160325557
0.115402921647,0.067062521323,0.815983642693,0.0015509143372
0.0148595265109,0.00721355992605,0.0164586973568,0.961468216206
0.992617204235,3.33864686841e-05,0.00732312838372,2.62809129816e-05
0.0911768802283,0.00300516325941,0.442959833535,0.462858122977
0.605937689456,0.137346087167,0.147407812389,0.109308410988
0.0358439600925,0.738168017295,0.00321946688985,0.222768555723
0.00257582604642,0.818117595836,0.17342209306,0.00588448505785
0.016022183384,0.410743973515,0.530185405071,0.0430484380299
0.167722148952,0.00148281991536,0.827974947733,0.00282008340048
0.00546900232751,0.000618331479824,0.989275422898,0.00463724329426
0.15013406747,0.37715827561,0.409216782468,0.0634908744518
0.299586908331,0.689893061873,0.00403785020037,0.00648217959495
0.0129751755808,0.0962192809682,0.816295522889,0.0745100205619
0.00816129684584,0.11177211321,0.491292003235,0.38877458671
0.027266309002,0.0421097822254,0.0260206301017,0.904603278671
0.0757795332973,0.301990139219,0.154768878582,0.467461448902
0.408790814106,0.258178364946,0.126831228396,0.206199592551
0.114354815205,0.0638971555191,0.491173000925,0.330575028352
0.0298698207559,0.663712913867,0.236664875623,0.0697523897542
0.417339082856,0.0248444787568,0.480448291804,0.0773681465833
0.483815933805,0.161710274604,0.0522193932435,0.302254398348
0.441139400147,0.135015960065,0.175486685436,0.248357954352
0.481489199553,0.195302383253,0.230689963469,0.0925184537259
0.0184123730931,0.206222135386,0.0634924111297,0.711873080391
0.371637625104,0.0843960714994,0.171358484367,0.372607819029
0.0523349306236,0.0777168878877,0.743159755837,0.126788425652
0.639746594396,0.356976894839,0.000941338762071,0.00233517200282
0.0169655969297,0.0996109748177,0.484817191611,0.398606236641
0.055496906682,0.0793227004553,0.833793708013,0.0313866848498
0.0159778975287,0.674659727944,0.27765265021,0.0317097243167
0.110496256957,0.235741049233,0.427138309656,0.226624384155
0.234294262826,0.029813645225,0.720093124021,0.015798967928
0.605857794084,0.109128457825,0.244811468759,0.0402022793312
0.0962765165081,0.600632895345,0.0442910983722,0.258799489775
0.00549463127539,0.0035829639834,0.012202895023,0.978719509718
0.0776138321721,0.00346513817729,0.884300887714,0.0346201419368
0.333306701374,0.354813396564,0.0874472421225,0.22443265994
0.0598449829997,0.0200836855555,0.91600407507,0.00406725637446
0.317356171758,0.0837772156492,0.51873937249,0.0801272401025
0.126820448376,0.256652417331,0.0054551368012,0.611071997492
0.773413924437,0.0126132557367,0.0489752443148,0.164997575511
0.0746670436706,0.435230646269,0.400146476312,0.0899558337486
0.288171611918,0.154428243038,0.329875412048,0.227524732996
0.116189537222,0.678753687541,0.105380643884,0.0996761313529
0.471274816112,0.295607220735,0.0688256951462,0.164292268007
0.583288720675,0.162524110022,0.216536075467,0.0376510938359
0.0276491764241,0.0455967258282,0.906558300552,0.0201957971955
0.183932744195,0.0017689655057,0.0203368579416,0.793961432357
0.161856341795,0.026075970872,0.0511696507392,0.760898036594
0.109885584696,0.115576776288,0.0490505766243,0.725487062391
0.0630787814508,0.236232115484,0.459034755065,0.241654348
0.755871642253,0.0533289566699,0.0754746923489,0.115324708728
0.453100099257,0.474406776053,0.0630180940065,0.00947503068408
0.789925849008,0.14943318496,0.0236678015072,0.0369731645249
0.731832759747,0.0100072119945,0.0579647215247,0.200195306734
0.0345996888914,0.601401794126,0.0461396846421,0.317858832341
0.156126057474,0.0196984900431,0.660766678675,0.163408773808
0.3057302612,0.232011181364,0.40689794126,0.0553606161763
0.559213559189,0.329640443894,0.0327222030417,0.0784237938751
0.24580062837,0.278231023095,0.248913270339,0.227055078196
0.76350107333,0.175929952124,0.0157234572414,0.0448455173038
0.30506514179,0.0531691043783,0.111002213557,0.530763540275
0.780428379023,0.0914879292964,0.0789321508351,0.0491515408452
0.173088783046,0.374036187544,0.223498823103,0.229376206307
0.0131540050809,0.0860263341722,0.0444161426628,0.856403518084
0.0300151090889,0.0771237000118,0.419220644668,0.473640546231
0.222120270161,0.252444484415,0.108115823257,0.417319422167
0.101976735905,0.127043022643,0.447739798633,0.323240442819
0.214237789555,0.307949147466,0.197971971484,0.279841091495
0.076591781473,0.0357033108326,0.0179726157233,0.869732291971
0.00664437541556,0.108549424484,0.853690280383,0.0311159197171
0.0299243996726,0.290376170403,0.106460369872,0.573239060053
0.0366808794846,0.459876545583,0.282640619557,0.220801955375
0.129452717379,0.121452636505,0.00106776837474,0.748026877741
0.0210941167506,0.0111900440077,0.964201175595,0.0035146636463
0.137218140466,0.805721806462,0.0402859385132,0.0167741145589
0.386134468147,0.142686827851,0.0299922864357,0.441186417566
0.359165785971,0.147133714109,0.0541609292258,0.439539570695
0.00759998227076,0.00767676605142,0.977110781013,0.00761247066458
0.0663255712491,0.200276167785,0.163239977333,0.570158283633
0.642509992723,0.265521109042,0.0344414922993,0.0575274059349
0.0894397133114,0.31188029356,0.258551440034,0.340128553095
0.11893240692,0.628640871902,0.155073218378,0.0973535027999
0.0148713119414,0.957922455969,0.0121990781308,0.0150071539584
0.0880590321411,0.00898287670346,0.0174335834789,0.885524507676
0.00195498209617,0.00468845810284,0.00273844083266,0.990618118968
0.00620812295046,0.947919785801,0.000407863670588,0.0454642275781
0.584762923964,0.00671751559202,0.0730284244653,0.335491135979
0.0275090264317,0.00482204137382,0.00919354855661,0.958475383638
0.0303758166514,0.330139679519,0.618811263442,0.0206732403879
0.00311487412969,0.00170271534415,0.00955517345794,0.985627237068
0.431322605754,0.0782058740582,0.337159459126,0.153312061062
0.563809246623,0.327610698244,0.0801880395874,0.0283920155449
0.308140609115,0.385073186171,0.305109743529,0.00167646118559
0.0244359304491,0.0391803116132,0.898369516293,0.0380142416449
0.170993115198,0.22456722692,0.49355743317,0.110882224712
0.0402080476584,0.0693212294402,0.262440241856,0.628030481046
0.0512120660313,0.256186145793,0.0143563714839,0.678245416691
0.0828522536223,0.149884828405,0.12777328547,0.639489632503
0.14526463975,0.120801664491,0.716857890611,0.0170758051479
0.29530899414,0.0180390997363,0.668992514646,0.0176593914783
0.508876101855,0.11322536284,0.0613054991973,0.316593036108
0.786932267218,0.0633550302814,0.11236488166,0.0373478208414
0.0309142049858,0.498152439131,0.423391637731,0.0475417181528
0.0280996333266,0.80360762617,0.0145738484394,0.153718892064
0.0659853109849,0.763408906687,0.030410944079,0.14019483825
0.0846250338496,0.133760073872,0.582606377529,0.199008514749
0.0383800252692,0.220690694737,0.514942819792,0.225986460202
0.153165989365,0.144320782869,0.097336106137,0.605177121629
0.030879158141,0.115325176286,0.161563743556,0.692231922017
0.0544068146104,0.275068007378,0.232003459722,0.438521718289
0.0174345757098,0.727702399976,0.0988599753039,0.15600304901
0.12936901941,0.134268456541,0.653970404562,0.0823921194874
0.0590730305007,0.619258805322,0.143519331132,0.178148833046
0.136262020134,0.553747725038,0.0654551044209,0.244535150407
0.0121247016957,0.761522123025,0.208654909265,0.0176982660142
0.911774653121,0.000581893058055,0.0336170192637,0.0540264345567
0.251207653011,0.0609174199684,0.0271247341406,0.66075019288
0.257827537528,0.508115139368,0.176870632873,0.0571866902306
0.24426171998,0.418407580526,0.192088670812,0.145242028683
0.0624011202357,0.23092206185,0.667773550435,0.0389032674797
0.0535121804201,0.0156103538564,0.0128257077811,0.918051757942
0.300425221793,0.0605332748287,0.520038854933,0.119002648445
0.13329897774,0.0993640943966,0.390834556155,0.376502371708
0.35843128404,0.193480347484,0.0141315141338,0.433956854341
0.0321410802683,0.0537414796692,0.765817800264,0.148299639798
0.0166179455456,0.629895642024,0.166217276583,0.187269135848
0.154414525528,0.570249424438,0.192997142679,0.082338907355
0.00691853620463,0.94233812104,0.0471124041763,0.00363093857922
0.209611140643,0.579323574889,0.00996373891085,0.201101545557
0.965133746677,0.0112624177737,0.0165827643079,0.00702107124154
0.0471442943679,0.65196506194,0.0127328213411,0.288157822351
0.0988329955871,0.366753472971,0.390613313405,0.143800218037
0.357824841872,0.554496643695,0.0203036624646,0.0673748519685
0.303741264384,0.444575606496,0.242101193936,0.00958193518397
0.0280196161347,0.830127544531,0.127547201707,0.0143056376281