0.472628884276,0.0589867785947,0.0684661061958,0.399918230933
0.923536199594,0.00505401608107,0.00104637365486,0.0703634106698
0.518661663836,0.233767756625,0.0849055056484,0.16266507389
0.368090203881,0.562275780825,0.0138050966834,0.0558289186112
0.977584275069,0.0137632471085,0.00471195674336,0.00394052107946
0.443786041951,0.178335615946,0.199954366045,0.177923976059
0.900488821643,0.0240756932362,0.05667328449,0.0187622006312
0.268738299088,0.32378901244,0.286349975525,0.121122712947
0.955141000356,0.00876663066668,0.0151967731233,0.0208955958544
0.181070249062,0.217231408619,0.496019847298,0.105678495022
0.0247047219755,2.12517978408e-05,0.974828030656,0.000445995570779
0.18040092178,0.702402249766,0.117022457921,0.000174370532654
0.96524952251,0.0015696608996,0.0130953081656,0.0200855084253
0.112288582553,0.770952785713,0.0795895085952,0.0371691231386
0.077270041632,0.792088533978,0.0372741337862,0.0933672906037
0.0249031004347,0.0990485245486,0.828666778031,0.0473815969855
0.572332781714,0.138106896004,0.14893238275,0.140627939532
0.295446393278,0.114751660368,0.448487893263,0.14131405309
0.064958556268,0.207234509728,0.447463112578,0.280343821427
0.0187959600339,0.645960584731,0.0198389996339,0.315404455601
0.701021930026,0.0848769391567,0.0567958917215,0.157305239096
0.217043773186,0.367441915271,0.138253764427,0.277260547117
0.329086476793,0.148623399474,0.0356639783694,0.486626145364
0.0371340780399,0.02990116489,0.0832207658404,0.84974399123
0.718402613971,0.00647626163957,0.109649411765,0.165471712625
0.674289801928,0.0413243319237,0.236973978403,0.0474118877454
0.0422555788413,0.123700366081,0.433319283629,0.400724771449
0.00948399417193,0.00414130075661,0.013125789662,0.973248915409
0.991823028865,0.0073461913597,0.000151840164051,0.000678939610782
0.00887478836083,0.971695058797,0.0191359672908,0.000294185551764
0.0427307369716,0.00304009350257,0.952898855458,0.00133031406795
7.58967728326e-05,0.0364907877788,1.05355169881e-05,0.963422779931
0.803116139539,0.0258166224353,0.137788807502,0.0332784305236
0.106426549801,0.236384045071,0.330476763205,0.326712641922
0.14187553005,0.557455472807,0.21212510516,0.0885438919838
0.440426157973,0.0834527002062,0.00546537200161,0.470655769819
0.207047499051,0.546578903661,0.142597190933,0.103776406356
0.000716699249828,0.985387415155,0.011444193519,0.00245169207649
0.142938372992,0.229220726291,0.208103859335,0.419737041382
0.121973971337,0.163661303041,0.713167725071,0.00119700055138
0.184929148592,0.0155695070033,0.048255621783,0.751245722622
0.454369254791,0.0531963431518,0.0404772104985,0.451957191559
0.241706819837,0.055408675318,0.657098779822,0.0457857250239
0.117608216996,0.0208795975977,0.749968013328,0.111544172078
0.43971148564,0.220868597805,0.215946516866,0.123473399689
0.107609967163,0.00225024461323,0.351569420612,0.538570367612
0.769831729298,0.0389608979471,0.0992575206277,0.0919498521268
0.39760743333,0.0328583053503,0.0724544862253,0.497079775094
0.0987456704228,0.0257295129152,0.0417967328882,0.833728083774
0.189552207261,0.163315570326,0.308203165335,0.338929057078
0.252598220461,0.186715472206,0.274953374304,0.28573293303
0.228658313169,0.26684356721,0.0552953051524,0.44920281447
0.135345118635,0.231228661095,0.219381618606,0.414044601664
0.00246811404972,0.00868817535721,0.988270682376,0.000573028216939
0.773222721715,0.00544766154182,0.00538251780633,0.215947098937
0.358852283489,0.202917038001,0.331045280217,0.107185398293
0.0153845811389,0.00154307140537,0.974195256264,0.00887709119125
0.0036115688244,0.792300290302,0.201958034247,0.00213010662645
0.00575814101287,0.727640381343,0.01792171808,0.248679759564
0.0253955663523,0.0183188799509,0.567006175158,0.389279378539
0.161817661261,0.282631070871,0.327857407671,0.227693860197
0.00498347838565,0.776828657144,0.108073273823,0.110114590647
0.138269372748,0.0895168930324,0.726786346053,0.0454273881662
0.457856321678,0.000714033302908,0.0785558245463,0.462873820473
0.176577972787,0.111643639141,0.621778404517,0.089999983554
0.136199378239,0.602616208216,0.136394180507,0.124790233038
0.088873563635,0.0812358887551,0.0911311051793,0.738759442431
0.168096373189,0.0186719961302,0.0478412212266,0.765390409454
0.46717814154,0.282489039207,0.0325529754501,0.217779843802
0.139016088622,0.235019237781,0.609103948379,0.0168607252184
0.0184191551765,0.0397529613869,0.0483375450483,0.893490338388
0.302138441721,0.0458842258868,0.600338564977,0.0516387674151
0.282669846476,0.0428771597485,0.244164920489,0.430288073286
0.317990829901,0.0932875134217,0.0182715843733,0.570450072303
0.0652850823092,0.392261622315,0.218405408329,0.324047887047
0.109035370856,0.321784490017,0.056841828756,0.512338310371
0.278594042259,0.0435837411331,0.16730062336,0.510521593247
0.924257287681,0.0206254790088,0.0118764318619,0.0432408014478
0.023450048475,0.0121645168433,0.000224441720324,0.964160992961
0.0728425849285,0.112756976626,0.702417521942,0.111982916504
0.158433214406,0.492696461162,0.348813779622,5.65448098427e-05
0.293121597922,0.172045547799,0.134325533178,0.4005073211
0.00141885607842,0.200590378448,0.27626345807,0.521727307404
0.0310792201125,0.0215037706555,0.0387596592204,0.908657350012
0.0023447844643,0.0488199241649,0.00952155813672,0.939313733234
0.457586156483,0.0593790132281,0.260088293172,0.222946537116
0.00461194461893,0.0647177439211,0.153522016773,0.777148294687
0.0613824664839,0.588740657944,0.2063151053,0.143561770272
0.0857908296553,0.0184267148549,0.811840681572,0.0839417739177
0.672492302337,0.0277444798026,0.0203292364495,0.279433981411
0.391050973379,0.424732954665,0.0780072339725,0.106208837984
0.0121601123377,0.163830176271,0.72365308712,0.100356624271
0.467292026943,0.137190763556,0.0104539546357,0.385063254866
0.568999554844,0.171606989773,0.148171463773,0.11122199161
0.00333464174494,0.655830167469,0.0148570974782,0.325978093307
0.11970605982,0.00256533401958,0.819191632497,0.0585369736634
0.116238130635,0.541902023558,0.307612534015,0.034247311792
0.094323168144,0.130825953335,0.233560226981,0.54129065154
0.000415208241146,0.981501606494,0.00289823625343,0.0151849490116
0.0529111593681,0.650402170585,0.218601559697,0.0780851103503
0.488809984467,0.00452984530245,0.50019740799,0.00646276224104
0.204180483439,0.679123283751,0.00560764035543,0.111088592455
0.37435475094,0.328275020157,0.185690847148,0.111679381755
0.944104697059,0.0127042374843,0.0300198118575,0.0131712535995
0.124439704679,0.0710440762148,0.780712643469,0.0238035756366
0.0127306104753,0.00623984106005,0.94858239623,0.0324471522348
0.000925455661197,0.18851255551,0.810536165042,2.5823787086e-05
0.103341905529,0.4639083813,0.251356097654,0.181393615518
0.654225446588,0.0259868166718,0.217415055466,0.102372681274
0.952705196739,0.0200588250022,0.00700765905239,0.0202283192063
0.224877847807,0.00504132109143,0.698029002948,0.0720518281532
0.0295040664255,0.425899634618,0.496135523132,0.0484607758246
0.0554247661096,0.0127762362996,0.880278260634,0.0515207369571
0.655411239921,0.00475216747908,0.306174640732,0.0336619518673
0.0357991435488,0.00767663249157,0.956163083736,0.000361140223199
0.241981445318,0.379742026339,0.0655585239641,0.312718004378
0.118560529342,0.169244688098,0.0489375965447,0.663257186015
0.825149762641,0.118576985375,0.01549231208,0.040780939904
0.593681611851,0.400488829127,0.000419479544166,0.00541007947806
0.101991783991,0.841976194189,0.0067144782401,0.0493175435799
0.329070665541,0.55240822408,0.0614619821246,0.0570591282541
0.163002879894,0.655584199739,0.0772417152762,0.10417120509
0.0329080177231,0.603111053745,0.339605461916,0.0243754666168
0.118453495865,0.300402368148,0.394668510288,0.186475625699
0.0551062077309,0.159510176631,0.564764575317,0.220619040321
0.220114676539,0.661432509008,0.109557847361,0.00889496709112
0.400121943945,0.205501439627,0.0415364927127,0.352840123716
0.740929828563,0.0446959275109,0.0752969453731,0.139077298553
0.121632633636,0.473127535784,0.249924216044,0.155315614536
0.069025505092,0.3245784925,0.203112656132,0.403283346276
0.450426643048,0.436046223872,0.0599632385478,0.0535638945321
0.0852649277232,0.0818739491447,0.0211083285425,0.81175279459
0.0112201518134,0.336005377595,0.566808069787,0.0859664008049
0.213721018537,0.770509547149,0.0154483199087,0.000321114405217
0.213955304687,0.0524289722588,0.505208719226,0.228407003828
0.0393392017844,0.43503892269,0.485498996578,0.0401228789474
0.105330552817,0.471544727756,0.22480757247,0.198317146957
0.0863224293949,0.145352023588,0.503418842099,0.264906704918
0.650106735146,0.0748848742788,0.0729649569214,0.202043433654
0.0349693415762,0.00340645571015,0.960595979058,0.00102822365575
0.173733242922,0.498328617453,0.229538275402,0.0983998642235
0.60107382245,0.374114841383,0.00552830371805,0.0192830324481
0.990354782442,0.00864367244713,0.000728858416434,0.000272686694882
0.00238789865338,0.00425299318925,0.00271026729106,0.990648840866
0.0114244402627,0.19767745955,0.0215629817872,0.769335118401
0.793128599384,0.04507562944,0.0111316555673,0.150664115608
0.625500252538,0.24419424039,0.0364484154794,0.0938570915932
0.104652104541,0.630285244487,0.159924982778,0.105137668194
0.00164993191344,0.991774677341,0.00369747574612,0.00287791499949
0.115218475526,0.751663943426,0.00240462420801,0.13071295684
0.279160673115,0.429307535037,0.264131496916,0.0274002949318
0.00817788574491,0.000293020744839,0.991348515574,0.000180577936145
0.0741649524404,0.789859697123,0.00945671455787,0.126518635879
0.0645290259384,0.549630308318,0.242691327356,0.143149338387
0.46830727711,0.343991525152,0.134539330934,0.0531618668032
0.196979887805,0.0143442488942,0.461598030558,0.327077832742
0.226947400858,0.047052874274,0.391122514677,0.334877210191
0.0412388742952,0.101377295084,0.548337085952,0.309046744669
0.440228766918,0.173342504859,0.116403302531,0.270025425692
0.318732247978,0.677561155043,0.00284680279668,0.000859794181868
0.285353686957,0.404846410141,0.0273385321971,0.282461370705
0.0601826425982,0.0658810579175,0.362712118786,0.511224180699
0.206868579487,0.287751360997,0.0618584613132,0.443521598202
0.323676500935,0.543258145897,0.0256696829869,0.107395670181
0.0534791886099,0.0288771902527,0.0344973451031,0.883146276034
0.391126877063,0.294672798664,0.126142025055,0.188058299217
0.0102485004611,0.00651909546479,0.148200888918,0.835031515156
0.236425540415,0.141307619582,0.0741452944417,0.548121545561
0.0736984502389,0.481151535888,0.309116572557,0.136033441317
0.687318759099,0.190295752164,0.0723822353111,0.0500032534256
0.0883780174724,0.189317655809,0.0457751819573,0.676529144761
0.0791945406136,0.110849188237,0.64706546704,0.162890804109
0.77820111966,0.103540474624,0.0959864370746,0.0222719686414
0.912634206847,0.0305905913633,0.0289131799303,0.0278620218598
0.820970632544,0.0386642655615,0.00543957881787,0.134925523077
0.0087423776799,0.00632078368076,0.0141366059395,0.9708002327
0.266951481653,0.172530915032,0.509315700295,0.0512019030199
0.00142141878832,0.950775444866,0.00468930233633,0.0431138340089
0.0329541439149,0.0858102674561,0.00349618328733,0.877739405342
0.0320820539378,0.747533791059,0.182945815491,0.0374383395121
0.376962933048,0.0815418120588,0.116968024607,0.424527230286
0.265616220213,0.004017214935,0.703916677806,0.0264498870462
0.0446625378153,0.0413890170245,0.0258452592005,0.88810318596
0.121032115846,0.00108072893011,0.867916431451,0.009970723773
0.0126075074388,0.0197352988938,0.787847345878,0.179809847789
0.449763576264,0.246305445052,0.00466218768488,0.299268790999
0.211264897521,0.199191169424,0.20738802027,0.382155912785
0.0436926360747,0.436232426075,0.15130545389,0.36876948396
0.570241827291,0.00600621921592,0.0353639862224,0.388387967271
0.0520281082576,0.175064471636,0.387802750044,0.385104670062
0.0956111727013,0.644306042996,0.0378933668183,0.222189417484
0.175385253499,0.206568784471,0.0388787595607,0.579167202469
0.227342262115,0.132874567603,0.0434797807734,0.596303389508
0.36631958826,0.0966808691915,0.111410410921,0.425589131627
0.510348967658,0.340183703384,0.0976898590646,0.0517774698929
0.818392717092,0.000749538016413,0.155692347417,0.0251653974747
0.436000990129,0.12650797367,0.403321591837,0.0341694443643
0.673236840464,0.0965082485595,0.17842727393,0.0518276370468
0.00442099473692,0.0209040824784,0.672016122377,0.302658800408
0.0283693532292,0.867402017594,0.0717795154225,0.0324491137539