0.119152792678,0.141321946352,0.733548426568,0.00597683440212
0.297853615692,0.54071966018,0.093916036435,0.0675106876926
0.264180249406,0.522934290295,0.146687246465,0.0661982138335
0.0449633221914,0.00681573927839,0.945202509343,0.0030184291873
0.574864508481,0.0459328824205,0.336128218268,0.0430743908301
0.0426633850903,0.362435574738,0.0101182801493,0.584782760023
0.145289100204,0.072046012251,0.117930796449,0.664734091096
0.34504069566,0.0287709612067,0.0455158732017,0.580672469932
0.804989265018,0.0600491862709,0.00110161079947,0.133859937912
0.0779772472889,0.0564711408053,0.271847849133,0.593703762773
0.0206807841983,0.00189483025037,0.907555898206,0.0698684873453
0.370091938031,0.244716062221,0.14798009768,0.237211902068
0.795557801169,0.133584831032,0.057986931029,0.0128704367705
0.339047824104,0.137680988544,0.175430527439,0.347840659913
0.680551895636,0.0702696112188,0.179726681569,0.0694518115762
0.118800375958,0.200454497122,0.343474635906,0.337270491015
0.772980156479,0.0324723208998,0.118821334623,0.0757261879984
0.561386978902,0.134598129435,0.235232208581,0.0687826830821
0.22959154892,0.705159995984,0.0525603941715,0.0126880609244
0.156892394479,0.058730117174,0.208129676337,0.57624781201
0.0161830889596,0.101478692586,0.0133576896924,0.868980528762
0.296095649109,0.310257247617,0.18216342501,0.211483678264
0.055533173088,0.549338168664,0.0394823071891,0.355646351059
0.0221176737954,0.0186353214459,0.910265244392,0.0489817603669
0.0248413701206,0.00116393858144,2.76741663642e-05,0.973967017132
0.0565426279074,0.0156168649711,0.0103925823029,0.917447924819
0.112280124453,0.285504916493,0.11564554273,0.486569416325
0.323431969921,0.00678634225394,0.0530997174046,0.616681970421
0.652991211965,0.097660487891,0.140017461056,0.109330839088
0.12408662827,0.210965582219,0.586855611958,0.0780921775541
0.789043683851,0.0266896602411,0.139190605692,0.0450760502151
0.102763832764,0.0875128515094,0.675517612012,0.134205703714
0.189435242201,0.0331889630595,0.243465398974,0.533910395765
0.212617409618,0.370279886375,0.314528962633,0.102573741373
0.0303468154999,0.044299035112,0.500576408144,0.424777741244
0.247023212943,0.397485181312,0.21687757721,0.138614028535
0.1373729325,0.0077439903803,0.111633508977,0.743249568143
0.365516183853,0.00200475018331,0.141347954333,0.49113111163
0.978756199525,0.00287075969805,0.00534416057003,0.0130288802069
0.04424141288,0.0315877694801,0.10931414338,0.81485667426
0.024454283466,0.38619265383,0.296647553613,0.292705509091
0.0950106950311,0.0142462971674,0.827615584174,0.0631274236278
0.148921656082,0.0457756603289,0.236546173544,0.568756510045
0.0911018915333,0.400776652765,0.238215120965,0.269906334738
0.0966399300711,0.109145231586,0.750011313916,0.0442035244274
0.426053803408,0.0416558221721,0.39640792465,0.13588244977
0.185262712454,0.418695431176,0.187260387774,0.208781468597
0.203985515495,0.475155614254,0.232787053653,0.0880718165977
0.309639556553,0.0938977898901,0.240217593254,0.356245060303
0.428555164697,0.171060809477,0.0453455676702,0.355038458156
0.5872841818,0.0783625669369,0.263875268964,0.070477982299
0.583424098023,0.340402180253,0.0340528690839,0.0421208526398
0.138580306431,0.761933909215,0.0770483780963,0.0224374062577
0.285795668587,0.0384219366528,0.420201055194,0.255581339566
0.523248580641,0.431348775613,0.0193875319264,0.0260151118197
0.542145889408,0.0579508751616,0.244100617234,0.155802618196
0.118015920151,0.117236475714,0.449505116271,0.315242487864
0.0677405301322,0.125377613724,0.593196664404,0.21368519174
0.00117039935169,0.964545242377,0.0322827018709,0.00200165640086
0.0215630975188,0.167292223056,0.0633640071977,0.747780672227
0.150919600248,0.636366446043,0.0736223521945,0.139091601514
0.754124106736,0.0702979169603,0.132879663678,0.0426983126262
0.0120786803901,0.00963834217212,0.0167251814892,0.961557795949
0.651792953938,0.00292058135395,0.107693039871,0.237593424836
0.330447459758,0.00251487883171,0.646978526596,0.0200591348144
0.00337546203337,0.00599234385721,0.0247573899784,0.965874804131
0.662557235713,0.0747856795749,0.23693983166,0.0257172530525
0.614150512949,0.057748795877,0.163031816765,0.165068874409
0.571809425463,0.111325144585,0.0408920051552,0.275973424797
0.44785128649,0.122423160376,0.369899589714,0.0598259634199
0.851848120754,0.00203439307331,0.127635176799,0.018482309374
0.12756452468,0.684808637579,0.149451402362,0.0381754353783
0.265862726218,0.474725411261,0.254835290336,0.00457657218536
0.818707794527,0.0203849967185,0.120744725843,0.040162482911
0.0185197823321,0.00043977110978,0.958076396096,0.0229640504624
0.0395773561044,0.0180891499802,0.913321187826,0.0290123060892
0.0532401048418,0.396995540915,0.29331164177,0.256452712473
0.0187854750773,0.12016435383,0.26454791801,0.596502253083
0.00521557903078,0.0249986820915,0.769381357429,0.200404381449
0.0392034868201,0.0733316766789,0.404015844535,0.483448991966
0.127758839097,0.00693505920387,0.0314838177466,0.833822283952
0.184538071508,0.156062820972,0.335170749223,0.324228358297
0.778433654499,0.0413906292938,0.123143830356,0.0570318858515
0.784747393386,0.0126608912809,0.18497409003,0.0176176253038
0.312154851816,0.518849428442,0.0145061938735,0.154489525869
0.0959424341417,0.266890588612,0.582367381997,0.0547995952495
0.263335075988,0.0883210437784,0.620207744509,0.028136135724
0.749169869863,0.046373856527,0.0784531513518,0.126003122258
0.123591375849,0.509665406668,0.0917070921239,0.275036125359
0.051075849435,0.410234161743,0.0344588101325,0.50423117869
0.0560895049241,0.0160217377471,0.693837053847,0.234051703482
0.239220786571,0.018541837991,0.00157280658787,0.74066456885
0.0285923487605,0.0851855749222,0.240391989907,0.64583008641
0.233516694138,0.394846535246,0.177945341785,0.193691428831
0.240515824284,0.0311363376411,0.0387973278099,0.689550510264
0.286688407408,0.0506892126244,0.326528163998,0.336094215969
0.222384720968,0.0522292770024,0.432329073581,0.293056928448
0.242144612028,0.244235470654,0.399197496308,0.11442242101
0.280072964884,0.0590318182161,0.628461258283,0.0324339586173
0.99847797175,0.00107451352391,0.000339279046037,0.00010823567959
0.0111100717878,0.0130479977988,0.000232752188786,0.975609178225
0.881912077072,0.0870371874068,0.0154010155961,0.0156497199247
0.138136510096,0.0293428429571,0.411043528995,0.421477117952
0.0329906194311,0.0898399689583,0.106159965184,0.771009446427
0.464790222049,0.181373550965,0.210869114142,0.142967112845
0.93370627705,0.0260450646036,0.00292561068234,0.0373230476642
0.221772400376,0.689362752295,0.0538819490182,0.0349828983103
0.00393232770359,0.25411511254,0.737058499467,0.00489406028934
0.0518356912341,0.684778096493,0.0535507645114,0.209835447762
0.534652814591,0.00489892412277,0.153681479397,0.30676678189
0.004357604893,0.172014649132,0.818026406417,0.00560133955823
0.39589949826,0.210559394142,0.0766504421106,0.316890665488
0.320428952678,0.0546309826927,0.592475715519,0.0324643491102
0.504325242101,0.0163502652819,0.207362892514,0.271961600103
0.337098083853,0.0581259202132,0.523606254121,0.0811697418131
0.308277800826,0.00891268848449,0.384430994547,0.298378516143
0.222981597381,0.20685981301,0.13676476753,0.433393822079
0.221397784316,0.443133595419,0.167022842599,0.168445777666
0.164772424072,0.234827489848,0.431776701354,0.168623384727
0.0675034934075,0.667559750778,0.235208436131,0.029728319684
0.143544765028,0.685700539094,0.0117378019053,0.159016893972
0.111262895098,0.329368882502,0.428135643357,0.131232579043
0.00740633064135,0.0438560736484,0.0111040027977,0.937633592913
0.0273458084965,0.60423734738,0.0892727594856,0.279144084637
0.165452972739,0.663063350971,0.0476705985637,0.123813077726
0.613409586826,0.141844049493,0.132540052209,0.112206311473
0.0047407147576,0.00312166885089,0.225820920164,0.766316696227
0.180445559481,0.132325306274,0.309949676623,0.377279457623
0.310292027426,0.211050921389,0.302738627677,0.175918423507
0.0330653435729,0.0283366359633,0.00953529953842,0.929062720925
0.563851249739,0.330131265284,0.0922707323182,0.0137467526583
0.0638179295491,0.23416248055,0.672239336475,0.0297802534255
0.0831250934478,0.0295699137439,0.826765638096,0.0605393547123
0.0874809105247,0.175889375858,0.174950442405,0.561679271212
0.0218692931535,0.711709401526,0.0858064526751,0.180614852646
0.809236052814,0.0449659550373,0.120980022469,0.0248179696796
0.760717539038,0.0458621742292,0.0815070395777,0.111913247155
0.150448855614,0.438564646113,0.0154373670177,0.395549131255
0.0806249399627,0.757656426438,0.104551577642,0.0571670559574
0.00835314207314,0.417626754094,0.327054265858,0.246965837975
0.190081347821,0.16515848793,0.259001582161,0.385758582088
0.0417541615969,0.197310631005,0.686004279302,0.0749309280965
0.0395919543806,0.124886816865,0.025348443879,0.810172784875
0.242377092724,0.00679472253263,0.0149913900657,0.735836794677
0.439365931266,0.127761629414,0.15687079317,0.27600164615
0.00376982073621,0.290468495515,0.00492968402228,0.700831999727
0.0319571787017,0.0338176466296,0.910553549247,0.0236716254213
0.0457913377978,0.0582157502663,0.739183122009,0.156809789927
0.591957263837,0.0758799166316,0.278199412694,0.0539634068376
0.121586959954,0.016196873519,0.35462291239,0.507593254137
0.254568706361,0.720957124796,0.00744362468343,0.0170305441602
0.241247409778,0.0310653085837,0.398813196291,0.328874085347
0.319463890955,0.432830650888,0.0336128967014,0.214092561456
0.00428789714902,0.918033296684,0.000916929394429,0.0767618767723
0.195761198541,0.564110126964,0.188158643718,0.0519700307774
0.157929620897,0.131829719454,0.190559192896,0.519681466753
0.412847522395,0.168044020481,0.360280357963,0.0588280991606
0.0442055661323,0.0167213416688,0.876945177423,0.0621279147758
0.0130309777338,0.848573325848,0.0870161777433,0.0513795186751
0.310071245389,0.0440658056561,0.59409288941,0.0517700595447
0.465296483925,0.0733388110666,0.000961872496523,0.460402832512
0.997238889831,0.000169317776718,0.000749875013509,0.00184191737856
0.655041377432,0.307832076603,0.0310566272417,0.00606991872335
0.342658248921,0.460222037348,0.0487177436815,0.148401970049
0.757336843569,0.0675951807478,0.11563352757,0.0594344481122
0.0418973108662,0.0168301627951,0.933369812738,0.00790271360098
0.367496611082,0.48483527535,0.0204349298771,0.127233183692
0.00570888678443,0.00170049763172,0.0239793698094,0.968611245774
0.00631531707178,0.597292721195,0.356195618692,0.0401963430408
0.0552419133355,0.0295917438522,0.88124132602,0.033925016792
0.0227854790881,0.0440439650434,0.0577185899541,0.875451965914
0.0179152629183,0.212948414738,0.753615525927,0.0155207964166
0.00616065612987,0.0548563385752,0.229548306489,0.709434698806
0.471072026583,0.0294255471828,0.216933034329,0.282569391905
0.312535499207,0.510186964707,0.160276931703,0.0170006043834
0.247081578732,0.615586558217,0.135840149819,0.00149171323162
0.0377862638063,0.0267102128253,0.87210094963,0.0634025737388
0.136279074216,0.165237736436,0.392771515829,0.305711673519
0.511833257733,0.02675068419,0.132956425777,0.3284596323
0.104380974789,0.390579487571,0.27274173222,0.23229780542
0.109911226233,0.0575721143413,0.208137396443,0.624379262983
0.313673370894,0.0761958028455,0.280887920846,0.329242905415
0.0463273618324,0.0756866803199,0.744160589059,0.133825368788
0.0934111180859,0.579580335818,0.0398457884703,0.287162757626
0.759915698328,0.00562165440771,0.217666621546,0.0167960257184
0.0286465333834,0.637254083155,0.16100919934,0.173090184122
0.0225069443466,0.836184220821,0.0315774262596,0.109731408572
0.495134840125,0.234485436104,0.202763151953,0.067616571818
0.215959268819,0.0255915968301,0.319218754446,0.439230379905
0.911710752023,0.010642464199,0.0683994241786,0.00924735959911
0.0413524633157,0.00782673525019,0.883813936964,0.0670068644702
0.48481829519,0.18489581652,0.212505064751,0.117780823539
0.333782978539,0.44425718978,0.0780342453907,0.14392558629
0.923186515542,0.000759912334814,0.074995064094,0.00105850802903
0.185223341593,0.0775535433556,0.320375824585,0.416847290467
0.0459225570817,0.227592311864,0.168498051102,0.557987079952
0.0372058266833,0.00935670412234,0.105731901801,0.847705567394
0.046693522865,0.0597731891207,0.0320838386344,0.86144944938
0.120579441981,0.0102611211398,0.0552835222043,0.813875914675
0.01538082969,0.721052235665,0.25230528984,0.0112616448052