0.0115796439129,0.0165759532926,0.061573924957,0.910270477837
0.334266801205,0.268727013662,0.13753092739,0.259475257742
0.0670377532873,0.0445736374127,0.668979296362,0.219409312938
0.266734753649,0.581758722906,0.0732681325051,0.0782383909393
0.768768595247,0.100667208285,0.126675095095,0.00388910137228
0.43997882478,0.274854863099,0.230904047579,0.0542622645415
0.706401708925,0.141240471099,0.126676897348,0.0256809226286
0.726564634214,0.17491513433,0.0648412193417,0.0336790121141
0.2412672267,0.348614706435,0.184439062326,0.225679004539
0.48936372002,0.00161805477579,0.00250329879426,0.50651492641
0.00163579806147,0.908612520328,0.0145470119223,0.0752046696882
0.111023362363,0.0161259778461,0.00599325247795,0.866857407313
0.295678762965,0.147045510031,0.459467413203,0.0978083138006
0.298953423153,0.145077257256,0.548796800255,0.00717251933602
0.188665776858,0.547171527821,0.135882035914,0.128280659407
0.569857621281,0.419721923835,0.00311761363772,0.00730284124585
0.0165973672448,0.165935513725,0.173921450467,0.643545668564
0.0156455522909,0.967475645396,0.00130412871476,0.0155746735987
0.498093022848,0.163003604136,0.281900448316,0.0570029247003
0.0125182637411,0.451751057593,0.219765874163,0.315964804503
0.0243602819915,0.444176316106,0.508772622043,0.0226907798599
0.264722389601,0.0446321405418,0.489853373829,0.200792096028
0.0283740327926,0.758592504503,0.0509855524481,0.162047910256
0.0950143126656,0.698889289968,0.0146785621451,0.191417835221
0.0144520091126,0.957017613374,0.00714027098387,0.0213901065299
0.560035785852,0.192973709311,0.0868189047424,0.160171600094
0.104868022345,0.565742575034,0.0346962904332,0.294693112188
0.508954218178,0.107818613696,0.0357224646338,0.347504703492
0.59090955349,0.120069580066,0.0878398258627,0.201181040581
0.201875775362,0.0177274379099,0.018604950643,0.761791836085
0.061967843531,0.346441630404,0.332184902962,0.259405623103
0.0955369364844,0.727532591074,0.0193855166243,0.157544955818
0.212798457131,0.376803019225,0.372842368939,0.0375561547046
0.0324320845438,0.108654729503,0.467933668112,0.390979517841
0.442812623268,0.26514940384,0.103175105462,0.18886286743
0.0244638018133,0.209665069565,0.0416892625547,0.724181866067
0.0402782159616,0.17135757882,0.568065704202,0.220298501016
0.00428267671346,0.0443062874087,0.00103011321453,0.950380922663
0.185544314231,0.0416140055812,0.559112565164,0.213729115023
0.420240628024,0.43603660175,0.018358036451,0.125364733774
0.00161372571665,0.053483106128,0.0107701220603,0.934133046095
0.169948436301,0.00254388286722,0.76486760379,0.0626400770417
0.455657575839,0.475869878289,0.0497535864614,0.0187189594099
0.017333267743,0.013743233953,0.965278269799,0.00364522850544
0.938371200548,0.0162648313389,0.041348510077,0.00401545803656
0.105622172568,0.0467532717243,0.481518351626,0.366106204082
0.000866051792852,0.821422446087,0.0653177231718,0.112393778948
0.612218298228,0.294706123349,0.0771356843906,0.0159398940325
0.114605179557,0.344325954844,0.0193124306911,0.521756434907
0.0308326793364,0.706030351364,0.210514587588,0.052622381712
0.526039685167,0.393283328172,0.0801605957912,0.00051639086943
0.0495219372043,0.111810913686,0.827508002814,0.0111591462956
0.00243155544205,0.374843173394,0.620049272436,0.00267599872847
0.260159342113,0.12791619277,0.0617604490366,0.55016401608
0.532759820713,0.132362631232,0.275862542508,0.0590150055476
0.215256917219,0.387566362441,0.142264171701,0.254912548638
0.0637430792799,0.217420809861,0.522803190246,0.196032920614
0.0190619220472,0.746690410626,0.232452367907,0.00179529941978
0.0173566246514,0.266865259247,0.177674951274,0.538103164828
0.0500928462383,0.187537307632,0.519958845958,0.242411000172
0.0326705226555,0.940994539848,0.00451583338799,0.0218191041085
0.205710360701,0.572026575852,0.218801743904,0.00346131954326
0.224454610787,0.598637099694,0.117222142585,0.0596861469343
0.0390619029984,0.187741102428,0.264763252764,0.508433741809
0.146921704898,0.561404294312,0.0938868770465,0.197787123743
0.238594069647,0.390113428582,0.125381914686,0.245910587085
0.982737270182,0.0079892958668,0.00225943713281,0.00701399681844
0.131673213715,0.142250343779,0.487871465917,0.238204976589
0.321230538074,0.0422930020792,0.399202470778,0.237273989069
0.158940182012,0.355755736512,0.37139183103,0.113912250445
0.821796900753,0.130371288876,0.00100604946823,0.0468257609027
0.0184417974375,0.0442313437827,0.772090700058,0.165236158722
0.265152535339,0.19329036545,0.164842354368,0.376714744844
0.716947589568,0.0940911702948,0.111782279806,0.0771789603309
0.437155047571,0.0994173822467,0.0760555406643,0.387372029518
0.00524658227674,0.954089323845,0.0101838772881,0.0304802165904
0.0685940810326,0.215750275259,0.562445433187,0.153210210522
0.958100011817,0.000631125096913,0.0329625148977,0.00830634818817
0.190459387659,0.464649886265,0.0872169140158,0.25767381206
0.356498736508,0.439799128457,0.0944200673288,0.109282067706
0.126231832276,0.598141976336,0.141280028242,0.134346163147
0.0231744908165,0.0425149657852,0.667615259595,0.266695283803
0.261928526342,0.0645354779232,0.639901563306,0.0336344324287
0.332289419642,0.0789867748492,0.19046843861,0.398255366899
0.000528160879269,0.121703082875,0.289657183131,0.588111573115
8.34668738981e-05,0.0145101613019,0.984276910676,0.00112946114855
0.0139983333521,0.0213321778125,0.688362989196,0.276306499639
0.0414075000115,0.653117345766,0.257429747268,0.0480454069543
0.0390690106341,0.0354676338807,0.0886068333107,0.836856522175
0.122212646956,0.0341246512323,0.804017236911,0.0396454649003
0.602978192854,0.293091709308,0.00479356706426,0.0991365307735
0.0893383501895,0.144116521798,0.233680791255,0.532864336758
0.471456389142,0.267481526278,0.0651676121955,0.195894472384
0.146432906409,0.056807661621,0.746916482408,0.0498429495618
0.0229716649265,0.495215131891,0.48154318665,0.00027001653173
0.0321014734754,0.0549045284426,0.895111317674,0.0178826804077
0.434652214325,0.537283097965,0.0200644994433,0.00800018826666
0.813025815754,0.0657354844021,0.0421882479284,0.0790504519159
0.136800071216,0.848182241778,0.0104364648291,0.00458122217633
0.0327891670001,0.0563689917313,0.900268576409,0.0105732648598
0.0260193590854,0.108187650054,0.0130064279017,0.852786562959
0.356431042148,0.0108781781439,0.061674072548,0.57101670716
0.0218955551515,0.92648735006,0.0281177707437,0.0234993240447
0.404110918601,0.0611651567715,0.185871150322,0.348852774306
0.00724472081991,0.496013311901,0.0628711444513,0.433870822828
0.282728863394,0.00234296577856,0.263048199333,0.451879971494
0.0738187872469,0.714494283461,0.132977396174,0.0787095331175
0.0586752612693,0.0805976323784,0.352469687119,0.508257419233
0.781785036566,0.0375808595872,0.177959397227,0.00267470662012
0.116556910636,0.0201701308897,0.00611587788605,0.857157080588
0.323965572206,0.542228533459,0.0175665345435,0.116239359792
0.794130402163,0.112340575258,0.0116520428534,0.0818769797255
0.639726376075,0.0543324615273,0.25917606293,0.0467650994684
0.801832272123,0.0744946568747,0.0438955760215,0.079777494981
0.289717631285,0.561509579772,0.137052892071,0.0117198968722
0.575367376233,0.30661499315,0.0676345138107,0.0503831168059
0.0248645813697,0.257873851849,0.505374359482,0.211887207299
0.108102102708,0.793662820655,0.0937985462713,0.00443653036559
0.0366095057068,0.0011918554939,0.954765699775,0.00743293902393
0.00332826899824,0.00975298604478,0.201774206592,0.785144538365
0.559767978558,0.0526272772241,0.0145372721668,0.373067472051
0.100785747607,0.607145743211,0.244035580981,0.0480329282006
0.287684079463,0.58487507844,0.025880490019,0.101560352078
0.121947107829,0.278543310476,0.16267031737,0.436839264325
0.16084098304,0.12912138355,0.0225523811271,0.687485252283
0.0289159570984,0.618660703564,0.183292156823,0.169131182515
0.0115223105302,0.867108493739,0.00601355820349,0.115355637527
0.213809964026,0.206798578732,0.189037402177,0.390354055065
0.060161853083,0.610653497135,0.171423085032,0.15776156475
0.827704671313,0.150058791058,0.0106488018036,0.0115877358255
0.253653911051,0.109579262929,0.49591242997,0.140854396049
0.017613565643,0.194833671526,0.785738154928,0.00181460790346
0.163691154534,0.012506850756,0.422759921933,0.401042072777
0.0801450181548,0.740652116283,0.150841605903,0.0283612596586
0.0693787192007,0.0600423733076,0.861040801576,0.00953810591538
0.358356862262,0.341904412619,0.272500974964,0.0272377501563
0.00479460242463,0.0567514675017,0.734544354042,0.203909576032
0.0574243578222,0.307711901644,0.523293778529,0.111569962005
0.185366784751,0.0295882383374,0.433764225107,0.351280751804
0.796720384679,0.152911888434,0.0220584799443,0.0283092469427
0.138009807321,0.0157727227978,0.31708382256,0.529133647321
0.0322437036894,0.0656391100431,0.26799733786,0.634119848407
0.823604288803,0.092451726897,0.0353647752683,0.0485792090319
0.0128693131326,0.198175556547,0.758942782929,0.0300123473906
0.102522671287,0.325115921817,0.24691124657,0.325450160326
0.00676915165201,0.201119678273,0.789058542704,0.00305262737107
0.561488757036,0.0126654552069,0.306150172102,0.119695615655
0.00879966481665,0.308740840143,0.675016287459,0.00744320758168
0.0110243435592,0.673497924579,0.259021604495,0.0564561273668
0.00907288349754,0.0031733155064,0.0101716538023,0.977582147194
0.92412770496,0.048624258977,0.00689379976358,0.020354236299
0.84769738143,0.000776069605591,0.0312287183289,0.120297830636
0.000911399273475,0.00405217735499,0.98519087232,0.00984555105157
0.304401425091,0.00969294238985,0.548690320493,0.137215312027
0.0111202755197,0.128172063486,0.297540724019,0.563166936975
0.574118153682,0.260570584703,0.0153428569859,0.149968404629
0.0504435835111,0.295202514587,0.13500823097,0.519345670932
0.209196791807,0.0567464026054,0.244950472765,0.489106332822
0.030376182164,0.358173209873,0.592601194073,0.0188494138899
6.43950092563e-05,5.67636619425e-05,0.00394371325236,0.995935128076
0.113725670039,0.38005896913,0.282285756365,0.223929604466
0.65486544546,0.138943785413,0.160636778457,0.0455539906703
0.432633873417,0.0343741818568,0.516625276643,0.016366668083
0.106367861649,0.00953681391085,0.269106897689,0.614988426751
0.0237410911079,0.413389295582,0.433320972885,0.129548640425
0.111167446355,0.443861310985,0.362919172465,0.0820520701943
0.00743366699518,0.0139389392882,0.964701924391,0.0139254693257
0.0706401524698,0.0648082351807,0.30805909677,0.556492515579
0.0107196804336,0.502933187768,0.416884885885,0.0694622459136
0.113714500743,0.0386148774755,0.41489893217,0.432771689612
0.680307908458,0.296102505018,0.0138153874154,0.00977419910828
0.439152797556,0.0465000776873,0.230860198824,0.283486925932
8.74753508203e-06,0.000286219459765,0.385074566394,0.614630466611
0.616884086362,0.0557277199045,0.000858381490826,0.326529812243
0.288267814094,0.0325907495613,0.499593297108,0.179548139236
0.293802801964,0.173703424298,0.3265907165,0.205903057239
0.0335408256026,0.116085602609,0.790424684913,0.0599488868754
0.0862024534434,0.268786547565,0.543216809982,0.10179418901
0.834017544667,0.0437988902983,0.0248920680304,0.0972914970041
0.130777232514,0.0578258108081,0.500273638395,0.311123318284
0.0425782471303,0.00151478476961,0.0324958461204,0.92341112198
0.965105668512,0.00732480458239,0.0267357004683,0.00083382643731
0.10529839586,0.143267736099,0.107535479868,0.643898388173
0.027846786041,0.0634094814053,0.894337847104,0.0144058854497
0.151757503123,0.25957781877,0.0667640041656,0.52190067394
7.89304989356e-06,0.736891030565,0.261763977218,0.00133709916739
0.564436168304,0.10718089277,0.0773357074885,0.251047231437
0.204588979944,0.545547461674,0.109457618615,0.140405939766
0.00744058848929,0.236427516633,0.748158701475,0.00797319340218
0.0221842999208,0.737359217979,0.137089618125,0.103366863975
0.278078586299,0.159787318619,0.31545039776,0.246683697322
0.00231586453998,0.0269065618983,0.968903400592,0.00187417296944
0.0658090834514,0.579105216757,0.226209893034,0.128875806757
0.516558775635,0.361439784372,0.121471251975,0.000530188017525
0.0064293431104,0.764412015359,0.124430936057,0.104727705473
0.0832951822325,0.0211981908873,0.221636614919,0.673870011961
0.0279096136655,0.380389759803,0.350035541544,0.241665084987
0.792834315199,0.175267889225,0.00991128622944,0.0219865093467
0.410997433179,0.218188310746,0.0240524277177,0.346761828357
0.751623345615,0.124798686028,0.0447396008157,0.0788383675414