0.000623459360548,0.963760889211,0.0188300496679,0.0167856017603
0.58154481113,0.205534260271,0.0112674734661,0.201653455134
0.0386810844088,0.0223469140162,0.933254049105,0.00571795246951
0.0673493434357,0.27484963234,0.545961327018,0.111839697207
0.262589508643,0.489950659511,0.246198016841,0.00126181500474
0.169111323461,0.029981294548,0.757419089308,0.0434882926823
0.829288967867,0.00741822556651,0.128126455878,0.0351663506884
0.0112917994205,0.00188358701995,0.982085210421,0.00473940313869
0.0660050864864,0.534987763504,0.36389138053,0.035115769479
0.173892117796,0.592105764348,0.0956143292445,0.138387788612
0.47772864503,0.0678752448018,0.0025076418074,0.45188846836
0.00348682824029,0.0127870181215,0.947533586725,0.0361925669136
0.594579008689,0.102243414834,0.120828782484,0.182348793993
0.11623200077,0.0185152933081,0.847401007998,0.0178516979239
0.0191929093761,0.0199457957831,0.24375209354,0.717109201301
0.608698661884,0.0613499158368,0.317412656084,0.0125387661953
0.0261940941579,0.796610026087,0.0293523728068,0.147843506948
0.271520852314,0.259155224167,0.00365494894207,0.465668974577
0.210966058498,0.201345411126,0.300033211743,0.287655318633
0.0142245795045,0.00869059099669,0.581418584326,0.395666245173
0.732454931815,0.11599109856,0.0231715685345,0.128382401091
0.365104658177,0.0625301902079,0.510218057222,0.0621470943923
0.0713474314094,0.233069767851,0.314532415433,0.381050385307
0.512645907317,0.101012935264,0.128542405075,0.257798752344
0.22395484727,0.379034318855,0.17470622276,0.222304611114
0.0423031566208,0.388887805419,0.305851596264,0.262957441697
0.351726137085,0.189581495374,0.410230110995,0.048462256547
0.254342400684,0.144122147565,0.348489491144,0.253045960608
0.339895747827,0.0591014991084,0.0808083550502,0.520194398014
0.0691182160617,0.0407915376522,0.441791936164,0.448298310122
0.084099725635,0.210978229685,0.0948298476291,0.610092197051
0.150778796753,0.501713628227,0.131027270705,0.216480304315
0.04256428505,0.318368842955,0.22396353518,0.415103336815
0.02427574003,0.0721569261679,0.0532506103867,0.850316723415
0.175852513496,0.234186187099,0.580966174981,0.00899512442417
0.267479776436,0.20110577001,0.467644073131,0.0637703804224
0.520081152238,0.120453520963,0.000211908567498,0.359253418231
0.134627733242,0.146480857319,0.0636765269118,0.655214882528
0.1297156365,0.632060293068,0.21187742727,0.0263466431618
0.385532089059,0.543047327308,0.0178310878792,0.0535894957536
0.159146411231,0.316115541389,0.115214215904,0.409523831476
0.0986998485496,0.0840428407914,0.486399774283,0.330857536376
0.130612085816,0.334457356885,0.015470977016,0.519459580283
0.35527007191,0.119282815091,0.169532096705,0.355915016295
0.227050113093,0.0382646971493,0.724077685682,0.0106075040753
0.00235582545506,0.987641088947,0.00769298729603,0.00231009830157
0.0233487063209,0.490375750675,0.469304591526,0.0169709514781
0.000443193248931,0.000249063684837,0.037067491287,0.962240251779
0.182156609925,0.342857749511,0.37476631262,0.100219327945
0.20228850128,0.0172620583674,0.777375848007,0.00307359234509
0.19272999576,0.742840193924,0.052322525605,0.0121072847115
0.313013477083,0.133321943556,0.484774386109,0.0688901932512
0.0105956023476,0.74803404946,0.233946861268,0.00742348692401
0.831339168865,0.166791118121,4.373242087e-05,0.00182598059311
0.198251426636,0.0746923784818,0.392182970866,0.334873224016
0.303289118641,0.0610749028061,0.0309554573124,0.604680521241
0.355609017828,0.0458131499041,0.590868207068,0.00770962519947
0.368573856855,0.084337966002,0.540717235157,0.00637094198544
0.601512566297,0.130949351611,0.106291892715,0.161246189377
0.321855985866,0.164782064602,0.331525050875,0.181836898658
0.034398168053,0.886093579674,0.0210474969116,0.058460755361
0.0544838810285,0.074697739345,0.690201970796,0.18061640883
0.177641944856,0.127670741759,0.549470403359,0.145216910026
0.0299639101447,0.517176837013,0.126106245356,0.326753007486
0.0237436410785,0.154575979752,0.0422478077509,0.779432571419
0.112285728875,0.148115157939,0.0219471503397,0.717651962847
0.131444427236,0.0577120654593,0.0472991821816,0.763544325123
0.596730776114,0.230334011399,0.133762477983,0.039172734504
0.00826833431034,0.00262883004491,0.00977190709222,0.979330928553
0.225134599332,0.0813196991212,0.63408696281,0.0594587387361
0.386157377799,0.296397381518,0.0462540684364,0.271191172247
0.767180779815,0.0409080010875,0.0669316567532,0.124979562344
0.284336306042,0.164511089482,0.48687355863,0.0642790458461
0.0636261240968,0.0234425526148,0.00937061472882,0.90356070856
0.993017465056,0.00244126982829,0.00163341230482,0.00290785281139
0.191398616382,0.412993922765,0.269806315334,0.125801145519
0.406648551696,0.317764140754,0.19691496134,0.0786723462104
0.0678435486618,0.236938322423,0.175051606736,0.520166522179
0.490262739703,0.0146698910385,0.467516551607,0.0275508176518
0.0874973052838,0.488392192086,0.400445632281,0.0236648703488
0.956668249776,0.0249829622913,0.0156627332887,0.00268605464416
0.00941507281616,0.0212007737608,0.957119850155,0.0122643032678
0.352054270064,0.415884020616,0.16785712475,0.0642045845701
0.0341786478662,0.835931600109,0.0931361553671,0.0367535966577
0.105965445605,0.132631394468,0.728519573759,0.0328835861676
0.0193561519102,0.264845660188,0.0121833205976,0.703614867304
0.152919082583,0.542605476442,0.037377373193,0.267098067782
0.0511952454356,0.550588904585,0.175760351598,0.222455498382
0.299324003754,0.016182251332,0.158105078332,0.526388666582
0.0252780505218,0.195149234309,0.225404476522,0.554168238647
0.181236104825,0.732842391745,0.0438865225252,0.0420349809042
0.3590173441,0.0617889808425,0.460370891501,0.118822783556
0.351024954339,0.0325628288033,0.361035975099,0.255376241759
0.236701911456,0.653717244425,0.0523783237193,0.0572025203998
0.0347192841562,0.0789427838528,0.455242433933,0.431095498058
0.0729743628768,0.842570112645,0.0386500905652,0.0458054339127
0.814095142871,0.0514698244352,0.0887661529566,0.045668879737
0.0436640961438,0.530279710777,0.0434041094583,0.382652083621
0.121650127168,0.168855468767,0.0695429357008,0.639951468364
0.241156661537,0.749683153193,0.000947632347627,0.00821255292158
0.304594147535,0.0737864500889,0.517043590403,0.104575811973
0.00857347579166,0.14199761312,0.732933598672,0.116495312417
0.689686587358,0.227420921351,0.0659338440628,0.016958647228
0.540343860078,0.125084333706,0.0473324865988,0.287239319618
0.288572027618,0.196003720185,0.397438339686,0.117985912511
0.145047108343,0.0337014503618,0.799958832046,0.0212926092498
0.0127259083004,0.00696491028148,0.000458684420152,0.979850496998
0.0553596891594,0.144637619453,0.690896348523,0.109106342865
0.0663992045176,0.584425694619,0.0376413303378,0.311533770526
0.190117308309,0.379185403106,0.115509608477,0.315187680108
0.0198536167507,0.746389398072,0.108631679068,0.12512530611
0.26849011987,0.182146567135,0.0876174825422,0.461745830453
0.134847879747,0.739240680723,0.0662371654998,0.0596742740304
0.196343792456,0.772693251241,0.0217288958623,0.00923406044121
0.0102780496416,0.0181101369314,0.833406925239,0.138204888188
0.0652705582441,0.617627036677,0.0428756413864,0.274226763692
0.100807476809,0.0640724063343,0.454132230242,0.380987886615
0.381528085886,0.116033231526,0.0470404462393,0.455398236348
0.269020665177,0.0214112636808,0.0106820990353,0.698885972107
0.829047257028,0.0267757321951,0.00708715638518,0.137089854392
0.174533380268,0.0603974410429,0.477006543946,0.288062634743
0.41534828516,0.114001933482,0.32216913737,0.148480643989
0.0326296827102,0.876009600714,0.0222630950178,0.0690976215576
0.68624678745,0.181515675518,0.0310256302363,0.101211906796
0.0586837735215,0.317096988701,0.610096691122,0.014122546656
0.018660833904,0.112909933039,0.0336524525579,0.834776780499
0.0784623667559,0.0321734158825,0.0908904936373,0.798473723724
0.501443667938,0.369410645897,0.0248058320682,0.104339854097
0.371518792992,0.0558296809897,0.00593975273918,0.566711773279
0.032056285242,0.0360895111258,0.931612723227,0.000241480405572
0.0838118418877,0.355093635985,0.0438674656087,0.517227056518
0.26775623069,0.155393128956,0.13023355628,0.446617084074
0.440401158307,0.0173935763916,0.0292968629302,0.512908402371
0.550199420219,0.286119475562,0.126654195994,0.0370269082255
0.222252974064,0.152324147725,0.623190938444,0.00223193976763
0.0097444343683,0.55188745262,0.0197945571984,0.418573555813
0.743830595356,0.196884022365,0.0178906856986,0.0413946965798
0.0777970233443,0.803507681216,0.113356236715,0.00533905872477
0.0242077772681,0.949211947374,0.00698888840811,0.0195913869502
0.458670546034,0.119381943508,0.0454720104647,0.376475499993
0.717973903533,0.0458672339452,0.209981809598,0.0261770529234
0.387603594663,0.40755203077,0.00544352133121,0.199400853236
0.323082529743,0.117041656908,0.456484779687,0.103391033661
0.257993660329,0.219388025693,0.378441716321,0.144176597658
0.261973249332,0.215048045034,0.226161894693,0.29681681094
0.0439197539351,0.0198043724526,0.0468946123959,0.889381261216
0.022445772233,0.827349503832,0.0389014654751,0.11130325846
0.0953271639195,0.293365322687,0.580345189865,0.0309623235292
0.248708452337,0.018634127995,0.632636743317,0.100020676351
0.0460996056546,0.0448057952505,6.38147157878e-05,0.909030784379
0.209206203258,0.3983368085,0.28388123497,0.108575753271
0.00278992264305,0.39543451195,0.556950679353,0.044824886054
0.0905382592333,0.264709618821,0.642951675743,0.00180044620275
0.361889125505,0.282303392226,0.153495110436,0.202312371833
0.117552077321,0.155122645966,0.32871470732,0.398610569393
0.306860963335,0.263092024268,0.332653135363,0.0973938770345
0.289324214944,0.0149208802162,0.0604394100079,0.635315494832
0.99802727619,0.000198881002191,0.00109127551314,0.000682567294311
0.706508688182,0.0137550140471,0.0135112726595,0.266225025111
0.291734912183,0.00602749695882,0.599575792009,0.102661798849
0.366247417671,0.54083426831,0.0296148197307,0.0633034942878
0.17371502768,0.306824457269,0.10563768586,0.413822829191
0.192868557222,0.0252480869206,0.0123173064394,0.769566049418
0.334946574966,0.234762947529,0.425676770582,0.00461370692324
0.691065657417,0.0186079540425,0.09812345479,0.192202933751
0.310676110549,0.0520925025137,0.0681859197794,0.569045467157
0.145577211452,0.562200926995,0.123488401749,0.168733459804
0.0717838126272,0.0144919758219,0.113081885007,0.800642326544
0.251389861863,0.409859127874,0.0338319383481,0.304919071915
0.107598355152,0.718870240459,0.1605050644,0.01302633999
0.0866622429281,0.202055422061,0.00934159448838,0.701940740522
0.0878945954832,0.281689879439,0.179974403667,0.450441121411
0.188653792994,0.583530522225,0.146621237572,0.0811944472094
0.082178980656,0.117130980913,0.595265549533,0.205424488898
0.138984412242,0.546138673473,0.293872859217,0.0210040550682
3.94118006807e-05,0.00013248963878,0.163327397303,0.836500701258
0.10697719909,0.406179481464,0.389851313508,0.0969920059389
0.196792129736,0.74574131476,0.0236901299095,0.0337764255941
0.658671391141,0.0292166483689,0.311054016319,0.00105794417175
0.0111656272631,0.0493855353386,0.0022399935433,0.937208843855
0.531662050349,0.169123017849,0.0779512746231,0.221263657179
0.0434079118869,0.524368809344,0.171490806577,0.260732472192
0.930016297806,0.0326053054777,0.0257830675381,0.011595329178
0.155878338244,0.14740780453,0.132199313894,0.564514543333
0.00999521408263,0.580106154577,0.393382428348,0.0165162029928
0.0235478884021,0.916515881707,0.00206767304031,0.0578685568507
0.0930086101379,0.41557484179,0.171058125684,0.320358422387
0.00384813115516,0.0111518379847,0.0139957175832,0.971004313277
0.0907531716621,0.0176575644342,0.308823613726,0.582765650178
0.0508496770605,0.0261009156256,0.902468311991,0.0205810953224
0.405636941507,0.0569266792572,0.500104042964,0.0373323362715
0.187944183517,0.00985983569229,0.629989179072,0.172206801719
0.252118884482,0.0041240068824,0.0957270815445,0.648030027092
0.538922818153,0.191089978565,0.168702667939,0.101284535343
0.00464178035201,0.518268872033,0.184418291839,0.292671055775
0.0617296284854,0.0225143544186,0.00985785671048,0.905898160386
0.0776754967483,0.0999789456095,0.0415162778703,0.780829279772
0.728620852361,0.19947115569,0.0109174291995,0.0609905627494
0.472504481589,0.0062377393344,0.49931454444,0.0219432346368
0.129763319383,0.0371801912969,0.54159632002,0.291460169301