0.199537541149,0.0914224189074,0.00316383199018,0.705876207953
0.0187285674384,0.132436163713,0.0167797245425,0.832055544306
0.114015950901,0.259484375367,0.497123330275,0.129376343457
0.546311752021,0.196712282627,0.171272971167,0.0857029941851
0.731098709409,0.0291356407852,0.238026744622,0.00173890518414
0.823691241155,0.047954611393,0.0853902324209,0.042963915031
0.0394715544717,0.939965975548,0.0203337683562,0.000228701624113
0.511018989892,0.0755816549613,0.268161230815,0.145238124331
0.333801104246,0.182436672204,0.44580575522,0.03795646833
0.153520324254,0.233333907007,0.580256073892,0.0328896948468
0.217618414493,0.577772847324,0.0188341607616,0.185774577422
0.231597789937,0.315872973169,0.25392898118,0.198600255714
0.0729385155163,0.677829678268,0.0900397569261,0.15919204929
0.188483895688,0.318084576314,0.123558281378,0.369873246619
0.23885708846,0.421851893647,0.165511457349,0.173779560544
0.11390375666,0.110223136806,0.655211564445,0.12066154209
0.104789618629,0.373032770965,0.364983387018,0.157194223388
0.705518040536,0.0802487766634,0.196169563571,0.0180636192296
0.138111215182,0.0944987697639,0.591066182856,0.176323832198
0.25609638253,0.206763966603,0.0223669801372,0.51477267073
0.251894757023,0.722530319153,0.00657896004489,0.0189959637791
0.215178768691,0.427802423527,0.0393290259837,0.317689781799
0.274986757713,0.0349034620175,0.0577835138488,0.632326266421
0.0165604205599,0.116217330937,0.713106166564,0.154116081939
0.136415681162,0.0323202756411,0.0138429946983,0.817421048499
0.156465505281,0.0904478395051,0.187768379441,0.565318275773
0.591268872348,0.1066320681,0.177594841779,0.124504217773
0.0377062132696,0.00282682276745,0.127503151617,0.831963812346
0.432953070312,0.0379632620662,0.0159857127897,0.513097954832
0.221686863137,0.260531785192,0.512451758042,0.00532959362846
0.0764597679272,0.0191811591391,0.497240788218,0.407118284715
0.0839734685455,0.0899416708452,0.82077726367,0.00530759693882
0.117288839175,0.147800686265,0.0326031392344,0.702307335326
0.0262066280019,0.0946883891574,0.081397979818,0.797707003023
0.0199737932236,0.593110802862,0.00041184556686,0.386503558347
0.0712218996604,0.674854731433,0.145342461076,0.10858090783
0.228589409153,0.0464823808481,0.447381447642,0.277546762357
0.733518146047,0.0102902387072,0.236022031595,0.0201695836508
0.10667096485,0.344219723203,0.112322144817,0.43678716713
0.252987967296,0.197419205488,0.107734843747,0.441857983468
0.121512477249,0.319022797878,0.0286168515627,0.53084787331
0.0621058612498,0.373760813962,0.0487583518642,0.515374972924
0.00968938700559,0.00467281408651,0.00823081843987,0.977406980468
0.128375656296,0.163481204062,0.357885016725,0.350258122917
0.423339532356,0.164193514612,0.292045381476,0.120421571557
0.0669048010418,0.405238343184,0.527637257521,0.000219598252454
0.508114820927,0.0685650545282,0.0169513476921,0.406368776853
0.208288804384,0.00276712192994,0.0622192163195,0.726724857367
0.323202185816,0.666928951759,0.00481527003942,0.00505359238631
0.0175139964194,0.0150408326592,0.0146826959901,0.952762474931
0.0180564734763,0.215765408816,0.0684375719697,0.697740545738
0.25649251045,0.028717437637,0.140527702588,0.574262349325
0.0181091726078,0.751219836011,0.179575385693,0.0510956056879
0.490897857615,0.00763356085865,0.221549811019,0.279918770508
0.181884245379,0.030662008337,0.643579109735,0.143874636549
0.266531217331,0.106650476198,0.0471141483026,0.579704158169
0.103767327723,0.707539015694,0.0539150847028,0.134778571881
0.0353210924498,0.311516757091,0.407175502026,0.245986648433
0.0165094768744,0.0809460634019,0.878300864724,0.0242435949998
0.0416491710031,0.00109659853964,0.933770770609,0.0234834598483
0.245066645809,0.0965212793879,0.33608684677,0.322325228032
0.075694638225,0.323505823186,0.459814694682,0.140984843907
0.76741198735,0.0675383683704,0.118415702672,0.0466339416074
0.325364179973,0.0643043589945,0.0257751073697,0.584556353663
0.55426920267,0.344346020596,0.0553195209416,0.0460652557919
0.947197114733,0.0279037805371,0.0089230665859,0.0159760381444
0.00256209442574,0.00866593935432,0.970159795489,0.0186121707314
0.00598813338456,0.0539973603391,0.0428695028538,0.897145003423
0.223601954826,0.107685198234,0.270427509488,0.398285337452
0.210586498759,0.479878783977,0.261510506543,0.0480242107215
0.0228783030343,0.157071682045,0.102511257671,0.717538757249
0.0288287813075,0.159607187064,0.389642417232,0.421921614397
0.473902136444,0.197251444849,0.216727963908,0.112118454799
0.000883860839073,0.466325238437,0.00746373668751,0.525327164037
0.743983971105,0.223825858988,0.00994784560879,0.0222423242987
0.599039337197,0.0389985482245,0.189517138433,0.172444976146
0.31366396892,0.33780321788,0.343087853065,0.00544496013429
0.536987230587,0.0495305564219,0.0812607345081,0.332221478483
0.0353977619522,0.519209589895,0.430373859222,0.0150187889311
0.146948143206,0.00702368119608,0.845729913795,0.000298261802295
0.0490448425378,0.0078025788281,0.862225320371,0.0809272582627
0.498589611382,0.0331693933805,0.394172638002,0.0740683572361
0.0237116685415,0.19802222457,0.15364836059,0.624617746299
0.499475686832,0.21791525599,0.133840693579,0.148768363599
0.259696863033,0.0640337200158,0.0341668127055,0.642102604246
0.79277461423,0.100507740899,0.0739507096836,0.0327669351872
0.0111650356218,0.205302053062,0.289896154822,0.493636756494
0.601639595949,0.0605637429816,0.0161707685518,0.321625892518
0.228636262075,0.0920388415655,0.0460413801857,0.633283516174
0.102344157917,0.561319278273,0.244904687158,0.0914318766521
0.0238252603628,0.0277605659059,0.866669291463,0.0817448822682
0.00110429566813,0.128894761965,0.00166119366489,0.868339748702
0.165644249042,0.43381670602,0.356485990508,0.044053054429
0.973969836971,0.00604949527888,0.011375487634,0.00860518011647
0.520817629711,0.188185972052,0.161336149789,0.129660248448
0.112833386387,0.455167867309,0.217782792884,0.214215953419
0.0473877095311,0.687521409086,0.0435099892492,0.221580892134
0.136968736081,0.328939851097,0.036083513579,0.498007899244
0.0416538319281,0.0889579257506,0.663794183517,0.205594058804
0.210009656967,0.0734345480575,0.358462889898,0.358092905077
0.113273352717,0.143416407199,0.670533401162,0.0727768389218
0.0801389581732,0.0480457481028,0.27435852707,0.597456766654
0.41011612641,0.147087515078,0.175290710278,0.267505648234
0.555378219144,0.111157673391,0.309430678287,0.0240334291785
0.177027547145,0.290655681941,0.0808945186377,0.451422252276
0.00896375385885,0.458232149713,0.044269579601,0.488534516827
0.00720655731436,0.00606056603192,0.50514853059,0.481584346064
0.11310336046,0.0318201587926,0.475871146849,0.379205333899
0.0196649939053,0.618381171864,0.331488326493,0.030465507737
0.288374497032,0.0274625921906,0.681262196575,0.00290071420287
0.0257454006595,0.485650171099,0.0646241158333,0.423980312409
0.47483615781,0.283921899422,0.0251134728873,0.21612846988
0.035561120302,0.0325890745707,0.92886573708,0.00298406804754
0.119031442957,0.134539543218,0.00813663939471,0.73829237443
0.0256673756184,0.395208755519,0.090802848388,0.488321020475
0.26765131844,0.140942498553,0.580506550921,0.0108996320852
0.333899536492,0.00286592493014,0.187793000621,0.475441537957
0.220082667148,0.203810534478,0.333299816429,0.242806981946
0.00218756902594,0.996579053342,0.000717034674619,0.000516342957934
0.140562468353,0.0708864730278,0.231716025367,0.556835033252
0.879342678963,0.110151724485,0.00372843415997,0.00677716239139
0.397352472596,0.00161910618677,0.465053371617,0.1359750496
0.604032721874,0.0263684336414,0.336051245497,0.0335475989872
0.870951529493,0.118858526698,0.00782786218645,0.00236208162185
0.188654160692,0.493891584709,0.162000741284,0.155453513314
0.0533582992375,0.0906894797321,0.839746133664,0.0162060873665
0.302357504233,0.11417581733,0.0878700086675,0.49559666977
0.196935100095,0.144700947261,0.355892272789,0.302471679855
0.259021850564,0.184664408296,0.369279865383,0.187033875758
0.0132004078108,0.610860646216,0.00312213863393,0.372816807339
0.907615143624,0.0426400684102,0.035609531178,0.0141352567878
0.150449409565,0.0634138681143,0.527032879944,0.259103842377
0.511710517727,0.419753684184,0.0119165638566,0.0566192342329
0.802761538955,0.0107535071154,0.0177465743188,0.168738379611
0.145385001213,0.29900401867,0.305341901878,0.250269078239
0.0910877752581,0.00254846878764,0.152681688186,0.753682067768
0.74356258106,0.0514052167246,0.070927690962,0.134104511253
0.029028371717,0.0312859962808,0.350973661712,0.588711970291
0.374292928072,0.150472586876,0.0553459886016,0.419888496451
0.0413331793817,0.0706040741798,0.868563462819,0.0194992836192
0.787755284885,0.182195451154,0.0281352853509,0.00191397861023
0.166702704756,0.16463314138,0.54388944143,0.124774712433
0.727107127549,0.080648731141,0.186647780567,0.00559636074323
0.0647744510351,0.178187422121,0.72362834356,0.0334097832831
0.115640872081,0.118325662639,0.076989174221,0.689044291059
0.782974497754,0.00344529727612,0.128368309802,0.085211895168
0.447566441668,0.128002043619,0.202275003611,0.222156511102
0.079195987103,0.345017047644,0.0971035805012,0.478683384752
0.158998446796,0.0589801596557,0.781639364493,0.000382029055721
0.260576954262,0.436699999669,0.0532689727662,0.249454073302
0.0825438168052,0.584863613927,0.308956250779,0.0236363184891
0.0977148718885,0.0828361620311,0.031676475671,0.787772490409
0.655453995525,0.0724463018326,0.0346156440825,0.23748405856
0.0199817709824,0.0229896415573,0.783487335358,0.173541252102
0.202140839591,0.0435749308646,0.339984811609,0.414299417935
0.364089825033,0.000765065251747,0.064312457736,0.570832651979
0.757085138628,0.111939598517,0.00827850943481,0.12269675342
0.909106467921,0.0359972131402,0.00770410075559,0.0471922181829
0.138521859681,0.11605532459,0.0409977462992,0.70442506943
0.718974948783,0.0329531665584,0.032645019525,0.215426865134
0.0454777313814,0.129269109176,0.0952741424115,0.729979017031
0.157604204904,0.192329882045,0.566159703043,0.0839062100083
0.536476771714,0.278577255532,0.011339609595,0.17360636316
0.00535786717956,0.144067256495,0.839489299628,0.0110855766977
0.0388058058585,0.0334931718728,0.0280463193665,0.899654702902
0.335850849815,0.533956555305,0.0468345421608,0.0833580527193
0.0242579054771,0.0232475192875,0.0393481215243,0.913146453711
0.0220539640338,0.0028839581966,9.87210764406e-05,0.974963356693
0.00262453702683,0.586978871574,0.280772172063,0.129624419336
0.55425596473,0.0896553083543,0.33294947329,0.0231392536256
0.00974342999773,0.157818335681,0.711057108183,0.121381126139
0.0105961201108,0.36775638352,0.604797601881,0.0168498944884
0.836732196756,0.0223746972191,0.125325606303,0.0155674997219
0.0452618271471,0.00619441631181,0.510151397656,0.438392358885
0.164746180308,0.134688425109,0.628839985298,0.0717254092854
0.112586728712,0.0868348729169,0.30699609802,0.493582300351
0.0288610179371,0.113781033134,0.116192895795,0.741165053134
0.44998144269,0.0863716006578,0.293852112649,0.169794844004
0.00802957095554,0.0832940110731,0.123413665463,0.785262752508
0.84457086376,0.0704566530467,0.0591646840217,0.0258077991716
0.0267361871696,0.0151850014464,0.695588142771,0.262490668613
7.05020756758e-05,0.504104235059,0.0135598575861,0.482265405279
0.175833111087,0.763074878721,0.0320981934332,0.0289938167586
0.0743527800032,0.620144314486,0.227475721375,0.0780271841359
0.583306253706,0.0660448942022,0.214968373466,0.135680478626
0.177896882047,0.508417022873,0.138307358181,0.175378736899
0.228470012663,0.699287110871,0.00712656952807,0.0651163069383
0.00733808416973,0.0826671848473,0.737707042864,0.172287688119
0.358798144366,0.225699692705,0.35952635617,0.0559758067592
0.545210139189,0.100553269375,0.0990718303228,0.255164761113
0.139527490739,0.0236620163722,0.65369033535,0.183120157539
0.0844131090465,0.138767357193,0.108990218983,0.667829314778
0.784444092972,0.0346144559392,0.144138234728,0.0368032163609
0.0682395289266,0.832489591988,0.0211539434491,0.0781169356363
0.371579963201,0.305515489307,0.190055970274,0.132848577219
0.0216709074225,0.00835561987975,0.967614449388,0.00235902330951
0.274672005591,0.619593044282,0.0420690998613,0.0636658502657
0.00343601288147,0.11120994126,0.748265833007,0.137088212851
0.0012926039339,0.970695486114,0.0150761299063,0.0129357800459
0.419141364751,0.244879637717,0.269519893078,0.0664591044546