0.702801739074,0.0364776294829,0.245114991329,0.0156056401148
0.0138901815048,0.588707560641,0.0746322579354,0.322769999919
0.3385584079,0.477997650454,0.0185331652214,0.164910776424
0.24280527666,0.546345740857,0.195251699487,0.0155972829958
0.139091286575,0.404657730486,0.29716996921,0.159081013729
0.0984579595905,0.154777295377,0.307784061895,0.438980683138
0.149962265284,0.0120660828631,0.538662590325,0.299309061527
0.54674350475,0.0844982781781,0.342011260574,0.0267469564976
0.81023435363,0.167689325922,0.00842286878122,0.0136534516665
0.00783377537535,0.00616730730337,0.484038979755,0.501959937566
0.118148630883,0.56829583152,0.286459169107,0.0270963684903
0.411119315964,0.134930290813,0.293922579637,0.160027813586
0.0586325211177,0.608623435872,0.164996636598,0.167747406413
0.174764766395,0.00994019849143,0.00525341022028,0.810041624893
0.175878279283,0.0454885427711,0.418838473838,0.359794704108
0.929374990626,0.0172750416542,0.0359584731168,0.0173914946033
0.739265538151,0.152557159324,0.0785365413778,0.0296407611472
0.669296253502,0.218462164424,0.0395258212901,0.0727157607837
0.037993554781,0.840935639043,0.0030758090068,0.117994997169
0.188032342129,0.0861525940674,0.0711696560833,0.65464540772
0.198081689585,0.432369016409,0.228607562269,0.140941731737
0.382927925212,0.594823674508,0.00594755577217,0.0163008445079
0.770469736539,0.0326635766466,0.0140260922541,0.182840594561
0.180886346033,0.0245581647423,0.775121299198,0.0194341900267
0.662549558283,0.0194765205511,0.30802054439,0.00995337677559
0.000539246691308,0.00843194953684,0.00307410628837,0.987954697483
0.061479344973,0.196330811513,0.0306465059316,0.711543337583
0.505260663521,0.139211959551,0.229145664558,0.12638171237
0.842177496564,0.0811100465111,0.0170339426001,0.0596785143244
0.00798015100141,0.0379415599871,0.220752363206,0.733325925806
0.10339998266,0.11751345964,0.554624047003,0.224462510698
0.386198366425,0.378722537414,0.0779673401712,0.15711175599
0.12095999446,0.767764642755,0.0288917933435,0.0823835694423
0.825862133253,0.0851408040914,0.0485246760579,0.0404723865977