0.864134219665,0.00361559166322,0.0109588561911,0.121291332481
0.65404523083,0.0156393448359,0.225662209231,0.104653215102
0.204186431449,0.144551925893,0.00682611668244,0.644435525975
0.0541893986199,0.866602694275,0.0291745596707,0.0500333474347
0.709914440781,0.134497988002,0.132892937093,0.0226946341237
0.043628193821,0.344407573272,0.593565732895,0.0183985000123
0.00279834504051,0.986970083014,0.00585144020692,0.00438013173826
0.317749044943,0.240131542808,0.285733733567,0.156385678682
0.697890940872,0.243761017756,0.0230437894698,0.035304251903
0.539145325615,0.0772787747755,0.318557650301,0.0650182493082
0.0163700679459,0.483854695328,0.319205659186,0.18056957754
0.226608036024,0.0710501607001,0.640476083405,0.0618657198711
0.100456562156,0.0519454634576,0.0974861671738,0.750111807213
0.196244414525,0.599629351951,0.0471538617419,0.156972371783
0.0262954641832,0.143138986194,0.808595346473,0.0219702031495
0.136245208491,0.432609292781,0.307518284693,0.123627214035
0.0125814744532,0.142644546223,0.119406625334,0.72536735399
0.14458017388,0.602109742802,0.16284387141,0.0904662119078
0.835655028436,0.00195078779901,0.109760485069,0.0526336986966
0.00718312194874,0.00380723186433,0.801928606276,0.187081039911
0.280437299198,0.119030923314,0.0779860872496,0.522545690239
0.116514716266,0.00877534974945,0.37112362259,0.503586311394
0.239608495471,0.587738682094,0.0418343314329,0.130818491003
0.261999844457,0.550104501291,0.123159342908,0.0647363113441
0.0798327683305,0.844782505595,0.0244313878846,0.0509533381904
0.129428890728,0.0980331158062,0.504092959351,0.268445034115
0.11949578884,0.315086038918,0.564439161343,0.000979010899314
0.0272444630571,0.0453997647358,0.476864539549,0.450491232658
0.522919830936,0.303447356437,0.102838523916,0.070794288711
0.0328787979054,0.258630665043,0.139578272747,0.568912264304
0.0658668154623,0.213225959053,0.708040306127,0.0128669193579
0.507882583939,0.000688830435352,0.0861721960095,0.405256389616
0.0571109883368,0.189743030519,0.614250600721,0.138895380423
0.367587606245,0.00745495528212,0.0746555816448,0.550301856828
0.0606366965523,0.0676057331743,0.641892832006,0.229864738267
0.0813125944149,0.0859868274381,0.818567655951,0.0141329221963
0.19265076973,0.050516369786,0.100741965274,0.65609089521
0.459959256805,0.245376079269,0.0641129807309,0.230551683195
0.314253116211,0.0297057703783,0.612546578825,0.0434945345862
0.0321950253396,0.150779610541,0.544964266084,0.272061098035
0.838261353832,0.0205697919152,0.0186699785976,0.122498875655
0.00731270292981,0.0446153169143,0.00214083548122,0.945931144675
0.0568308155895,0.767266428493,0.148381071807,0.0275216841111
0.225939888578,0.0517281918824,0.692495413456,0.029836506083
0.0170518099428,0.000405976161854,0.959612102392,0.0229301115031
0.0714374173241,0.361586004721,0.123522367703,0.443454210252
0.0324254151854,0.223093154273,0.607937222537,0.136544208005
0.0440731773502,0.312691743803,0.527618427016,0.115616651831
0.243958142193,0.75298029146,0.0016190575008,0.00144250884648
0.659691724217,0.23314605179,0.0951460591839,0.0120161648099
0.0110538810466,0.001604453925,0.965230597781,0.0221110672475
0.182834873654,0.154293286981,0.65361454987,0.00925728949403
0.139129120253,0.324957494761,0.241988769104,0.293924615881
0.226134428054,0.405784130818,0.279652514343,0.0884289267847
0.0245290785314,0.463481842904,0.0771006773478,0.434888401217
0.144856134924,0.295378333917,0.0623561090664,0.497409422092
0.787905056082,0.0529497689169,0.135136332939,0.0240088420618
0.0845172648233,0.37440947078,0.332847105228,0.208226159169
0.365631422269,0.00529261776026,0.0641415072918,0.564934452679
0.00477757140679,0.0960035020071,0.898713940345,0.000504986241172
0.72590635813,0.00645478396236,0.153660775336,0.113978082571
0.00480686649596,0.706359506473,0.0738610375477,0.214972589484
0.311307723463,0.628338431021,0.0220991893888,0.0382546561273
0.0468075809975,0.044477368958,0.902691672562,0.00602337748234
0.320869113104,0.391125062478,0.16844018114,0.119565643279
0.444699916582,0.347777845254,0.0763087880766,0.131213450087
0.344634727971,0.00336120313686,0.0276542452377,0.624349823654
0.389859539828,0.0104349005414,0.560335900539,0.0393696590908
0.0751066320299,0.815247502668,0.0802282712132,0.0294175940889
0.043984720802,0.865015268753,0.0481667635098,0.0428332469348
0.0701983763771,0.800867158292,0.0123175990181,0.116616866313
0.635080521588,0.183347750661,0.099923761909,0.0816479658416
0.0832887498626,0.856053551148,0.0361943602914,0.0244633386978
0.45651414695,0.0207087600867,0.22309317701,0.299683915954
0.0764503191336,0.645569064737,0.180918086166,0.0970625299635
0.750201909315,0.202270344817,0.0433353473728,0.00419239849496
0.0740631788215,0.100103462181,0.514080476132,0.311752882865
0.159934196334,0.000720653294417,0.545377070041,0.29396808033
0.37262627513,0.0169164109014,0.460881785056,0.149575528912
0.850384744837,0.00944326726094,0.0786541638051,0.0615178240966
0.410678460426,0.215954051868,0.227036122387,0.146331365319
0.0154443573609,0.89990778661,0.0812390554737,0.00340880055588
0.976498317715,0.0118948182839,0.00446406953807,0.00714279446309
0.220034908223,0.00847972474676,0.461431354734,0.310054012296
0.0965036740879,0.126946508393,0.00422267759019,0.772327139929
0.00089337483677,0.000585443883008,0.0412590762445,0.957262105036
0.0821176532056,0.0867336696722,0.0907003146573,0.740448362465
0.287387659654,0.0770480020037,0.221627825788,0.413936512554
0.357148655998,0.0553855486787,0.359564116065,0.227901679258
0.0229220793666,0.252103724019,0.124696754398,0.600277442216
0.222383863462,0.0840056563841,0.581225901527,0.112384578627
0.0846273600561,0.63367236219,0.219584068062,0.0621162096917
0.626489552548,0.246077487573,0.115802132657,0.0116308272218
0.324714581157,0.0326948721081,0.0242785182225,0.618312028513
0.441004667254,0.273907653038,0.202492982876,0.082594696832
0.858664210901,0.000279905561459,0.0371190871475,0.10393679639
0.354178049438,0.153193275901,0.0756313627488,0.416997311913
0.665733642509,0.000278512816035,0.332784171886,0.00120367278889
0.466748269949,0.238605859281,0.25019007745,0.0444557933201
0.0169613005474,0.194481242839,0.280699128279,0.507858328335
0.147904992029,0.710752859028,0.0104673299125,0.13087481903
0.106729182881,0.0749056558348,0.234286853423,0.584078307861
0.194228192014,0.0378903667571,0.669910656081,0.0979707851478
0.596496293765,0.0664868688776,0.28424498295,0.0527718544073
0.115771950372,0.176136638593,0.0985399811558,0.609551429879
0.147003029246,0.0112791450292,0.0128111321528,0.828906693572
0.250370197439,0.0211352729553,0.621297081738,0.107197447868
0.389275700257,0.178062903759,0.310530128386,0.122131267598
0.781397743835,0.0320317956473,0.155128888821,0.0314415716967
0.818275153926,0.0720460455975,0.104791137871,0.00488766260459
0.0596362229941,0.218485542531,0.058717599708,0.663160634767
0.0564787235492,0.850782561617,0.000950921660541,0.0917877931732
0.00133663570334,0.00577742142838,0.949288396032,0.0435975468367
0.0275129260909,0.891615482912,0.0247242556451,0.0561473353523
0.639512869751,0.249111911724,0.0476203134014,0.0637549051235
0.0816792904272,0.898284310612,0.00945227634317,0.010584122618
0.246692228731,0.114238765662,0.631354906886,0.00771409872014
0.0440313397706,0.648168722087,0.207474822972,0.10032511517
0.0417903605936,0.166026425822,0.049509857414,0.74267335617
0.571325747411,0.179881887329,0.190716204947,0.0580761603137
0.0310133676444,0.268735748286,0.120038271822,0.580212612248
0.541460199656,0.0188876310404,0.347844837629,0.0918073316738
0.116829060863,0.882305902545,5.27542615762e-05,0.000812282330684
0.0719828387275,0.552878525791,0.0177176585813,0.357420976901
0.147797307927,0.353272177311,0.357651794649,0.141278720114
0.592694721409,0.175992018574,0.201752008076,0.029561251941
0.305867153652,0.434061066885,0.234783932319,0.025287847144
0.0759079633919,0.0771254776213,0.560498297032,0.286468261955
0.149376398474,0.42259660025,0.250108200809,0.177918800468
0.257271461943,0.0343358026538,0.0431623781167,0.665230357286
0.387910927579,0.0212921524765,0.138950996486,0.451845923458
0.269372220938,0.49304000722,0.0335136059312,0.204074165911
0.45580219591,0.28555217759,0.188641334967,0.0700042915327
0.802367339855,0.132526793034,0.0399295561416,0.0251763109694
0.79762424375,0.107998144134,0.0933407661287,0.00103684598749
0.0820869863472,0.0490541970837,0.000217667002873,0.868641149566
0.0290626668076,0.0490334860609,0.684792464938,0.237111382194
0.215814466435,0.00253015449895,0.00185793700568,0.77979744206
0.102263500495,0.12272598392,0.641021660156,0.133988855429
0.155390092745,0.656973109135,0.182113210811,0.00552358730985
0.585129384123,0.393859635878,0.0187031354453,0.0023078445539
0.0501954479886,0.0860136012062,0.0796406599187,0.784150290887
0.590417540528,0.0868446057463,0.202352511923,0.120385341803
0.251987473555,0.000611573883524,0.129414004719,0.617986947842
0.389183883038,0.0916074034307,0.0445893253061,0.474619388225
0.0622147535377,0.00835240559515,0.716672658873,0.212760181994
0.118517994949,0.881090862597,0.000350087147183,4.10553067082e-05
0.185415593634,0.153523734629,0.270360644239,0.390700027499
0.0290555052722,0.00173408193652,0.967353184092,0.00185722869889
0.0576173949251,0.746107208663,0.127389683136,0.0688857132763
0.458151676412,0.400045031394,0.00117039459303,0.140632897602
0.742294335716,0.212084334739,0.00616449880523,0.0394568307398
0.840590149637,0.100607159285,0.0349907314818,0.0238119595959
0.866476727107,0.0923382364189,0.0408632037774,0.00032183269662
0.202860099255,0.166321775811,0.292510689578,0.338307435355
0.105801568174,0.750186291488,0.0438599921305,0.100152148207
0.447675880691,0.039629157307,0.504323860315,0.00837110168737
0.7329206712,0.138239465554,0.0754201366348,0.0534197266108
0.995543703612,0.00386533116709,1.92708503694e-05,0.000571694370116
0.197954248224,0.0209550028676,0.113134717856,0.667956031052
0.0438595119062,0.0701606703108,0.539721529071,0.346258288712
0.135441930628,0.167616682679,0.0947451464561,0.602196240237
0.429567888899,0.184933058789,0.159172853789,0.226326198523
0.406432407646,0.308047079151,0.272142819962,0.0133776932409
0.10795578836,0.8447921793,0.00840842431774,0.0388436080228
0.0610022346395,0.687643159114,0.143811385386,0.107543220861
0.876293393261,0.00745870261836,0.0122209321749,0.104026971946
0.00652000648993,0.819773346095,0.168994833762,0.00471181365339
0.250387250421,0.194140362892,0.472209025487,0.0832633612001
0.649429083063,0.345352740885,0.00287784014606,0.00234033590549
0.117208142233,0.622578605845,0.0620933382654,0.198119913656
0.141946996934,0.723809198128,0.0144560862136,0.119787718725
0.884601086081,0.0200301166503,0.00134086455059,0.0940279327181
0.146026866058,0.184711154537,0.112763972838,0.556498006567
0.00199016189356,0.0457258886082,0.00715069897383,0.945133250524
0.797506614182,0.0218938800828,0.178836769522,0.00176273621318
0.0538386938823,0.323647325448,0.595622496294,0.0268914843765
0.232586860002,0.0338519504454,0.0953394489957,0.638221740557
0.400473295021,0.00496099118361,0.41326816892,0.181297544875
0.503742238386,0.0027962480181,0.32730802419,0.166153489406
0.981682433251,0.000554031422757,0.00296514178807,0.0147983935382
0.00465197717601,0.0955306010425,0.89328063794,0.00653678384189
0.47031777637,0.0642887394209,0.395281500038,0.0701119841716
0.0392276559895,0.0424028864559,0.0200184938889,0.898350963666
0.0435680845378,0.045657827847,0.90693068333,0.00384340428535
0.159775840147,0.268492011415,0.112074082231,0.459658066207
0.129281091619,0.438187561531,0.158403745622,0.274127601228
0.0978264889989,0.347671718581,0.163848327638,0.390653464782
0.0665359160837,0.197139032604,0.721319755321,0.0150052959906
0.0267764609738,0.677159253046,0.103164533353,0.192899752627
0.728052444066,0.00255913207513,0.26594837686,0.0034400469989
0.00840655473519,0.0291314777288,0.021653972709,0.940807994827
0.348841913734,0.577790293358,0.0211549461556,0.0522128467525
0.242481660988,0.471076083647,0.197093001672,0.0893492536929
0.104748209336,0.282963930006,0.491134752432,0.121153108227
0.000511764494879,0.00748225596326,0.165217146053,0.826788833489
0.274133809672,0.0597066497296,0.654657797527,0.0115017430712
0.0972838178371,0.790800849364,0.00953712213193,0.102378210667
0.00538112778496,0.0147807494294,0.923459010098,0.0563791126874
0.280534190583,0.19211575546,0.0777359547165,0.449614099241