0.20235219921,0.00668533070537,0.527782691952,0.263179778133
0.383570759262,0.24094929989,0.286839747822,0.0886401930248
0.503771251868,0.301363003342,0.155541855502,0.0393238892877
0.268363250067,0.0864076185379,0.345921141688,0.299307989707
0.171756308674,0.292199551879,0.500397717766,0.0356464216804
0.0913047023012,0.117203909833,0.522752861248,0.268738526618
0.166551185501,0.227999924398,0.251132087256,0.354316802845
0.250723153582,0.0402504809074,0.047372214433,0.661654151077
0.253076486558,0.145310033749,0.216144687118,0.385468792575
0.293507460964,0.438985588907,0.169416635956,0.0980903141735
0.463056011001,0.0303764129937,0.36231628744,0.144251288566
0.0693006305604,0.36122952481,0.427799625858,0.141670218771
0.0323398658647,0.689347866544,0.106507393517,0.171804874075
0.0629176071791,0.199898287452,0.00502982820908,0.73215427716
0.225402164563,0.660880190963,0.0667634996479,0.0469541448261
0.262106166711,0.355277430553,0.249948783864,0.132667618872
0.641416734027,0.0188448201044,0.155613852924,0.184124592944
0.294095627162,0.030167540859,0.413639617294,0.262097214685
0.728743066017,0.0512645855568,0.219715073288,0.000277275139138
0.0394870819699,0.626694180926,0.260479643838,0.0733390932664
0.0881529549634,0.0862943344838,0.472133300533,0.35341941002
0.181972534003,0.787308247669,0.0255943030499,0.00512491527766
0.258778579016,0.0769561007711,0.528630671509,0.135634648703
0.120966371791,0.0300890383097,0.142777680874,0.706166909026
0.176388738449,0.571132333033,0.242097334777,0.0103815937405
0.00660735713094,0.0159619960929,0.514840471812,0.462590174964
0.61768794828,0.05659067393,0.100227726898,0.225493650891
0.0581244369553,0.581068402248,0.166356679904,0.194450480893
0.269519977724,0.68367650715,0.031433123114,0.0153703920122
0.0291626812782,0.0888924267493,0.0659779434416,0.815966948531
0.37799817427,0.160015238437,0.397186635326,0.0647999519662
0.0127859646463,0.0612204757458,0.896164175296,0.0298293843115
0.153738813784,0.304724982939,0.363195965399,0.178340237877
0.322876414768,0.479069572369,0.0906835931771,0.107370419686
0.0759094896103,0.00203062729094,0.477646808059,0.444413075039
0.621270212177,0.123818348285,0.155740329796,0.0991711097409
0.1099345511,0.00311478136734,0.000159063724765,0.886791603807
0.076824964786,0.556935255563,0.304941031854,0.0612987477969
0.0208518086641,0.0222655457143,0.00436843566047,0.952514209961
0.286400699011,0.650754020354,0.026827113153,0.0360181674827
0.417752775804,0.00746389140622,0.111248769879,0.463534562911
0.0189362844386,0.971856630176,0.000856059012792,0.00835102637278
0.0436507779106,0.0201156446581,0.00492792152784,0.931305655903
0.199688516164,0.168417156705,0.556865064934,0.0750292621969
0.0552226320405,0.698367144846,0.0431818327152,0.203228390399
0.0765956025513,0.0580580574356,0.863286094712,0.00206024530093
0.119306049275,0.525107278483,0.179526640274,0.176060031968
0.430829977294,0.116435637214,0.0876132090646,0.365121176428
0.000380023485854,0.00152111991111,0.0378067038068,0.960292152796
0.29806177512,0.0863275245229,0.394382160587,0.221228539771
0.325429012823,0.0368309609572,0.0328034331443,0.604936593075
0.826821902735,0.082226643681,0.00414889395386,0.0868025596303
0.0625516916076,0.0402760753766,0.678410491113,0.218761741903
0.472887645768,0.0226867924511,0.148786309374,0.355639252406
0.718253728661,0.0047231143875,0.00709136983261,0.269931787119
0.0637089452565,0.053619957567,0.00929594243341,0.873375154743
0.405867806505,0.491647101683,0.0198307380445,0.0826543537679
0.0175460417614,0.961975975819,0.0141692699149,0.00630871250482
0.269386645176,0.317403599546,0.149197054431,0.264012700848
0.973564125896,0.02149935837,0.00446736578337,0.000469149950737
0.133491344684,0.504033691219,0.306154653148,0.0563203109487
0.58050405473,0.00217943669655,0.234177679592,0.183138828982
0.442793035333,0.356296667712,0.173739823604,0.0271704733508
0.0113873526178,0.0122185891926,0.876545226276,0.0998488319139
0.594246348564,0.0817849116255,0.306426259789,0.0175424800211
0.00597098014953,0.488879093102,0.0875291628369,0.417620763912
0.080548538972,0.893536962122,0.0198765918103,0.00603790709524
0.0984166081372,0.0887789996186,0.0559280597457,0.756876332499
0.0894415032414,0.361251915316,0.394569274963,0.15473730648
0.27549050913,0.109663441186,0.178482927343,0.436363122341
0.0920051473006,0.579899237647,0.0558431413633,0.272252473689
0.306624023309,0.0217698734677,0.664196981843,0.00740912138049
0.00227486280692,0.000675190623946,0.0296166951744,0.967433251395
0.1266381884,0.602708022363,0.0171972810715,0.253456508165
0.358809694036,0.168877516434,0.295386088983,0.176926700547
0.0187085112739,0.968347375433,0.0102210980616,0.00272301523136
0.0794275203456,0.0489047994826,0.820753430611,0.0509142495611
0.634775764697,0.0256736590159,0.323736131256,0.0158144450311
0.774793434348,0.00232559673241,0.219463227516,0.00341774140367
0.670305118762,0.044097739446,0.00566728402392,0.279929857768
0.0461668536942,0.0382329446126,0.831502049464,0.0840981522292
0.174917736945,0.755979115604,0.0559609110715,0.0131422363797
0.180438215973,0.563103753716,0.178922852938,0.0775351773731
0.102961398607,0.457045017018,0.258641668796,0.181351915579
0.735349738025,0.0789503129422,0.172891685673,0.0128082633605
0.515385455252,0.0238287646251,0.419863392157,0.0409223879662
0.141532479083,0.248643572597,0.226973475781,0.382850472538
0.835488778741,0.114606399192,0.0341232041662,0.0157816179013
0.00585892105861,0.905781490236,0.0763409395495,0.0120186491558
0.0141938345553,0.279637734852,0.674242062918,0.0319263676738
0.139021007992,0.0905025375274,0.671523598218,0.0989528562623
0.0876084795118,0.00564470008985,0.906547983859,0.000198836539569
0.352965122554,0.141880034062,0.500331055334,0.00482378805094
0.520274770045,0.160198010065,0.264841282545,0.0546859373448
0.00161715339482,0.00635294262256,0.990451417444,0.00157848653879
0.0362455709847,0.800834068609,0.0473703904798,0.115549969927
0.193048690856,0.469498363553,0.290525068621,0.0469278769703
0.0250054398751,0.0107046156681,0.00572554021923,0.958564404238
0.0311034603241,0.589179411458,0.2089084909,0.170808637318
0.0496905206999,0.237219939388,0.221999214528,0.491090325384
0.137748956418,0.0983115892818,0.700274603416,0.0636648508847
0.229599599922,0.532133110636,0.106682449481,0.13158483996
0.184240176078,0.0125097646474,0.179124038065,0.62412602121
0.0567349680811,0.230641470716,0.27569389204,0.436929669164
0.296253803673,0.112917892252,0.135985446525,0.45484285755
0.3018970294,0.318291551834,0.0160102136656,0.3638012051
0.132519942564,0.00964218455561,0.684288607784,0.173549265097
0.209118829139,0.17212789053,0.615446884718,0.00330639561286
0.0207501863109,0.173237298903,0.22391323662,0.582099278166
0.0293768626018,0.0503281268805,0.863174302656,0.0571207078616
0.59122244557,0.0135233853194,0.192620642687,0.202633526423
0.0956423659686,0.10362976744,0.151309328205,0.649418538386
0.0798919495006,0.741186795084,0.0605394001671,0.118381855248
0.796798325538,0.0756233261426,0.086993337742,0.0405850105777
0.00917393355571,0.277415046506,0.572935062853,0.140475957085
0.11368570655,0.138196750385,0.695441033305,0.0526765097604
0.0576785283667,0.00233741518137,0.0385239319365,0.901460124515
0.817962639018,0.00402151949698,0.00268911765453,0.17532672383
0.193800361828,0.651894919031,0.0800067635854,0.0742979555561
0.241986155406,0.079440087631,0.596054829253,0.0825189277109
0.0220780606901,0.0479222427654,0.924380006999,0.00561968954512
0.0551633450189,0.220446538638,0.718102340738,0.00628777560561
0.0652797974116,0.182070303139,0.0693796214956,0.683270277954
0.208938159439,0.203244669018,0.360557576437,0.227259595106
0.731102612655,0.0917600827111,0.0410830168109,0.136054287823
0.773318636316,0.126296075775,0.00859444066966,0.0917908472391
0.776527913061,0.0482309307231,0.00951160367341,0.165729552543
0.0122944107447,0.530859198965,0.209813410257,0.247032980034
0.23320053049,0.0591953572158,0.603937140792,0.103666971502
0.112607316881,0.0129675754247,0.672522167245,0.201902940449
0.7173982175,0.0324830030229,0.242237893411,0.00788088606564
0.940477080425,0.0360876647183,0.0162508644088,0.00718439044784
0.484644208897,0.162893244985,0.0245436581838,0.327918887934
0.00284264738787,0.0285569829931,0.266582551922,0.702017817697
0.71067207636,0.21823353879,0.0368308220449,0.034263562805
0.305674624104,0.0261606604348,0.629151313349,0.0390134021117
0.952169617854,0.0294728452903,0.0112912567742,0.00706628008109
0.0870601403387,0.241408462872,0.121373941074,0.550157455716
0.742677596216,0.128432966313,0.105355816685,0.0235336207862
0.189707062112,0.335504319634,0.159502484946,0.315286133307
0.00194159001763,0.00479002029801,0.588112871066,0.405155518618
0.0165109033706,0.284444855698,0.698051471599,0.000992769332163
0.481046897391,0.287395624459,0.122978094281,0.108579383869
0.0768249589736,0.904455806733,0.000206663709474,0.0185125705837
0.0594172182724,0.396527899783,0.266109358248,0.277945523697
0.391477144053,0.337540794075,0.245021560073,0.0259605017985
0.469919550892,0.0525924501067,0.376113001996,0.101374997006
0.021062117289,0.410571569068,0.433802323487,0.134563990156
0.0195235509322,0.925866580724,0.0448630634681,0.00974680487575
0.0326288177972,0.495511190137,0.104899635244,0.366960356822
0.063681053011,0.257923186264,0.506138474357,0.172257286368
0.0126794640999,0.676761917891,0.0196025637197,0.29095605429
0.000605930696686,0.940924232595,0.00732929758887,0.0511405391197
0.707595230282,0.05346942356,0.0763641766297,0.162571169529
0.185432039019,0.145666976301,0.104432939146,0.564468045534
0.140268389736,0.42947725483,0.0670492699255,0.363205085508
0.0488531715265,0.779465619223,0.0391229981407,0.13255821111
0.478491646798,0.179948522579,0.00297916092604,0.338580669697
0.396316524329,0.169015042908,0.014312519891,0.420355912872
0.00225376415218,0.0562513075031,0.362156785441,0.579338142904
0.782188349025,0.011253660718,0.0945402214378,0.11201776882
0.0560494329727,0.0980624569702,0.113874238196,0.732013871861
0.00130836899989,0.00274547162299,0.505631821751,0.490314337626
0.00607425210534,0.00119539171646,0.96880746959,0.0239228865883
0.0864585335371,0.167636516647,0.62055904066,0.125345909155
0.258699225152,0.498205908023,0.0274436653657,0.21565120146
0.478390080082,0.095347189447,0.258279554623,0.167983175849
0.0829098231874,0.766145869451,0.118658468921,0.0322858384407
0.161666892451,0.40599931213,0.046245961769,0.386087833651
0.12204582773,0.292218753265,0.398259772153,0.187475646853
0.0785700726067,0.069834352124,0.792764769866,0.0588308054036
0.300937267468,0.132320018596,0.397191206962,0.169551506975
0.218745563053,0.681866352361,0.0228241331073,0.0765639514783
0.114501668823,0.0525580102648,0.0178753772934,0.815064943619
0.434041040912,0.0441470014717,0.171576729817,0.350235227799
0.124301815544,0.0154149690051,0.427390646244,0.432892569206
0.0656772549666,0.565596805624,0.117469178263,0.251256761146
0.099058900385,0.222399938618,0.0594239317811,0.619117229216
0.237588726009,0.603023273997,0.00369936516689,0.155688634827
0.919220952891,0.00828203455592,0.0603283073553,0.0121687051974
0.0119395973549,0.0910367716576,0.868396454031,0.0286271769565
0.29400542219,0.13298451026,0.301620193669,0.271389873881
0.382676299545,0.219991945096,0.317600610443,0.0797311449157
0.39916422197,0.0867653784914,0.24160872174,0.272461677798
0.0701927762596,0.0671216815036,0.621942016525,0.240743525712
0.707168108668,0.0138668794332,0.183393825159,0.0955711867392
0.157245261728,0.19534332169,0.193023834186,0.454387582396
0.342280612295,0.61286608353,0.00738168083989,0.0374716233354
0.34657984947,0.0446632000167,0.0641851399838,0.54457181053
0.0322859308416,0.645044126307,0.320230967855,0.00243897499678
0.259123195878,0.0449775843619,0.0404300691604,0.6554691506
0.022290519268,0.0491898775827,0.00389303593754,0.924626567212
0.838381024517,0.0726472421143,0.0727513752628,0.0162203581058
0.415433009223,0.166362320943,0.343851298765,0.0743533710688
0.503724038215,0.165197769274,0.206832299193,0.124245893319
0.0198334436636,0.795840596689,0.162009527022,0.0223164326252
0.22095475569,0.200932465243,0.568486949703,0.00962582936406
0.107769171936,0.0248610169997,0.776503582076,0.0908662289884
0.00511941336999,0.423019381314,0.541594754523,0.0302664507925
0.0201418989369,0.0105445310157,0.958839695595,0.0104738744521