0.284889544282,0.0201300781485,0.0115864352688,0.6833939423
0.0268348641227,0.904191352476,0.0190076718094,0.0499661115923
0.704117904949,0.276050170679,0.00421397435588,0.0156179500162
0.70719688157,0.00307441970916,0.101473614229,0.188255084492
0.662296868194,0.0671594735322,0.194959843877,0.0755838143975
0.28418919342,0.00880176112295,0.013440401786,0.693568643671
0.0287112760825,0.685052523995,0.0083360648048,0.277900135118
0.404014685013,0.245128395583,0.32607292219,0.0247839972139
0.664691066329,0.270494962933,0.0480896567569,0.0167243139812
0.553941942146,0.176320297248,0.0203128975771,0.24942486303
0.158449051074,0.674699638184,0.00796358267139,0.158887728071
0.0636086825585,0.0800868705722,0.345051245293,0.511253201577
0.0214679125801,0.087943788634,0.886220385521,0.00436791326525
0.0875750334908,0.570102325828,0.000624205913555,0.341698434767
0.849548119875,0.0644359089653,0.0786720884721,0.00734388268743
0.356220146725,0.0820518223674,0.047256363857,0.51447166705
0.0363522681553,0.0455984544054,0.737477631201,0.180571646239
0.802950198694,0.00131938628896,0.00465089029504,0.191079524722
0.0718096188486,0.016914001587,0.547050446781,0.364225932783
0.0072424890889,0.218787137034,0.758461388024,0.0155089858529
0.034925296572,0.0703634314279,0.834696683946,0.0600145880538
0.0132544069797,0.225865422454,0.661623795175,0.0992563753917
0.283445147935,0.392408841261,0.288538331732,0.0356076790711
0.0546915364158,0.594980566686,0.0659999239804,0.284327972918
0.0105523742845,0.517041666043,0.340893366514,0.131512593159
0.0207365625652,0.922174089266,0.022630309814,0.0344590383547
0.0956248876863,0.549618809148,0.259114602913,0.0956417002535
0.0324207668075,0.279155494171,0.00226142350071,0.68616231552
0.451935846712,0.242346214537,0.0386544768822,0.267063461869
0.000183346817985,0.0313324534175,0.00625088544804,0.962233314316
0.000410673959785,0.969395931355,0.0105664645493,0.0196269301363
0.112119168926,0.383331993256,0.220074412773,0.284474425044
0.67185853814,0.118596404247,0.0278442359598,0.181700821653
0.0781311436394,0.0447227665466,0.431584036097,0.445562053717
0.0458599637208,0.191485872915,0.4109860494,0.351668113965
0.21481645443,0.210331237504,0.408477515957,0.16637479211
0.708418205562,0.0121600335944,0.224752103761,0.0546696570829
0.229338227246,0.698327197088,0.0486980221682,0.023636553498
0.0608587055865,0.0284836661667,0.628727276728,0.281930351519
0.0390807570842,0.0744343060818,0.874783827133,0.0117011097011
0.308689735805,0.274217176224,0.363379217108,0.0537138708623
0.173759921572,0.00513184954064,0.00161158662877,0.819496642258
0.222735044959,0.0530995080455,0.192631957727,0.531533489269
8.59661423548e-05,0.904538139678,0.0782098562183,0.0171660379615
0.00677854746068,0.346327139415,0.524459878345,0.122434434779
0.0540937811122,0.0612101573008,0.728106669649,0.156589391938
0.0493455530522,0.36536816257,0.191367457135,0.393918827243
0.08552549097,0.0166206431095,0.175765107553,0.722088758367
0.0167219093301,0.0305155313449,0.935076509401,0.0176860499245
0.0495600375527,0.220882077553,0.349791434975,0.379766449919
0.0223018230433,0.0572866013873,0.529511294032,0.390900281538
0.248795665144,0.071294568581,0.19247967562,0.487430090654
0.131922954719,0.146822956862,0.697641047584,0.0236130408356
0.448685039068,0.0268445787058,0.0255934874404,0.498876894786
0.193491010514,0.120162623608,0.662303183603,0.0240431822745
0.240823301481,0.365502328366,0.0270193703581,0.366654999796
0.374488228882,0.0177242843195,0.121124266876,0.486663219922
0.982643626537,0.0147509917881,0.00105446506277,0.00155091661243
0.344498401618,0.0561648166621,0.0968395997859,0.502497181934
0.439510004831,0.0824978657368,0.328049009976,0.149943119456
0.184725035863,0.160286213623,0.422991918651,0.231996831863
0.00558745622246,0.00325884364606,0.00558010403315,0.985573596098
0.281107689119,0.0496270927229,0.189370792473,0.479894425686
0.131520578936,0.111476249164,0.594121660174,0.162881511726
0.312934150127,0.115824715492,0.541604875308,0.0296362590729
0.682663226379,0.00927036535235,0.304496414395,0.00356999387289
0.0884564381789,0.0212851979677,0.781409019744,0.10884934411
0.40355050983,0.091031722827,0.0845500041145,0.420867763228
0.786846589211,0.0470580872222,0.137072896204,0.0290224273629
0.378210951445,0.150251043472,0.0637243335186,0.407813671564
0.0459222020706,0.244848598953,0.34177337854,0.367455820436
0.327057821374,0.295611761733,0.273626462489,0.103703954404
0.0348557257262,0.163619538989,0.623947513693,0.177577221592
0.966610835391,0.00248041368107,0.00811339445045,0.0227953564779
0.137524898975,0.0487528571035,0.766290674877,0.0474315690445
0.344895809627,0.0681719105091,0.0381849674795,0.548747312384
0.0318345208191,0.068931428527,0.33328210318,0.565951947474
0.225614284639,0.00246328885925,0.152850615375,0.619071811127
0.0246513048436,0.279997827825,0.0621058857572,0.633244981574
0.540663293594,0.0083904085001,0.362192449418,0.0887538484882
0.0722698820454,0.0346252457711,0.860879000183,0.0322258720007
0.30734393567,0.0811983389556,0.0875655090009,0.523892216374
0.0299169947515,0.139732415583,0.0738363323605,0.756514257305
0.000287960970568,0.248379712279,0.412371127317,0.338961199433
0.312226617354,0.0140299434102,0.263714094011,0.410029345224
0.179355342166,0.0532412163012,0.711694272473,0.0557091690599
0.292363415559,0.149529303567,0.234681955067,0.323425325806
0.0589803515216,0.0279221253607,0.165311978311,0.747785544806
0.503504986227,0.000863776522275,0.000548502295803,0.495082734955
0.316144686414,0.0228206717633,0.0303265569648,0.630708084857
0.435012992447,0.200178010145,0.24224476811,0.122564229298
0.0458961545448,0.197885199189,0.590894425611,0.165324220655
0.0888774903052,0.0754734425835,0.0544626040006,0.781186463111
0.00725844239411,0.0729741932601,0.0344875267307,0.885279837615
0.00345155894653,0.00799167279705,0.00125657303887,0.987300195218
0.655383091713,0.172932948638,0.0440218684457,0.127662091203
0.102710766208,0.396404817677,0.173955911925,0.32692850419
0.0640076111799,0.69341036466,0.125991874101,0.11659015006
0.0838739372539,0.321350386529,0.0675913080541,0.527184368163
0.0317246972768,0.242494112028,0.0446646025805,0.681116588115
0.023427879006,0.435522122312,0.526140452817,0.0149095458646
0.130504432648,0.00744452934291,0.0743201923118,0.787730845697
0.0088814777443,0.974344736038,0.00786806389046,0.0089057223268
0.168092837531,0.130187854865,0.0759658777824,0.625753429822
0.37952781416,0.124877771288,0.359744810954,0.135849603597
0.937836204001,0.0015411182794,0.00490127351673,0.0557214042031
0.0252265041974,0.952684050091,0.0128921447894,0.00919730092205
0.00364260938316,0.0134173832573,0.781299698841,0.201640308519
0.136238078267,0.677387711453,0.150970758587,0.0354034516927
0.0518716295683,0.0679453258917,0.177013829752,0.703169214789
0.663655661506,0.284105771762,0.00162620372165,0.0506123630107
0.030330511583,0.9090876539,0.0534213778076,0.00716045670961
0.176682511327,0.165738363796,0.253820308592,0.403758816285
0.0891619886332,0.205386557895,0.700512342163,0.00493911130888
0.114997626213,0.388166401796,0.0625532737997,0.434282698191
0.0239099293416,0.0733822709714,0.213700520539,0.689007279148
0.00703786635404,0.0719021946961,0.85114009579,0.0699198431595
0.30002572999,0.186072289898,0.194818866627,0.319083113485
0.0583249747535,0.00839000339836,0.0640517401784,0.86923328167
0.113697341126,0.214440514964,0.530700968208,0.141161175702
0.812315025538,0.052872583637,0.133455296755,0.00135709406957
0.0154055012765,0.209084509277,0.73603440412,0.0394755853267
0.332945002593,0.148487525203,0.454582042756,0.0639854294467
0.112333057342,0.813874560922,0.0442184965111,0.0295738852249
0.0146050990691,0.556645543591,0.0954027231065,0.333346634233
0.0167918336126,0.206014342157,0.145421888292,0.631771935938
0.54495266751,0.37475402718,0.0118841322281,0.0684091730819
0.700236062862,0.222917794604,0.0100346051369,0.0668115373966
0.202758092148,0.113785495917,0.396914883663,0.286541528272
0.194519546132,0.67214835259,0.0402187582274,0.09311334305
0.00722319562878,0.842398628084,0.104088479995,0.046289696292
0.243810612819,0.381326985097,0.136561968773,0.238300433311
0.739059652125,0.0653001593974,0.112958738873,0.0826814496046
0.121262536755,0.209846315557,0.0155864180549,0.653304729633
0.082637202811,0.0184204803474,0.0399775719713,0.85896474487
0.730152161181,0.158177510602,0.0211425125089,0.0905278157081
0.00310563972099,0.943610938169,0.0528867984378,0.000396623672667
0.0385799171687,0.280019446923,0.113305097885,0.568095538023
0.919101428631,0.0408327449246,0.0313006021775,0.00876522426658
0.725961723342,0.186128302081,0.00364882286896,0.0842611517082
0.131496769786,0.458447600275,0.265988548057,0.144067081882
0.315985661667,0.0909457570004,0.205476339733,0.387592241599
0.484626123874,0.1066331307,0.0801767418109,0.328564003615
0.508194045148,0.0936644307161,0.0638922234878,0.334249300648
0.157429336989,0.387406929536,0.00747679764466,0.44768693583
0.0111753973701,0.595674998839,0.0440664488438,0.349083154947
0.00817413770862,0.000649340379251,0.0809409060228,0.910235615889
0.0390568834134,0.145926767768,0.0696727722323,0.745343576586
0.347537433843,0.155084617312,0.0353678499338,0.462010098911
0.0783664932079,0.169328858005,0.600355679531,0.151948969256
0.139331617066,0.600846945709,0.151959944493,0.107861492731
0.0823040920933,0.083446653463,0.419808194043,0.414441060401
0.075049404676,0.572168240044,0.0447538180186,0.308028537262
0.351543203826,0.0722596363931,0.546874853255,0.0293223065267
0.877639418779,0.0680094713843,0.0169700399872,0.0373810698496
0.132552445912,0.576764154532,0.147296763733,0.143386635824
0.277322896417,0.0677685048354,0.257317268229,0.397591330519
0.0953770713052,0.403781196753,0.0385649324638,0.462276799478
0.443934637246,0.377850565627,0.147719803492,0.0304949936356
0.0946781333207,0.0861040472003,0.322089126079,0.4971286934
0.524095877225,0.188645123743,0.203119745463,0.0841392535687
0.0117645720635,0.3745894704,0.00201734911335,0.611628608423
0.372967034816,0.3752196635,0.229211510232,0.0226017914524
0.313239139593,0.00720551112677,0.0272502828278,0.652305066453
0.0410803453455,0.122462202708,0.830512162459,0.00594528948733
0.278249304733,0.100770149247,0.598198420945,0.0227821250754
0.283697833844,0.497824649805,0.205853016437,0.0126244999143
0.0873166127065,0.125770059514,0.539030557644,0.247882770135
0.0066310881328,0.984272358123,0.00721989863068,0.00187665511353
0.00219102214342,0.996055327169,0.000970571840106,0.000783078847598
0.00481495141752,0.0398422601462,0.0323190906547,0.923023697782
0.257275852171,0.0687864257409,0.566054072844,0.107883649244
0.490687273,0.266918003155,0.176986726998,0.0654079968467
0.0055497576795,0.982389208191,0.00167773751275,0.0103832966164
0.112904757636,0.190293931223,0.0943157218355,0.602485589306
0.547610394994,0.175854335578,0.0803730743025,0.196162195126
0.0583634758454,0.157099524208,0.550851151769,0.233685848177
0.0416788427627,0.0862476866191,0.793758564273,0.0783149063453
0.0636688747639,0.605239871505,0.327667186842,0.00342406688981
0.249861387687,0.372423831784,0.181535743778,0.19617903675
0.00255628185474,0.094677871266,0.901129001032,0.00163684584759
0.0214512241806,0.119358252967,0.716134584579,0.143055938274
0.00285527878607,0.155417880083,0.824256229637,0.0174706114942
0.0931593288879,0.0921843733164,0.0851314435949,0.729524854201
0.190946678963,0.398514187187,0.235133264741,0.175405869109
0.115169936223,0.710041641983,0.0634244329383,0.111363988856
0.157791876639,0.691304848472,0.00945293826699,0.141450336622
0.888917853621,0.0991258690025,0.00521029947923,0.00674597789747
0.0743081000972,0.0859743736411,0.781040572096,0.0586769541655
0.283725588028,0.00756102944082,0.20420453227,0.504508850261
0.257101088039,0.0541275071549,0.629324921408,0.0594464833982
0.406603756234,0.256843250305,0.142609957743,0.193943035718
0.998966367159,0.00022027948361,0.000262095664153,0.000551257693676
0.112500574787,0.320664840561,0.015518127456,0.551316457196
0.0219296438878,0.0879830038637,0.869545372447,0.0205419798019
0.112417469682,0.0103541221855,0.874002699707,0.00322570842594
0.0831557724766,0.685605957793,0.208829915651,0.0224083540791
0.0415366462955,0.053237239101,0.628936679334,0.276289435269
0.065214611487,0.509304666628,0.115537041955,0.30994367993
0.021154130022,0.110973587758,0.866371634743,0.00150064747613