0.0193269893735,0.227461618137,0.616642034197,0.136569358292
0.00232412082765,0.0492194884328,0.0223895286469,0.926066862093
0.0381493091966,0.896421175795,0.0526434558678,0.0127860591406
0.0491286211819,0.0956757349301,0.124448283819,0.730747360069
0.162687718817,0.219826464901,0.603711766891,0.013774049391
0.195876817442,0.0519944249582,0.106054574558,0.646074183042
0.201146836844,0.0754713415084,0.583806082593,0.139575739055
0.533818934179,0.39043075058,0.0538865961685,0.0218637190733
0.150373177095,0.636016362948,0.125932124594,0.0876783353639
0.480127241197,0.0983044206742,0.120598854286,0.300969483843
0.602571579569,0.00231734015555,0.324201452673,0.0709096276023
0.164871678155,0.190559884203,0.254188303949,0.390380133693
0.00344994468384,0.0139846847,0.982156793521,0.000408577095187
0.00145968982094,0.00133978172571,0.00622611097552,0.990974417478
0.0914491582513,0.039743661504,0.864838200589,0.00396897965565
0.230833459791,0.607826603358,0.061357426623,0.0999825102279
4.15403551779e-05,0.531957048264,0.00955979277315,0.458441618608
0.0946405139585,0.0925696198756,0.219792397096,0.59299746907
0.0659077978569,0.0483525030566,0.258202698971,0.627537000116
0.277253252242,0.454079465539,0.0823691092493,0.18629817297
0.128365213222,0.367367135869,0.15791478227,0.346352868639
0.0412426796577,0.482487078081,0.374686516247,0.101583726015
0.103308750211,0.0117275694112,0.608869627565,0.276094052813
0.0333958854051,0.0452033227546,0.916179185161,0.00522160667964
0.124162266143,0.184415155138,0.0160607164611,0.675361862258
0.0779856978483,0.370111471174,0.433337553812,0.118565277165
0.00315853609046,0.699271559207,0.212149016031,0.0854208886721
0.614254712536,0.0410813455538,0.300063728505,0.0446002134053
0.101187421726,0.102729363115,0.0908007639489,0.70528245121
0.023801787756,0.0731239055034,0.902295676033,0.000778630707276
0.140130205507,0.289173089381,0.395701920468,0.174994784644
0.0109244362737,0.960422487894,0.0272182695341,0.0014348062979
0.215878714764,0.593090676433,0.0793711672266,0.111659441576
0.798753909172,0.161895628703,0.0112407695756,0.0281096925492
0.0169364242197,0.90915448414,0.0224831366474,0.0514259549926
0.475262111723,0.00771197980603,0.453850378428,0.0631755300438
0.312267554316,0.0741454646822,0.30276563583,0.310821345172
0.852941136866,0.137062049393,0.000179055481685,0.00981775825985
0.579665074884,0.0680746727435,0.243747385916,0.108512866456
0.594062311207,0.158046350508,0.00115241498115,0.246738923304
0.0494394355754,0.437103176645,0.373613560763,0.139843827017
0.0599506906472,0.285592819851,0.599448519182,0.05500797032
0.0804238253117,0.0522794232439,0.664755897569,0.202540853876
0.133175805073,0.0163351433255,0.217543563767,0.632945487834
0.483418609172,0.309104217491,0.0021382146554,0.205338958682
0.0663314656902,0.461188392968,0.431910072561,0.0405700687806
0.0742970128068,0.0739596532713,0.0538846423077,0.797858691614
0.057427918198,0.201481341453,0.0974742120885,0.64361652826
0.22185692721,0.401263759229,0.213726583297,0.163152730263
0.154711361361,0.0242006545301,0.807030480526,0.0140575035832
0.0126696550304,0.0661943765303,0.0089783937295,0.91215757471
0.076514073125,0.559838768042,0.242419584229,0.121227574604
0.767526147799,0.0206807318009,0.0243098405108,0.187483279889
0.28948680683,0.113299522345,0.0216562627748,0.57555740805
0.468212849308,0.0656892422375,0.205993245606,0.260104662849
0.0182728897604,0.201195886627,0.0139771655421,0.76655405807
0.569823736681,0.114081701809,0.0903484459913,0.225746115519
0.0121977556219,0.289573998957,0.192720521266,0.505507724155
0.803366127385,0.00171399119595,0.000477575540677,0.194442305878
0.0661767597653,0.184828925595,0.0105675263638,0.738426788276
0.820120380148,0.0348770955567,0.0987826955506,0.0462198287444
0.186622561586,0.111604447242,0.0584201137131,0.643352877459
0.0223957556989,0.697765619748,0.246676556274,0.0331620682792
0.0240887935021,0.0012895671648,0.111801946184,0.86281969315
0.146183576234,0.0848399353921,0.632084816492,0.136891671882
0.272931511599,0.362419966111,0.286533790551,0.0781147317391
0.00253875635497,0.255508967654,0.00182645664513,0.740125819346
0.0478409379674,0.535597376341,0.370362990683,0.0461986950084
0.0459271784702,0.56280199381,0.312611670778,0.0786591569424
0.297342227941,0.321059155376,0.150289732662,0.231308884021
0.0600019284948,0.475395818425,0.00888058041252,0.455721672667
0.552960237343,0.319444858218,0.0647939221714,0.0628009822683
0.509333743111,0.247008768423,0.182657207122,0.0610002813436
0.937017324897,0.009467428016,0.00212001100808,0.0513952360785
0.24565500785,0.00679552502279,0.00811216484902,0.739437302279
0.814489611352,0.0138565230024,0.100701506662,0.0709523589841
0.00273917026998,0.0055587486548,0.0287010688316,0.963001012244
0.272611446218,0.00461050483447,0.657073444478,0.0657046044696
0.391744852831,0.0403556689337,0.364150078816,0.203749399419
0.0136505300895,0.0353290591786,0.946810371168,0.0042100395636
0.407709387148,0.0930825339717,0.393270397599,0.105937681281
0.989108487463,0.00358246918945,0.000424469223953,0.00688457412388
0.392979257253,0.404310205089,0.0732516239666,0.129458913691
0.447332052323,0.516559244732,0.0152975179654,0.0208111849797
0.0589070179376,0.583549615963,0.0270795432933,0.330463822806
0.203446114823,0.41825147129,0.197422058652,0.180880355236
0.035322365509,0.362604051814,0.38010017541,0.221973407268
0.096188383715,0.0591536135724,0.80445876074,0.0401992419726
0.469455803652,0.159140127854,0.0299927874435,0.341411281051
0.276205748049,0.550187897432,0.128593346843,0.0450130076758
0.511100525488,0.289199465461,0.0175199346873,0.182180074363
0.197367742862,0.0210086576983,0.749610847402,0.0320127520378
0.116057792449,0.573024362829,0.252632578377,0.0582852663455
0.468164154576,0.0620152337117,0.0363042572545,0.433516354458
0.7845752487,0.00160257023869,0.192363914919,0.0214582661422
0.124373429673,0.119655964786,0.0320994206897,0.72387118485
0.110361830396,0.394933055276,0.0913057238316,0.403399390496
0.157050671453,0.291250775786,0.262895325536,0.288803227225
0.280144025032,0.0124581542971,0.318202468912,0.38919535176
0.0410010218763,0.00504560772977,0.321497376083,0.632455994311
0.141554131604,0.349035666247,0.235542758441,0.273867443708
0.416780448403,0.165721964213,0.308296896078,0.109200691306
0.0375875394486,0.9233871981,0.0358042382435,0.00322102420823
0.127110319596,0.0167686190702,0.00874334659277,0.847377714741
0.389882421502,0.20323564933,0.0331081907067,0.373773738461
0.509671171253,0.224839070207,0.254363073811,0.0111266847293
0.147447956596,0.423980705526,0.0787794994895,0.349791838389
0.730601066206,0.0998540183214,0.0242876665621,0.14525724891
0.177934925655,0.0273694617838,0.17417488084,0.620520731722
0.0619372858414,0.0493500847887,0.046838720953,0.841873908417
0.0746183475925,0.0837245339186,0.830828261233,0.0108288572562
0.0302138676849,0.211120243774,0.745458908989,0.013206979552
0.258348384167,0.203931468421,0.423035441781,0.114684705631
0.0313876696574,0.230143534259,0.210990325627,0.527478470456
0.660064021564,0.22471835316,0.00537677640308,0.109840848873
0.0818629246381,0.131119553558,0.758410657216,0.0286068645884
0.074675022725,0.745778463918,0.0266016238039,0.152944889553
0.456061796762,0.0689304635835,0.321102491696,0.153905247959
0.105670872956,0.701005233136,0.0432544323563,0.150069461552
0.00249773405988,0.0372070796425,0.0427325140412,0.917562672256
0.0132872065444,0.058197329464,0.922233371116,0.00628209287604
0.473685675741,0.0192328892576,0.312531981106,0.194549453895
0.630598705598,0.269757706151,0.0710785268144,0.0285650614364
0.0525888267674,0.418814355427,0.170083836275,0.35851298153
0.516321308208,0.330407917279,0.064459852296,0.0888109222176
0.135148752512,0.03262192919,0.0364286820039,0.795800636294
0.0971154894491,0.608807388163,0.289058256751,0.00501886563642
0.178928753965,0.0570556827713,0.12189497337,0.642120589894
0.0478104881105,0.362048413702,0.507350488113,0.0827906100743
0.0705391042457,0.808986496035,0.0471169979267,0.0733574017928
0.951158935084,0.0135642234734,0.00981638780603,0.0254604536368
0.0189701360157,0.00341164754132,0.0042581212197,0.973360095223
0.178336723429,0.202570184048,0.617802809267,0.0012902832559
0.0277370093952,0.0401427077267,0.840393666029,0.0917266168489
0.163593156826,0.230025943852,0.163170700524,0.443210198798
0.31032067618,0.497116131002,0.0187523285581,0.17381086426
0.0274716475802,0.0792180005988,0.737360923081,0.15594942874
0.0175534134117,0.555439132664,0.00528549244163,0.421721961483
0.0207809848562,0.489125971088,0.317534127914,0.172558916142
0.739179230173,0.233937066641,0.0134991586236,0.013384544563
0.0358861596516,0.0764561832578,0.0753764166397,0.812281240451
0.00489501114965,0.00330068956604,0.613173786477,0.378630512808
0.325422816199,0.00440483407616,0.654527721266,0.0156446284582
0.00520957681975,0.457545436034,0.0537022234491,0.483542763697
0.106198051526,0.0273801164713,0.236596883646,0.629824948356
0.269945559341,0.406051226845,0.204680365446,0.119322848368
0.0269708352824,0.0209963569843,0.150112249305,0.801920558428
0.270668870992,0.129364175212,0.0168943569813,0.583072596815
0.0209118009314,0.915816687867,0.0451697287103,0.0181017824916
0.911683200662,0.0601800194808,0.0257936025928,0.00234317726419
0.107975663228,0.222602411402,0.66035918494,0.0090627404294
0.699706723008,0.0918492403598,0.0369393682115,0.171504668421
0.0111367482138,0.00349111504397,0.903916898788,0.0814552379543
0.97842277387,0.000725318277778,0.011983639258,0.00886826859445
0.39370561503,0.0131160410046,0.538446748641,0.0547315953238
0.0182066365679,0.193468350132,0.352243787459,0.436081225842
0.710282553674,0.00639751368926,0.059086303804,0.224233628832
0.0312221259042,0.0847852858254,0.27967804059,0.604314547681
0.139250916694,0.274454040311,0.0374285623873,0.548866480608
0.102825546974,0.0240591736728,0.776510591799,0.0966046875538
0.769652580462,0.0132852156018,0.126084738733,0.0909774652041
0.821869629208,0.0269921051551,0.067496839205,0.0836414264314
0.0263050803063,0.000348241808297,0.429013328084,0.544333349801
0.0761132863248,0.880171552358,0.0168472131194,0.0268679481978
0.202879230022,0.00372339798211,0.756302655599,0.0370947163965
0.820029843152,0.173517633751,0.00322316609862,0.00322935699822
0.103269417097,0.140703674607,0.622407385068,0.133619523227
0.0696380697064,0.264447185705,0.0609769835335,0.604937761055
0.423208238005,0.0206543265248,0.215449482822,0.340687952648
0.230462306135,0.00677128630689,0.148922169117,0.61384423844
0.0765711175856,0.353054096759,0.0430038043867,0.527370981269
0.0075712121095,0.888320833263,0.0287301220451,0.0753778325828
0.0124249083654,0.0188700520957,0.495330012157,0.473375027382
0.107892437507,0.0419090126079,0.295022772732,0.555175777154
0.346888939684,0.279817641417,0.086346458255,0.286946960644
0.124956620481,0.195971345868,0.363002515503,0.316069518149
0.416300307273,0.286123488101,0.0221715928516,0.275404611774
0.462106362957,0.00890904414056,0.324527705916,0.204456886986
0.616970668765,0.00413079780548,0.359203430295,0.0196951031341
0.203880475284,0.312849250967,0.164437304524,0.318832969226
0.0887960146127,0.460504154613,0.295382584459,0.155317246315
0.00285308523949,0.0103824217991,0.00239982520394,0.984364667757
0.019291560053,0.601066803237,0.0178447991878,0.361796837522
0.0121013038101,0.964100516207,0.00211222854269,0.0216859514405
0.0251243611981,0.465663095209,0.0110781872716,0.498134356321
0.191562507067,0.0900000882892,0.404774005013,0.313663399631
0.0134329155528,0.174134517848,0.499757521097,0.312675045503
0.480938459689,0.00532299695864,0.46154529228,0.0521932510728
0.375177308779,0.134055852453,0.0656966045694,0.425070234198
0.822885210163,0.131970361235,0.0197171233219,0.0254273052797
0.00877458526283,0.0150061775475,0.0185836943317,0.957635542858
0.948765996912,0.0347371565795,0.0129849400369,0.00351190647122
0.184620719381,0.456147495646,0.227175653992,0.132056130981
0.0348252405526,0.356093958948,0.241188495286,0.367892305213
0.677601533611,0.29461555508,0.0248135163793,0.00296939493016
0.12979622522,0.0425411883717,0.726305035568,0.101357550841
0.27075361878,0.0476476755658,0.150752510712,0.530846194942
0.288061530609,0.400541722173,0.115440841937,0.195955905281
0.064545253521,0.0134652331324,0.66296590491,0.259023608437
0.00310948432776,0.165647915703,0.00329511684698,0.827947483122