0.725929451677,0.0537498028256,0.212559387652,0.00776135784617
0.297839178878,7.29562429473e-05,0.000298053830471,0.701789811049
0.371683465012,0.012072286601,0.155660899136,0.460583349251
0.170905533813,0.028539822049,0.680799950654,0.119754693484
0.118522905412,0.00239114670664,0.780865314296,0.0982206335848
0.447553026863,0.094110933786,0.239200721697,0.219135317654
0.0069786175341,0.88255585937,0.00678971186694,0.103675811229
0.173560674239,0.252905955357,0.0664055770463,0.507127793358
0.0073941478611,0.510533820008,0.00556028852066,0.47651174361
0.219144744814,0.0249040815954,0.667686299238,0.0882648743524
0.440906435334,0.0273887119291,0.473060579421,0.0586442733164
0.102201286547,0.24753282494,0.38889935671,0.261366531803
0.0231280643075,0.0107367387278,0.333838262454,0.632296934511
0.124187347997,0.0487908635538,0.497474347871,0.329547440579
0.108406357874,0.108763906884,0.553658530952,0.22917120429
0.213765717232,0.328805737204,0.184426924513,0.273001621051
0.124068577338,0.0314845881765,0.0810268271042,0.763420007381
0.852318117982,0.114482548915,0.0222964480028,0.0109028851
0.143190438847,0.262762710062,0.53186470573,0.0621821453617
0.3493929871,0.53616204789,0.0433574365576,0.0710875284521
0.144827270211,0.0161231895688,0.269216101688,0.569833438533
0.816088972814,0.0154955578631,0.010265872015,0.158149597307
0.448979828467,0.0539294911398,0.369852577232,0.127238103161
0.851648908225,0.00126473397726,0.0492096762206,0.0978766815767
0.00953299416467,0.0186582061474,0.0111494566083,0.96065934308
0.312192764113,0.0214190473441,0.627122187804,0.0392660007381
0.996284143001,0.0011078574191,0.00159819099271,0.0010098085872
0.00208219676209,0.996251392413,0.00150388938885,0.000162521435742
0.0183648556144,0.127215711647,0.0482567495557,0.806162683183
0.221532753142,0.0258778267117,0.00404445189541,0.748544968251
0.416540632443,0.110062095258,0.466011297223,0.00738597507627
0.174755064696,0.240013008197,0.198484694553,0.386747232554
0.00146142617359,0.449349178489,0.540047055599,0.009142339738
0.12051550003,0.699150846346,0.129874623325,0.0504590302993
0.156133843191,0.00963683139705,0.00795020466393,0.826279120748
0.980733426253,0.00299334237004,0.000363709135525,0.0159095222411
0.0544304883889,0.137886087584,0.0991815982601,0.708501825767
0.120488878284,0.0728268643671,0.79789807697,0.00878618037975
0.133213816367,0.0840479213142,0.0114882619754,0.771250000343
0.0741591586034,0.000709819317205,0.853717229669,0.0714137924102
0.0829155623871,0.138167850089,0.180329856136,0.598586731388
0.0670283526611,0.377658480291,0.182735180454,0.372577986594
0.0389798989812,0.472223229437,0.0678123706551,0.420984500927
0.105953420882,0.174446456404,0.712189347637,0.00741077507649
0.504424541039,0.162102762473,0.231327822703,0.102144873784
0.0764353099391,0.228425564792,0.447906718946,0.247232406322
0.0812919128211,0.583264553107,0.0285624223242,0.306881111747
0.0770369305798,0.459229191787,0.0759026230238,0.38783125461
0.20880862626,0.0347863770334,0.740288045894,0.0161169508128
0.327939074193,0.186728756423,0.360114662576,0.125217506808
0.0125866722353,0.600587073336,0.186529792229,0.200296462199
0.924387506962,0.0166598265608,0.0313083260195,0.0276443404573
0.270524714791,0.0139148390689,0.405433636165,0.310126809975
0.0655750806672,0.00491149333186,0.0606639197098,0.868849506291
0.514910342394,0.182453199805,0.258095907412,0.0445405503886
0.0280528821341,0.0436009108008,0.0123014689502,0.916044738115
0.62455350144,0.0156059607026,0.0368137050207,0.323026832837
0.132462510189,0.119974006604,0.355040089991,0.392523393216
0.00199427518358,0.218989870053,0.510629589634,0.268386265129
0.4896417423,0.175038831483,0.0758822502589,0.259437175958
0.12648372704,0.235977638045,0.0411403254542,0.59639830946
0.461509169386,0.312175758034,0.16797389676,0.0583411758208
0.00615990248195,0.950168641592,0.00853011098711,0.0351413449394
0.000815184513574,0.00779028810646,0.618985686944,0.372408840436
0.321862952327,0.112173145783,0.301546151199,0.26441775069
0.221424493447,0.163811474939,0.606719994309,0.00804403730427
0.660740462962,0.131957067693,0.150029613843,0.057272855503
0.00711616187307,0.0302553309121,0.9272565414,0.0353719658151
0.0714260422139,0.420894690242,0.461333276826,0.0463459907178
0.623085464362,0.22273571306,0.0184814602325,0.135697362345
0.400004486324,0.229901673533,0.305267176445,0.0648266636988
0.153682215903,0.00696545099333,0.144403181035,0.694949152069
0.114347545748,0.305520562973,0.315504878077,0.264627013202
0.73044471229,0.0335710807491,0.0429765939107,0.193007613051
0.00240828147292,0.524096863823,0.473378762994,0.000116091709671
0.0107625722236,0.28742016224,0.397619305255,0.304197960281
0.89669488234,0.011599031124,0.0192701551615,0.072435931375
0.00874373203381,0.90311090259,0.0139195332753,0.0742258321008
0.626371098778,0.142150831158,0.150564460095,0.0809136099697
0.811411954921,0.0504777810921,0.104935146275,0.0331751177119
0.0502787275506,0.0790889233526,0.850879225952,0.0197531231451
0.0300111486107,0.0176580718488,0.805140104604,0.147190674936
0.0381681445746,0.0900822309023,0.0370463994801,0.834703225043
0.222010333943,0.023255044986,0.0260848994906,0.72864972158
0.356899082249,0.202140823406,0.113671113219,0.327288981125
0.0270232336398,0.00184290075502,0.528188287548,0.442945578057
0.202901200643,0.0662393858906,0.599634083578,0.131225329888
0.0972406353067,0.658766012349,0.11365571165,0.130337640695
0.113012284197,0.839627488884,0.0422614879182,0.00509873900142
0.298898908362,0.106543652391,0.18273029905,0.411827140198
0.136772266247,0.18116069582,0.0119328404978,0.670134197435
0.130148217381,0.149549910951,0.700909295117,0.0193925765517
0.0626304369006,0.0181988043984,0.548737739027,0.370433019674
0.295347084349,0.535406706291,0.0507922640374,0.118453945322
0.0249866950163,0.878425758272,0.0390573649699,0.0575301817417
0.277982928258,0.0711098461009,0.337499974902,0.313407250738
0.513806830416,0.313408747993,0.126174063556,0.0466103580349
0.0149517372033,0.00185493074872,0.918047861792,0.0651454702563
0.51928758436,0.111846951065,0.084387342953,0.284478121622
0.109656012939,0.00543173060744,0.873029598444,0.0118826580094
0.191663701109,0.0641420128711,0.437467526186,0.306726759834
0.131937817683,0.0370377570786,0.769110375269,0.0619140499694
0.0603254099718,0.405906538057,0.0351971327808,0.49857091919
0.0386864225662,0.61633388853,0.110482744663,0.234496944241
0.144471762165,0.145810522153,0.548090924868,0.161626790814
0.27131588709,0.00692511354329,0.706462558868,0.0152964404983
0.352473957363,0.0191741690764,0.0107863614458,0.617565512115
0.00102696496941,0.987158421644,0.0101164147154,0.00169819867129
0.00714710770053,0.977587004152,0.0135847998775,0.00168108826968
0.409394424216,0.173867083712,0.263467972536,0.153270519536
0.0397260277017,0.6486953449,0.29158186015,0.0199967672488
0.0110292523386,0.902201020915,0.0340829998138,0.0526867269323
0.375945247405,0.314265425064,0.247518026548,0.0622713009827
0.264729508364,0.133978933421,0.14602359309,0.455267965124
0.00180402321305,0.00306501623811,0.927283911284,0.0678470492652
0.255366344804,0.037459124357,0.547629703964,0.159544826875
0.0993562728917,0.0659976716854,0.810180404706,0.0244656507172
0.212298105883,0.581848534364,0.144253461022,0.0615998987313
0.0886766093201,0.0092434389101,0.15489320883,0.74718674294
0.580101237435,0.0289675538165,0.336901062061,0.0540301466875
0.21619663084,0.454874750901,0.0838053069761,0.245123311283
0.101966538419,0.758655626052,0.11307906549,0.0262987700383
0.259087369076,0.00717281877787,0.553025508024,0.180714304122
0.0241404558595,0.611666675979,0.355652549123,0.00854031903909
0.0669208299182,0.639107430184,0.0318102595179,0.26216148038
0.21348350868,0.405399165543,0.031358465227,0.34975886055
0.0610517258268,0.606207078633,0.181127895003,0.151613300537
0.912306714451,0.074152198035,0.00960278718237,0.00393830033179
0.0526541524027,0.00325939027266,0.72495755957,0.219128897754
0.133062557856,0.292632984954,0.400226462305,0.174077994885
0.0623651699551,0.876686493625,0.0175667216367,0.0433816147831
0.0312545844147,0.836823252517,0.0213390592703,0.110583103798
0.11425908972,0.138467355783,0.523634874816,0.223638679681
0.00449154653789,0.00788803337667,0.947946415835,0.0396740042507
0.188603711906,0.128366767497,0.534232445677,0.14879707492
0.0601208765435,0.436808673303,0.305813059157,0.197257390996
0.742549438107,0.111240417171,0.0113104789107,0.134899665812
0.122628387051,0.00895462517855,0.865548578608,0.00286840916197
0.10355786971,0.248172563179,0.552871628584,0.0953979385271
0.0137904756366,0.911884615455,0.0620061379179,0.0123187709911
0.525099364292,0.0158078386253,0.0371269366841,0.421965860398
0.0648901203586,0.149092144808,0.300179343454,0.485838391379
0.227730778553,0.0966787781415,0.285628833261,0.389961610044
0.0489221809224,0.033388970587,0.0256180251845,0.892070823306
0.295910565607,0.304436337294,0.149300439703,0.250352657397
0.0276126869102,0.298863271417,0.581303059148,0.092220982525
0.0817085023075,0.0103992111824,0.802247177945,0.105645108566
0.0813278601437,0.153100953882,0.506786912089,0.258784273885
0.0456334725857,0.562576834283,0.0743659540344,0.317423739097
0.053874029863,0.786050637049,0.112452904658,0.0476224284299
0.599797025809,0.0971821158553,0.22739614641,0.0756247119267
0.0112165666476,0.00653229310592,0.918609756869,0.0636413833773
0.255400130905,0.494221468453,0.0310877365488,0.219290664093
0.155894269319,0.0247948658742,0.768160516405,0.0511503484019
0.101703833426,0.480027929753,0.405734957347,0.0125332794747
0.0204630129996,0.424290602383,0.481524964083,0.0737214205348
0.0466544933865,0.113883245196,0.0100118415564,0.829450419861
0.0840864193534,0.70851486324,0.107472912999,0.0999258044069
0.275600969494,0.265590876977,0.262123529435,0.196684624094
0.799872432294,0.0366624436066,0.0574129336366,0.106052190463
0.153407538033,0.028927402809,0.108245166335,0.709419892823
0.227569321551,0.140384155618,0.0811237237854,0.550922799045
0.113783255393,0.561613869776,0.220152718736,0.104450156095
0.468179778657,0.27139161914,0.105729235585,0.154699366618
0.12315753639,0.0590275561005,0.367738230214,0.450076677295
0.164030720081,0.426961490173,0.0138570290972,0.395150760648
0.90734169111,0.0236218537877,0.0540896415721,0.0149468135301
0.219338779774,0.153785533099,0.356730891583,0.270144795545
0.0844912893747,0.116294285153,0.712397031621,0.0868173938514
0.00745624153363,0.845740974729,0.0809506163668,0.065852167371
0.0825292807738,0.0808008451266,0.485098308182,0.351571565917
0.0170347586469,0.00853982413035,0.961546143541,0.0128792736813
0.191750258005,0.0112268773617,0.765852899183,0.0311699654504
0.540431603549,0.329755842028,0.123546581714,0.00626597270908
0.000893371411339,0.480388479373,0.511831144582,0.00688700463317
0.000422208420471,0.0808477058722,0.00773196231336,0.910998123394
0.0489067694422,0.00362318573278,0.907444074267,0.040025970558
0.0288460746891,0.0544515651614,0.885649989273,0.0310523708768
0.124350049279,0.669794813337,0.0634951120548,0.14236002533
0.478974740222,0.0218241792799,0.0254094256105,0.473791654888
0.972777087094,0.0066058124372,0.0116214644027,0.0089956360663
0.132747691949,0.371244989161,0.172640101107,0.323367217783
0.145248370437,0.255667709164,0.375995294048,0.22308862635
0.69884493847,0.243536577803,0.0220024820658,0.0356160016615
0.598829406417,0.00664262631327,0.0542409492096,0.34028701806
0.228254746864,0.31901817966,0.365059900069,0.0876671734067
0.00204486991796,0.866586917667,0.0266888968712,0.104679315544
0.638067094997,0.0777645505428,0.0380970528265,0.246071301633
0.952897983855,0.01751433185,0.0236247796039,0.00596290469156
0.187331044673,0.539072323842,0.259139092584,0.0144575389008
0.298214399124,0.620965593576,0.000828286385996,0.0799917209142
0.117513570791,0.124075071184,0.650263166005,0.10814819202
0.0273752252832,0.0584354447602,0.05332999542,0.860859334537
0.463588299782,0.120994224456,0.336928712818,0.0784887629437
0.0370184424107,0.493678041221,0.336136629727,0.133166886641
0.00794477757375,0.348595992141,0.566720363365,0.0767388669202
0.32372993708,0.148081552003,0.301329022657,0.226859488261
0.317187792777,0.0653617525566,0.236819559969,0.380630894697
0.0672339140638,0.0603651025799,0.00161378753397,0.870787195822
0.0222005108788,0.548841903934,0.392689538648,0.0362680465389