0.0848163331357,0.91226086703,0.00179541659288,0.00112738324145
0.187313556139,0.0254367746418,0.0308697547322,0.756379914487
0.0926217292123,0.105080832315,0.765237046921,0.0370603915518
0.0952264801569,0.176185691153,0.277529793524,0.451058035166
0.120302943203,0.124637845036,0.230986098202,0.524073113558
0.750075381939,0.0522550213125,0.0803273185581,0.11734227819
0.165725205854,0.250039989309,0.450235779755,0.133999025082
0.416788446264,0.095397657457,0.0597121379221,0.428101758357
0.452797222389,0.41590080687,0.113701384076,0.0176005866652
0.284788106345,0.0912133504014,0.210220562523,0.413777980731
0.00692361934256,0.0903168908196,0.276254263515,0.626505226323
0.157401390642,0.0131213736819,0.516932717327,0.312544518349
0.102849958171,0.561978040543,0.313261918766,0.0219100825196
0.0219198089283,0.104146278673,0.370959237262,0.502974675136
0.194765137055,0.399190302317,0.0573934609471,0.348651099681
0.797266002466,0.00250143451516,0.0239816126005,0.176250950418
0.0175096625037,0.651154612248,0.151884933895,0.179450791353
0.196286446091,0.101130068154,0.11835332841,0.584230157345
0.210308574736,0.470694223801,0.204238846453,0.114758355011
0.12198102483,0.00894438660116,0.502766698065,0.366307890504
0.80408213961,0.191572940007,0.000707285659361,0.00363763472368
0.971328341526,0.00853600651081,0.0149218703498,0.00521378161357
0.347154329168,0.00270988821753,0.0614661895199,0.588669593095
0.413698457941,0.50872162743,0.0575764207384,0.0200034938901
0.142102333264,0.568035951157,0.00613863250259,0.283723083077
0.0458134673209,0.00501852849909,0.16401442862,0.78515357556
0.0525257024764,0.225474827435,0.653565242019,0.06843422807
0.123963497329,0.733814472263,0.115986107238,0.0262359231696
0.250947525078,0.0925690688083,0.311555874394,0.34492753172
0.894277713895,0.0283549877214,0.0500557652828,0.0273115331006
0.550977791997,0.0662948220174,0.0170034537248,0.365723932261
0.0255602949974,0.891735705844,0.0074955549919,0.0752084441664
0.00574705657126,0.768197853884,0.216724966014,0.00933012353078
0.418593552775,0.138095843791,0.0414305241112,0.401880079323
0.108241159233,0.071828531422,0.73461038923,0.0853199201148
0.118796426262,0.0465703069236,0.046453275591,0.788179991223
0.172713457704,0.377664157769,0.189597879278,0.260024505249
0.285469139367,0.387883509718,0.20333812021,0.123309230704
0.00640081633204,0.017833755655,0.949827292515,0.0259381354983
0.00520832486809,0.951289108448,0.0158753363738,0.0276272303102
0.77807696736,0.0537058195222,0.125353623713,0.0428635894049
0.00766588100758,0.00532524435283,0.937250839764,0.0497580348751
0.086047432791,0.105862716503,0.115402890009,0.692686960697
0.429940804203,0.300188117892,0.204845418799,0.0650256591053
0.301821564224,0.00824082397518,0.0194545467442,0.670483065057
0.437322887745,0.334557828128,0.0551822306235,0.172937053503
0.252908638286,0.142090224802,0.103513173341,0.501487963571
0.17661223254,0.736462094601,0.0101059603974,0.0768197124616
0.00130944670896,0.0516564365882,0.785074624826,0.161959491877
0.230556348184,0.419697043996,0.0590424434136,0.290704164406
0.0454029337905,0.84300052659,0.0793136488381,0.0322828907818
0.657135887519,0.034072480924,0.260020306431,0.0487713251261
0.1058741362,0.746368143342,0.117579091966,0.0301786284915
0.454069031517,0.127379087737,0.139166006354,0.279385874392
0.011539469679,0.923172723318,0.0469435779215,0.0183442290813
0.164521916471,0.683528218123,0.0154754534543,0.136474411952
0.785491536277,0.0727875505178,0.107816740028,0.0339041731773
0.0748337025655,0.882339359751,0.00202419159666,0.0408027460866
0.0139530574767,0.69039134425,0.197965426656,0.0976901716167
0.0477373931962,0.588347840466,0.055793234768,0.30812153157
0.187670812528,0.721290724396,0.0551460219833,0.0358924410923
0.0211986319035,0.175517721436,0.457578653676,0.345704992985
0.197586446803,0.364294356837,0.138027568026,0.300091628334
0.206648578315,0.511826143264,0.0236736186263,0.257851659795
0.328298111331,0.0297902462049,0.506591571422,0.135320071042
0.365238048427,0.0231386747094,0.562905066909,0.0487182099548
0.0169622514869,0.153561346717,0.811430490528,0.0180459112675
0.515496368139,0.256556346066,0.0436822811121,0.184265004683
0.0388950760519,0.747280647716,0.150782584604,0.063041691628
0.0624285169584,0.0755495236815,0.796538260032,0.0654836993285
0.887087967115,0.0254964655293,0.0513964118649,0.0360191554908
0.170591378058,0.618618100048,0.107653346471,0.103137175423
0.00378418792624,0.314123722777,0.00830206362194,0.673790025675
0.785347770525,0.00297473829088,0.199606532748,0.0120709584358
0.411191959451,0.303115034338,0.159093137805,0.126599868406
0.0930583569028,0.777730581945,0.0488342832953,0.080376777857
0.0927138425196,0.041687619736,0.0834429110196,0.782155626725
0.201534532008,0.233189951187,0.0217482691343,0.54352724767
0.0181440668116,0.248754138898,0.676658983801,0.0564428104899
0.0333226809343,0.160340881259,0.800176568289,0.00615986951788
0.597792029176,0.0959790741784,0.199352859257,0.106876037388
0.104317361222,0.329043108375,0.0228103800318,0.543829150371
0.762300190499,0.0349617475221,0.176044670555,0.0266933914234
0.475803837726,0.0171963004852,0.0813861282301,0.425613733559
0.0757815439904,0.0946616359511,0.735369980894,0.0941868391643
0.0513181782612,0.758694722133,0.0775467067986,0.112440392807
0.138531020161,0.16307456379,0.0395561864528,0.658838229596
0.144333532471,0.348056449993,0.124177278552,0.383432738984
0.356693129914,0.0150288563763,0.606754183731,0.0215238299792
0.610102603175,0.319158321477,0.0403560677672,0.0303830075813
0.832602193422,0.0319605864465,0.0287063125909,0.106730907541
0.0814306049918,0.0416222455891,0.00309019603997,0.873856953379
0.0740354923579,0.560713633807,0.0134599944859,0.35179087935
0.126236861149,0.158962573916,0.575263946001,0.139536618935
0.03867527008,0.0558596906305,0.413485725262,0.491979314027
0.422857147097,0.0631405469261,0.158289921791,0.355712384186
0.0998088134095,0.632995682977,0.125108312375,0.142087191239
0.295124537725,0.0649625600105,0.265908194535,0.374004707729
0.501908757122,0.341425532985,0.0646971386674,0.0919685712259
0.0274749727892,0.582688979849,0.0236051402632,0.366230907098
0.460952009447,0.0993996129541,0.308652761563,0.130995616037
0.0727261935274,0.00119451596776,0.0176475019952,0.90843178851
0.33079863714,0.00601727248987,0.425654522538,0.237529567832
0.0769019031103,0.796011237342,0.0253992414219,0.101687618126
0.000619507421776,0.174415367101,0.660896371977,0.1640687535
0.476156793206,0.0488522624938,0.0594923522148,0.415498592085
0.0807027131559,0.277944574741,0.579416280162,0.0619364319412
0.099329159535,0.091084412586,0.753507407562,0.0560790203168
0.490360161498,0.0714934445723,0.382155985956,0.0559904079739
0.206545247542,0.244988407286,0.144357549268,0.404108795904
0.138026694248,0.205397499176,0.620203580348,0.0363722262274
0.921565919432,0.0364160563535,0.0340830701092,0.00793495410529
0.579859667623,0.108726835995,0.182422432638,0.128991063745
0.221613939378,0.335281078086,0.142501976439,0.300603006098
0.367833508158,0.102913225878,0.479034115743,0.0502191502217
0.0331583079715,0.202581704233,0.0540365679719,0.710223419823
0.579912576294,0.112617112305,0.0229221385542,0.284548172847
0.0841939599216,0.00917559829982,0.695940158597,0.210690283181
0.069062963088,0.0020137009645,0.00411267501391,0.924810660934
0.72129662872,0.076597052534,0.11029374373,0.0918125750164
0.271404800189,0.197133961266,0.107370383326,0.424090855219
0.948265476526,0.03365071862,0.0146822788463,0.00340152600757
0.215072789897,0.133796073533,0.346670880473,0.304460256097
0.215613853514,0.253491835365,0.201602406549,0.329291904572
0.160133821746,0.308792044541,0.13712936744,0.393944766273
0.154725224652,0.000725812348758,0.843411309135,0.00113765386391
0.600373081539,0.0393828099391,0.206110545726,0.154133562796
0.173387555632,0.462951474651,0.224716929131,0.138944040586
0.0106757547006,0.00292924216522,0.313357475957,0.673037527177
0.0260833141555,0.0147380267945,0.957867190624,0.00131146842557
0.0105445201615,0.537950551516,0.203505176537,0.247999751785
0.0515139222016,0.449383101069,0.00895666614201,0.490146310587
0.00296946732848,0.0017118686054,0.680981009291,0.314337654775
0.700111048827,0.127075459273,0.0572073321246,0.115606159775
0.66103107655,0.130281185078,0.165683429446,0.0430043089251
0.82409750203,0.0160281700289,0.0406776869157,0.119196641025
0.133984028273,0.150858374841,0.110206413411,0.604951183475
0.70474531549,0.0326506823112,0.0606813522459,0.201922649953
0.0165636856389,0.00504140395927,0.0015593944438,0.976835515958
0.260736734992,0.1400955248,0.372289517474,0.226878222734
0.192765214514,0.0820261215976,0.0808656726596,0.644342991228
0.362146667055,0.343610726474,0.183941891602,0.110300714869
0.129727139026,0.100776756386,0.139494184683,0.630001919906
0.00896594254435,0.0417252923156,0.94199785201,0.00731091312959
0.0049957968776,0.541251693305,0.449360563107,0.00439194671005
0.120903865576,0.0179919974542,0.403580333541,0.457523803429
0.0200013205367,0.00425450121755,0.0288520770175,0.946892101228
0.0563452727053,0.530671810013,0.155024165788,0.257958751493
0.00496424607193,0.00949031007948,0.00159586384236,0.983949580006
0.261505889772,0.121086663873,0.437128616287,0.180278830068
0.102284002551,0.0215491668672,0.23826583339,0.637900997192
0.149654926162,0.0194036021281,0.784007947134,0.0469335245756
0.819816526404,0.0320040163199,0.0680172548651,0.0801622024113
0.47439314706,0.0542918170481,0.11210206626,0.359212969632
0.00537757012158,0.417532584503,0.479530734267,0.0975591111081
0.494818980282,0.0335523287394,0.159350314215,0.312278376763
0.548651426843,0.405417695106,0.0272873577181,0.0186435203327
0.0730211536348,0.0062127394394,0.912403788755,0.00836231817034
0.00621691643664,0.0166406562944,0.967927630758,0.00921479651072
0.740187973882,0.115397530186,0.080986919924,0.0634275760071
0.0148989346315,0.0268369613965,0.800964080691,0.157300023281
0.0930095457038,0.143651573598,0.609372312718,0.15396656798
0.0864188744756,0.904483508068,0.00644280507581,0.0026548123803
0.154869994943,0.430568045689,0.158369910565,0.256192048803
0.0184623870018,0.473551560344,0.0133754865425,0.494610566112
0.368126220346,0.00461322448209,0.0799768835481,0.547283671623
0.00135406859775,0.996346559118,0.00134580199355,0.000953570290491
0.0560931382002,0.0445576864474,0.810894679378,0.0884544959743
0.0154337433043,0.0655497838675,0.622866278428,0.2961501944
0.385125812583,0.164915963155,0.0911808263092,0.358777397953
0.249229496545,0.435326783151,0.272258548436,0.0431851718676
0.424183807334,0.00237730182108,0.411987583827,0.161451307018
0.0184068605389,0.416222916972,0.150519130702,0.414851091787
0.0852220234038,0.425607176876,0.32063728982,0.1685335099
0.00970926441399,0.00272939005416,0.022378492356,0.965182853176
0.377041857019,0.334063350455,0.126013004669,0.162881787857
0.00594995636623,0.15922022462,0.0647715628355,0.770058256178
0.349430145649,0.0885490391255,0.452660453468,0.109360361758
0.291693332218,0.59862772917,0.0696276494618,0.0400512891503
0.0615426803943,0.838926355854,0.0943780710579,0.00515289269416
0.740388968258,0.0909344463278,0.0210303068864,0.147646278528
0.00219013412717,0.324787403752,0.457048736928,0.215973725192
0.276746494405,0.584215552735,0.0948232355735,0.0442147172869
0.233011704276,0.0538042719589,0.0986396873458,0.61454433642
0.210656054373,0.252369780592,0.36987665891,0.167097506125
0.0505295003201,0.32658403434,0.0408452228828,0.582041242457
0.00108697671606,0.000366301917981,0.261416472357,0.737130249009
0.0831621044005,0.163451937675,0.669420174103,0.0839657838211
0.00620348101464,0.711020104402,0.237692029567,0.0450843850167
0.140732732053,0.020871506686,0.549630206292,0.288765554969
0.0583596295845,0.890906899449,0.0363848219376,0.0143486490293
0.179475876191,5.25148092079e-05,0.462746696839,0.357724912161
0.122226971527,0.603325522583,0.176352785887,0.0980947200023
0.0157520105168,0.654465088339,0.000377532190271,0.329405368954
0.198657736844,0.7235754843,0.0253664666192,0.0524003122372
0.222484448882,0.0970952254861,0.588261757581,0.0921585680507
0.0560467306374,0.904683167356,0.0146290544443,0.0246410475623
0.860918901829,0.018809774635,0.0299790783823,0.0902922451539
0.0170113156614,0.0193852640056,0.930600873843,0.03300254649
0.117325571274,0.308783227168,0.502173424631,0.0717177769277