0.861410411444,0.104631856859,0.0305811193247,0.00337661237247
0.0826969793161,0.0482625447941,0.203282756586,0.665757719304
0.0242456732342,0.22349021525,0.525737504961,0.226526606555
0.194266918753,0.0144211076013,0.785299126953,0.00601284669251
0.499921269072,0.0832381268984,0.0315503272658,0.385290276764
0.00119523152321,0.993639014538,0.000705839964491,0.00445991397407
0.02309470344,0.656489815039,0.0289061541362,0.291509327384
0.372528437885,0.558709460019,0.0595447700185,0.00921733207772
0.0417692128383,0.450822759983,0.0475874767915,0.459820550387
0.184647563338,0.0753367056321,0.656686400909,0.0833293301207
0.113665092357,0.496725195273,0.330984684274,0.0586250280968
0.105287415049,0.00112386933968,0.160848589405,0.732740126206
0.00567626592249,0.409634142496,0.0494385553807,0.5352510362
0.262893426974,0.206264144833,0.0356904384568,0.495151989736
0.0291543902482,0.160506325438,0.109743621242,0.700595663071
0.0220497861086,0.403260780399,0.477958126571,0.0967313069213
0.048854922505,0.0182236899485,0.00431657521782,0.928604812329
0.0231705615438,0.913127818973,0.0100253267697,0.0536762927137
0.356416690083,0.0348671488348,0.58442936534,0.0242867957425
0.480672315956,0.0981924618372,0.256382844429,0.164752377778
0.565123409756,0.0709050628889,0.11625006489,0.247721462465
0.247476337187,0.510228275188,0.0580893062504,0.184206081375
0.973491421366,0.018353542258,0.00158685478959,0.00656818158644
0.258269006796,0.29756908083,0.107591546255,0.336570366119
0.0199793140312,0.230891469446,0.74873429799,0.000394918532495
0.0767177359476,0.477315713478,0.438818553934,0.00714799664086
0.180550888674,0.77689044233,0.0161915428494,0.0263671261471
0.162573219345,0.100009087609,0.619789693647,0.117627999399
0.131316116744,0.504973573835,0.112853397886,0.250856911534
0.000553414504825,0.00471623315878,0.00316443329028,0.991565919046
0.013980305417,0.620304316014,0.272971661411,0.0927437171581
0.355414401243,0.166523767879,0.405938555422,0.0721232754552
0.0130614126089,0.00185182156419,0.983262476481,0.0018242893458
0.00010973925065,0.931465725409,0.0673721374218,0.00105239791814
0.831200979555,0.0354038284542,0.128850988805,0.00454420318656
0.340145386531,0.227581373085,0.334230346296,0.0980428940885
0.0888633891351,0.301837661929,0.596204776419,0.0130941725169
0.00922865346388,0.00761369059724,0.930248361553,0.0529092943854
0.0414643453976,0.394036291539,0.559810969189,0.00468839387492
0.000834820929571,0.0376283819831,0.885018104188,0.0765186928994
0.0238433637733,0.0369050082433,0.935874418243,0.00337720974039
0.570341015059,0.205863415981,0.157875830821,0.065919738139
0.253006472797,0.700978617126,0.0193928055894,0.026622104488
0.307778621026,0.0577543526513,0.582773639813,0.0516933865095
0.477274786338,0.249639283225,0.266197936115,0.00688799432212
0.464905071452,0.451761057062,0.00434474711101,0.0789891243752
0.105577360384,0.00854025175408,0.109272728222,0.776609659641
0.213290943331,0.220548042862,0.0508239683438,0.515337045463
0.705256371238,0.0145317861834,0.0904367571564,0.189775085422
0.105056013549,0.0957450165799,0.768564381394,0.030634588477
0.47928702612,0.0528363303307,0.0457618682661,0.422114775283
0.428832266071,0.208343927982,0.132119582767,0.23070422318
0.0294561782709,0.0861053602198,0.0593692322441,0.825069229265
0.0266443740445,0.0959999069629,0.721371825321,0.155983893672
0.558588812976,0.0575725733559,0.0938060173729,0.290032596295
0.122009912461,0.0204207154029,0.740433755571,0.117135616565
0.538679822924,0.0852870767292,0.369921919689,0.00611118065721
0.00255376681603,0.046865315697,0.00222477042282,0.948356147064
0.0206482724179,0.410818334916,0.548365241311,0.0201681513557
0.0580830396797,0.103547293319,0.781530284652,0.0568393823485
0.0357915817726,0.0591644524837,0.89087553878,0.0141684269638
0.638019437385,0.00554569801189,0.0118231335991,0.344611731004
0.0085549637086,0.511875153909,0.000356354444635,0.479213527938
0.634502593002,0.214985123971,0.109558599765,0.0409536832618
0.658755454441,0.0605207922169,0.219445324414,0.0612784289284
0.403302562098,0.230258676101,0.196465048049,0.169973713752
0.868054115182,0.0648759548678,0.0409718707502,0.0260980592003
0.0430895906249,0.539850469138,0.291919378776,0.125140561462
0.312302851115,0.00181096292322,0.376492675308,0.309393510654
0.812669435281,0.0192131124378,0.0789830543042,0.0891343979772
0.352073567264,0.531260894075,0.0308537024018,0.0858118362597
0.00985036592057,0.176849005717,0.342302450198,0.470998178164
0.148238615279,0.835992663003,0.0101642035329,0.0056045181843
0.815692614143,0.0248443926784,0.136605509097,0.0228574840814
0.0361635367991,0.356034362431,0.012077585206,0.595724515564
0.0121692688889,0.807016256559,0.0646652778045,0.116149196748
0.633815750758,0.258129162696,0.0316484564091,0.0764066301378
0.809549461525,0.00890963705584,0.00882093763541,0.172719963783
0.0716099975759,0.187721198492,0.369933137548,0.370735666384
0.74759187481,0.141781876057,0.107385194322,0.00324105481174
0.294471758596,0.00993679654063,0.254783065617,0.440808379247
0.15676854902,0.489942351839,0.124855921384,0.228433177757
0.149113866965,0.191137048664,0.269538336818,0.390210747553
0.0049620395274,0.58796533032,0.129208120464,0.277864509688
0.00119033268429,0.131766428652,0.806143544555,0.0608996941088
0.979561361788,0.00107762195387,0.00235810941658,0.0170029068414
0.280608459428,0.0590695984441,0.643307237649,0.0170147044784
0.107200796561,0.334958407359,0.37393808581,0.18390271027
0.00338419656122,0.230923984408,0.557940446345,0.207751372685
0.32379130718,0.312228148494,0.0479082262191,0.316072318107
0.00347203475174,0.45018202017,0.477058674671,0.0692872704073
0.0465685378833,0.125279113276,0.677808182149,0.150344166692
0.684846950795,0.188885142395,0.0434753925689,0.0827925142418
0.240185501663,0.0176889048647,0.303935422159,0.438190171313
0.00975960976184,0.0270915122246,0.929947945704,0.0332009323097
0.190227649284,0.273476750667,0.390674829952,0.145620770098
0.219094733013,0.306378242802,0.307099257245,0.16742776694
0.0021430457647,0.00306481260952,0.664436674831,0.330355466795
0.358329617143,0.0682277137131,0.378857533516,0.194585135629
0.00630450637469,0.837582218873,0.103851872386,0.0522614023655
0.0105495075615,0.0673300392085,0.0278224911233,0.894297962107
0.142317407131,0.237688561889,0.485609449224,0.134384581756
0.273214395808,0.0122858109843,0.181612643841,0.532887149367
0.0788741107403,0.0899522950532,0.415631885388,0.415541708818
0.0931914634491,0.322643520451,0.314821498887,0.269343517213
0.751607191667,0.0415611230395,0.160332117816,0.0464995674775
0.0759432321331,0.850952634962,0.0511530420695,0.0219510908354
0.55295648593,0.0556471893329,0.222155219021,0.169241105715
0.659455535311,0.10145293743,0.223417670549,0.0156738567105
0.794324377352,0.0562112149757,0.102862945431,0.0466014622417
0.0289934070749,0.83102427004,0.086396991283,0.0535853316026
0.279201930557,0.0816883319279,0.0809561538341,0.558153583681
0.491169898518,0.164527264112,0.308969788091,0.0353330492786
0.00614533877717,0.00962906847666,0.804529300884,0.179696291862
0.0467088613605,0.0305254113536,0.864039159739,0.0587265675473
0.0229748140511,0.0370226384542,0.744459712302,0.195542835193
0.0294338440488,0.861696009232,0.057887293455,0.0509828532638
0.396859157761,0.335917808591,0.150090858474,0.117132175173
0.0066133597543,0.0446737183751,0.774830413893,0.173882507977
0.0192832999046,0.0541093388798,0.098745832131,0.827861529085
0.15138311284,0.0731647005026,0.288228394939,0.487223791719
0.0157690623398,0.0138936485565,0.0172726948288,0.953064594275
0.630395381009,0.290679862704,0.0359660121063,0.0429587441807
0.222866373656,0.581055424711,0.163117846329,0.0329603553053
0.248692490934,0.323602063745,0.326412397159,0.101293048163
0.0135234488116,0.00155777779968,0.0129376644357,0.971981108953
0.286622166996,0.00966447881527,0.524766831936,0.178946522253
0.897285147557,0.0400384783862,0.000927329746454,0.06174904431
0.0651714803516,0.883298817591,0.0367301124471,0.0147995896104
0.0815368076702,0.122243163764,0.159594621163,0.636625407403
0.204920828421,0.289703845742,0.04532496017,0.460050365668
0.997646461266,8.15963648203e-05,0.00219465509963,7.72872695112e-05
0.0489181688725,0.240634758541,0.379793536166,0.33065353642
0.0196608266533,0.0162162879568,0.948676959288,0.015445926102
0.996230995007,0.00115624909361,0.000176184039454,0.00243657185981
0.0445863154495,0.489138131016,0.466008856331,0.000266697203794
0.0185912004085,0.840987653241,0.106589544717,0.0338316016336
0.0114200924477,0.0108030374777,0.0722306971997,0.905546172875
0.0320996054954,0.00818678114647,0.0792382787196,0.880475334639
0.157524643621,0.656112405729,0.130921974375,0.0554409762751
0.218015931446,0.360200498602,0.0711750827851,0.350608487167
0.451836884718,0.0288049101471,0.34579629039,0.173561914744
0.693573637744,0.0195152907997,0.106717987737,0.180193083719
0.101789321384,0.731100377544,0.0903389027356,0.0767713983364
0.601062763743,0.0734134875389,0.217534249788,0.10798949893
0.475673970742,0.0536034167823,0.416766111675,0.0539565008013
0.0957474427435,0.139288675399,0.191747999008,0.573215882849
0.0335266914641,0.233130853034,0.387772234212,0.34557022129
0.318534564056,0.527848934414,0.0521311343482,0.101485367181
0.0720339202013,0.221411896398,0.027255804103,0.679298379298
0.0427812576189,0.306498884809,0.323098622282,0.32762123529
0.0723652640685,0.0744111844354,0.813778011116,0.03944554038
0.0179917234295,0.00140938953571,0.00174583764255,0.978853049392
0.434287396615,0.195210861746,0.232957015076,0.137544726563
0.473230273322,0.0872345333474,0.228391110708,0.211144082623
0.64223854067,0.168415345014,0.184088538736,0.00525757557964
0.0381030569077,0.0267850758456,0.877768304359,0.057343562888
0.159558345781,0.705017496262,0.0125515068858,0.122872651071
0.57035625192,0.0536047477772,0.32456419294,0.0514748073629
0.0390891837574,0.0330158380433,0.731596895145,0.196298083054
0.265548243591,0.0139041921759,0.654617777971,0.0659297862619
0.138409904687,0.182423575775,0.673961590236,0.00520492930087
0.467250085334,0.00498117454795,0.520828829987,0.00693991013109
0.031418416983,0.842252683579,0.102687424918,0.0236414745205
0.244124133354,0.166679609628,0.489076794186,0.100119462832
0.425556386572,0.0931865172531,0.118332874079,0.362924222096
0.0396846133752,0.0429134311766,0.00471971171798,0.91268224373
0.00284152808104,0.0060592405476,0.00181372614177,0.98928550523
0.942961967407,0.0402189869073,0.00589079445445,0.0109282512308
0.0538429497083,0.394962910863,0.371623941399,0.17957019803
0.392825942114,0.302090485711,0.142490140119,0.162593432056
0.0531397024266,0.885855421224,0.0427201294888,0.018284746861
0.39647868288,0.560920515258,0.0241009327294,0.0184998691333
0.379822034303,0.411933543626,0.089445427758,0.118798994313
0.39876757542,0.217356539379,0.0873320988908,0.29654378631
0.34406428363,0.237266062906,0.0331249901985,0.385544663266
0.598013702483,0.312138004257,0.0484658801529,0.0413824131068
0.0356176697814,0.153221975531,0.807274910207,0.00388544448068
0.0377912501494,0.566160464703,0.391820695741,0.00422758940716
0.100954630587,0.0238183052125,0.0506696695133,0.824557394688
0.0223435409972,0.0252109856079,0.658796815849,0.293648657546
0.0637639857105,0.336232554967,0.0221293845248,0.577874074797
0.291961731392,0.000894972387141,0.00143504588422,0.705708250337
0.0689457291328,0.196826149232,0.333862476209,0.400365645426
0.411852958726,0.0627184014285,0.512881367648,0.0125472721974
0.97097408179,0.0196244409179,0.00681860596563,0.00258287132666
0.0333946620142,0.183901672861,0.282745352572,0.499958312553
0.0102267287263,0.0457201714748,0.0138456510206,0.930207448778
0.0277837422905,0.0618063320373,0.862067860046,0.0483420656265
0.0186894353944,0.0253488470579,0.813834459895,0.142127257653
0.802617685548,0.0209881380595,0.169702604198,0.00669157219496
0.0662308551685,0.133063883502,0.106919246246,0.693786015084
0.671689377719,0.0932031261844,0.108961624917,0.126145871179
0.0212694559523,0.636347014129,0.0207801262671,0.321603403652
0.0136505869033,0.00954909131884,0.357887863559,0.618912458219
0.114423020116,0.253991392898,0.121273608401,0.510311978585
0.008378994744,0.648415273144,0.342106997556,0.00109873455554
0.302408064443,0.607095664278,0.0275628912997,0.0629333799795
0.077052261615,0.729448631282,0.190952265979,0.00254684112376
0.13046000539,0.0792291090062,0.704589390452,0.0857214951518