0.563204854405,0.20548920584,0.00591445602225,0.225391483733
0.387756665374,0.196433342735,0.138246992372,0.27756299952
0.13416107526,0.00565192410097,0.848178920526,0.0120080801138
0.0136240980234,0.153805950341,0.258508687903,0.574061263732
0.828524919533,0.11676844296,0.045798460598,0.00890817690908
0.791358233656,0.202585681411,0.00329864561759,0.00275743931553
0.0102150746076,0.662883519734,0.192267489662,0.134633915996
0.0494467761258,0.931461207122,0.0111050200024,0.00798699674997
0.340569318347,0.192565625965,0.391133618261,0.0757314374272
0.813052558516,0.0137167763868,0.000361352400246,0.172869312697
0.741330119902,0.0667923878997,0.103825219642,0.0880522725561
0.204515413881,0.0314544469039,0.697848589816,0.0661815493991
0.338954352956,0.114044870691,0.10819657577,0.438804200582
0.881246921668,0.0204801692661,0.0904902448636,0.00778266420204
0.323788160643,0.00810175965113,0.0536977207117,0.614412358995
0.0070372211128,0.921336913477,0.0513735859771,0.0202522794327
0.048644451472,0.461548747891,0.354176638915,0.135630161721
0.19255968184,0.0983085028076,0.6477838887,0.0613479266526
0.0233025748574,0.152251413056,0.0147209496819,0.809725062404
0.0263244330353,0.317870740849,0.00721168263415,0.648593143481
0.106245061651,0.689301143179,0.0701162685238,0.134337526646
0.893845163753,0.0571221489847,0.0308047044065,0.0182279828556
0.255791327632,0.665113398165,0.00166643771808,0.0774288364849
0.546513257881,0.0780135784379,0.345673748789,0.0297994148925
0.0115151017171,0.162559526083,0.0792961369043,0.746629235296
0.00738431082107,0.00329972044763,0.000744013407939,0.988571955323
0.0125667594564,0.0252219665358,0.159062936658,0.80314833735
0.0157252388817,0.207113230514,0.692404607708,0.0847569228958
0.938213609389,0.0264337722054,0.0269145472125,0.00843807119326
0.446289898646,0.284954915699,0.199028378123,0.0697268075323
0.19520594081,0.0483838452974,0.0120030782243,0.744407135668
0.0149967815206,0.447364514409,0.16329391237,0.3743447917
0.0126816374726,0.0727159404076,0.37489450385,0.53970791827
0.00903498397238,0.00298436105371,0.0100035187015,0.977977136272
0.73497834329,0.257562291734,0.000221861103924,0.00723750387243
0.25005151875,0.742116863742,0.000646698272376,0.00718491923594
0.174189065971,0.0288779424645,0.476721915376,0.320211076188
0.462379495416,0.463563651314,0.0603678068001,0.0136890464698
0.138063146144,0.115528246109,0.0553630329287,0.691045574819
0.0797321228848,0.622499837599,0.0246712763435,0.273096763172
0.06626206126,0.470347223549,0.169897092597,0.293493622594
0.559159872966,0.412391952144,0.00326548462788,0.0251826902623
0.965195633655,0.000288523123715,0.032588276267,0.00192756695439
0.262792660507,0.0441285280111,0.12068130689,0.572397504592
0.130637512068,0.862881277356,0.00171193126827,0.00476927930819
0.0791469330338,0.351753017603,0.299774412225,0.269325637138
0.296887166568,0.104819402454,0.0544992465361,0.543794184442
0.0030586178215,0.00229495482917,0.591090170398,0.403556256951
0.01592557172,0.126632550661,0.5386492342,0.318792643419
0.398738102667,0.336603216901,0.108402482245,0.156256198186
0.131221121231,0.07548371654,0.378147148597,0.415148013632
0.824540270098,0.0332700307223,0.109834447525,0.0323552516542
0.149094124221,0.015148917763,0.548111094213,0.287645863803
0.190268826552,0.221954267982,0.188900596042,0.398876309424
0.0534221527974,0.0524879491015,0.531209540474,0.362880357627
0.000447901756632,0.0145010486883,0.981622855014,0.00342819454154
0.433546850749,0.222597562254,0.160172462773,0.183683124224
0.361427609764,0.00221213625686,0.634857770008,0.00150248397133
0.0975480391824,0.00816739025076,0.0460741421864,0.84821042838
0.0949835168825,0.602812928555,0.301367738133,0.000835816429186
0.0267065318171,0.66892700729,0.19692044152,0.107446019372
0.229748543714,0.032491499371,0.357709551458,0.380050405457
0.0365634409485,0.469778490142,0.463362649179,0.0302954197302
0.131343918168,0.0207835138708,0.120664430187,0.727208137775
0.441605563359,0.313012196244,0.0953948231863,0.149987417211
0.256189562692,0.587999239214,0.071480813914,0.0843303841801
0.0962797635095,0.426219127531,0.425644064173,0.0518570447858
0.333346059185,0.0303950020225,0.287667982336,0.348590956456
0.288298774615,0.0331997267906,0.233739153514,0.44476234508
0.0481570900664,0.0487216515691,0.0260512082824,0.877070050082
0.143374525731,0.0121963645221,0.548744632451,0.295684477297
0.0197167272634,0.228956469055,0.545787530566,0.205539273116
0.0473714937935,0.579500336934,0.0897667108774,0.283361458395
0.104808935916,0.805424938435,0.0218109877942,0.0679551378548
0.021822345342,0.145263138774,0.383542096837,0.449372419048
0.30452376213,0.404935645799,0.207350179522,0.0831904125481
0.381687526171,0.391976707751,0.132029476734,0.0943062893444
0.207708754035,0.388157122735,0.370656176642,0.0334779465888
0.049278577813,0.69614625764,0.229690485844,0.0248846787023
0.910390712539,0.0403050526084,0.0165955148458,0.0327087200073
0.0839460587916,0.217921870919,0.309507884407,0.388624185883
0.00205900554891,0.00900915195655,0.949295439933,0.0396364025616
0.0722000073252,0.110431136676,0.450260460932,0.367108395067
0.129839141625,0.262523297992,0.519839579941,0.0877979804423
0.518186928043,0.206621338656,0.218452716806,0.0567390164944
0.226307232507,0.478582473998,0.15141106687,0.143699226625
0.140755637792,0.333857021443,0.28653350272,0.238853838045
0.273441112826,0.0355750442027,0.335493425307,0.355490417664
0.699002547787,0.0462198290806,0.254323212357,0.000454410775512
0.384827595897,0.00575739378308,0.608937560358,0.000477449961629
0.0457580682174,0.0482009309478,0.822437873623,0.0836031272123
0.0209410312053,0.719082129099,0.248664550627,0.0113122890686
0.622427129527,0.0379097469647,0.126398017097,0.213265106411
0.376132779519,0.256590120203,0.33838627072,0.0288908295581
0.471665721814,0.0082602967042,0.439507714574,0.0805662669075
0.138686973551,0.227311641868,0.0537557995671,0.580245585014
0.0120862831223,0.263245405859,0.689728869945,0.0349394410731
0.141226898587,0.185790383719,0.315450529353,0.357532188341
0.517667221954,0.349339316624,0.0255940740143,0.107399387408
0.300721611132,0.318550665888,0.24722571272,0.13350201026
0.0381883901115,0.855292142612,0.00630898938403,0.100210477892
0.0471669507711,0.0158208043313,0.208512822394,0.728499422504
0.0580898411815,0.837763773006,0.0218450028074,0.0823013830051
0.220495157111,0.339857481733,0.251920356648,0.187727004508
0.038077704464,0.0841981008552,0.415453901386,0.462270293295
0.382185348903,0.00130160903849,8.12804808147e-05,0.616431761577
0.757650996348,0.200481037598,0.0275404275038,0.0143275385502
0.352342623262,0.553134637247,0.0121942340672,0.0823285054234
0.0761833680709,0.443905636325,0.0172322120004,0.462678783604
0.621743150798,0.16296409703,0.139613153665,0.0756795985072
0.00321243687967,0.012823194071,0.0072581955162,0.976706173533
0.0506895381414,0.637688949794,0.179364532602,0.132256979463
0.00859760308458,0.0538243294048,0.120281822316,0.817296245195
0.864002199941,0.00417137303499,0.0289152886213,0.102911138403
0.0235582469983,0.121209184785,0.766031007968,0.0892015602489
0.285988378151,0.219311957709,0.284415172031,0.21028449211
0.235418730771,0.148299777915,0.252855157762,0.363426333553
0.332123085779,0.66169607514,0.000158345365653,0.00602249371458
0.00667670680604,0.0435189332526,0.924876683097,0.0249276768445
0.208299869119,0.285408952558,0.0194383497742,0.486852828549
0.322160908768,0.255273747432,0.0220621376305,0.400503206169
0.0368044330983,0.0109045342948,0.00422165184795,0.948069380759
0.122285284143,0.458294706106,0.150131320341,0.26928868941
0.640671280197,0.132138078326,0.14056165144,0.0866289900377
0.28823837913,0.20281378489,0.266213910785,0.242733925195
0.00118231245993,0.0029605783535,0.0196966917383,0.976160417448
0.0325590261134,0.315496800207,0.578919777643,0.0730243960371
0.109183058583,0.0425724154908,0.84411225363,0.00413227229591
0.594150425707,0.134864125657,0.0772967079692,0.193688740667
0.0493170673825,0.102905054785,0.0657511476986,0.782026730134
0.24509464799,0.197270297417,0.425222258947,0.132412795646
0.244142412985,0.031228294575,0.544768591503,0.179860700938
0.00312353209971,0.882572221545,0.0693120538721,0.0449921924833
0.0200481514581,0.139173356622,0.146752322986,0.694026168934
0.202715779292,0.148434070544,0.557867664897,0.0909824852669
0.211494462425,0.217907303618,0.293493660267,0.27710457369
0.13266184187,0.260688855224,0.178410824858,0.428238478048
0.0589183704017,0.207856212657,0.323685877731,0.409539539211
0.252161347032,0.426450757968,0.188345743487,0.133042151514
0.0476593331503,0.0676783580199,0.194585823533,0.690076485297
0.706821407699,0.00228370311535,0.287228119904,0.0036667692819
0.331117540323,0.654908405208,0.00200938511528,0.0119646693534
0.330228813742,0.0451885168652,0.0981805938095,0.526402075583
0.0175852834171,0.00202291549321,0.978899159075,0.00149264201505
0.886376069467,0.109779421067,0.00306639218015,0.000778117285412
0.705384903684,0.00227179894568,0.0191123493727,0.273230947998
0.1515559131,0.00211860976963,0.00475395602277,0.841571521108
0.190848729472,0.217742161269,0.0395607511978,0.551848358061
0.0310308905663,0.310495031462,0.595911957745,0.0625621202265
0.103844671871,0.851130582485,0.00384002615224,0.0411847194913
0.00384007994736,0.0078524952803,0.00481271806517,0.983494706707
0.299657530278,0.453686527366,0.0391129411765,0.207543001179
0.239716930709,0.123642003876,0.2588912571,0.377749808315
0.00257342660396,0.00383846385979,0.990365461983,0.00322264755324
0.246842882041,0.449769769716,0.201179173535,0.102208174708
0.464332682382,0.149896946286,0.0829611032952,0.302809268037
0.0930291024612,0.533975026121,0.291831886245,0.0811639851726
0.173569676175,0.0125958813289,0.676149469003,0.137684973493
0.305168256705,0.0981537113406,0.329746488981,0.266931542974
0.000794245959063,0.0164581992081,0.836153320576,0.146594234257
0.7357782192,0.0476442063529,0.18731520031,0.0292623741366
0.0296620978477,0.432127402513,0.341727027589,0.19648347205
0.00110478402516,0.867020588738,0.00817368838024,0.123700938857
0.4249985617,0.00709456516321,0.13092118209,0.436985691046
0.0072705023338,0.687033082327,0.155252320761,0.150444094579
0.00526901493977,0.0264854719302,0.264631006751,0.703614506379
0.0155077070625,0.0329911353375,0.887212668924,0.0642884886763
0.392207740788,0.497121661878,0.00965905812302,0.101011539212
0.568507786487,0.0876924409974,0.0754095091195,0.268390263396
0.132837125955,0.821037287949,0.00239777867803,0.0437278074183
0.845652435242,0.0492620007727,0.0111850532853,0.0939005106997
0.71507880729,0.0587498460946,0.219447811866,0.00672353474947
0.0660040374375,0.736140102526,0.123296194113,0.0745596659239
0.00594311790731,1.55250336844e-05,1.99861591248e-06,0.994039358443
0.44752911181,0.444296795002,0.0498721510572,0.0583019421312
0.164524618962,0.488090823077,0.0195794175045,0.327805140457
0.103945602924,0.47575434907,0.365097439859,0.0552026081475
0.498759185639,0.0275377134124,0.218588232376,0.255114868573
0.428723875701,0.00648592038924,0.0337804165856,0.531009787324
0.12704051701,0.248214464644,0.0784077283541,0.546337289992
0.488657412769,0.0324112067002,0.415326126064,0.063605254466
0.0401188773391,0.838448632759,0.0637205797016,0.0577119102002
0.0978612354656,0.635696208815,0.19236929323,0.0740732624891
0.750131827092,0.00158662524299,0.0113901740591,0.236891373606
0.25779248455,0.295320056342,0.29874979043,0.148137668677
0.988034412071,0.00697986675599,0.00450046206154,0.000485259111204
0.0209236880719,0.28249945419,0.695047029714,0.00152982802472
0.192850391307,0.122127545597,0.317974927686,0.367047135409
0.00072404225463,0.0092320173119,0.167114598972,0.822929341461
0.278192671428,0.000111051460404,0.00383242428,0.717863852831
0.0251102120689,0.0606611541601,0.898145137083,0.0160834966882
0.029607844256,0.735027846248,0.134786188989,0.100578120507
0.0465625100642,0.703329663606,0.121710475963,0.128397350368
0.072870667716,0.789117565652,0.112033778394,0.0259779882384
0.205888584641,0.00287662561397,0.788696408413,0.00253838133236
0.00375999947193,0.113139755225,0.0271874598144,0.855912785488
0.0699131338938,0.409404379222,0.00122664786161,0.519455839023
0.195262990282,0.384347722553,0.00330847758889,0.417080809576
0.49407836209,0.18808353129,0.0680415436305,0.24979656299
0.0444969660125,0.002489864959,0.925332799747,0.0276803692812