0.177280774652,0.188845335251,0.197445214115,0.436428675981
0.403466422647,0.171974177507,0.32942510671,0.0951342931351
0.0963749036455,0.210270211886,0.175845036878,0.517509847591
0.331036942505,0.0465689701863,0.528323880979,0.0940702063297
0.024516656834,0.0682749642283,0.725498536536,0.181709842402
0.0811771978564,0.367390880981,0.349151290565,0.202280630598
0.710509838781,0.144117781731,0.122381364959,0.0229910145289
0.129998698814,0.319906528705,0.491729188575,0.0583655839068
0.281964070121,0.242173348659,0.329779349663,0.146083231556
0.463388204269,0.120254255795,0.387470250333,0.0288872896025
0.00999918659122,0.0650108938241,0.074833608679,0.850156310906
0.0100202396899,0.00594899188285,0.846496812639,0.137533955789
0.00243614350668,0.0079120792874,0.650833562496,0.33881821471
0.116159244502,0.111211341703,0.460913532346,0.31171588145
0.264699139923,0.186343858233,0.377133284128,0.171823717715
0.770225263828,0.0396741911282,0.179470951347,0.0106295936973
0.207809774129,0.470652076196,0.252904430555,0.0686337191206
0.00359892233568,0.0208599175651,0.0126425491341,0.962898610965
0.558382564352,0.185518939856,0.222499531757,0.0335989640349
0.214551842988,0.11899841674,0.511389899785,0.155059840487
0.919711034513,0.00333446859172,0.0700589064107,0.00689559048412
0.90139704606,0.00555283609988,0.028894818051,0.0641552997893
0.216956504822,0.678389642885,0.0285030066879,0.0761508456057
0.524058625576,0.251505634116,0.0506529103652,0.173782829943
0.194842172939,0.64047977163,0.087593042308,0.0770850131227
0.699680460022,0.139383753445,0.0291347224908,0.131801064042
0.102533165405,0.177526824146,0.0808058121895,0.639134198259
0.625819087419,0.0123548760921,0.0628929372141,0.298933099275
0.0165066126241,0.0293206332493,0.73648554049,0.217687213636
0.0762613334986,0.0170810194923,0.527211652079,0.37944599493
0.0734981332542,0.145406407443,0.314621016066,0.466474443237
0.0382662178441,0.174767467527,0.612528142435,0.174438172194
0.158992863484,0.492573325548,0.254802234124,0.0936315768436
0.329176353966,0.277135090318,0.0318231774519,0.361865378264
0.969633120105,0.0145547298034,0.0147579923355,0.00105415775614
0.00237969846313,0.00218097656481,0.971817235707,0.0236220892649
0.279558122185,0.49079159775,0.188216062462,0.0414342176023
0.243934671308,0.322231276725,0.177351265726,0.256482786241
0.428994870003,0.384066838501,0.0742600300166,0.11267826148
0.575651389855,0.165472813023,0.149642651379,0.109233145743
0.0631370345854,0.884505978411,0.0409021710434,0.0114548159604
0.295823380491,0.471941462684,0.150813544946,0.0814216118788
0.00830529232123,0.0578416630937,0.869073658969,0.0647793856164
0.634514059231,0.353979606649,0.00713297576004,0.00437335836078
0.100349443656,0.0639027188648,0.831070413679,0.00467742380016
0.917517501672,0.00576188345365,0.0659862816495,0.0107343332247
0.119842916765,0.217786885471,0.00036196152747,0.662008236237
0.0363450295709,0.955660511436,0.000464150043264,0.00753030895027
0.115761510449,0.18582336181,0.110054319376,0.588360808365
0.283445991568,0.0960103937296,0.571647486342,0.0488961283605
0.00433837991432,0.177877686481,0.611785056409,0.205998877197
0.122123597957,0.384822198066,0.430976969907,0.0620772340688
0.0105784091972,0.29523253668,0.416738559668,0.277450494456
0.449328190577,0.173953858405,0.37248081074,0.00423714027793
0.459813139804,0.312517389251,0.103057744445,0.1246117265
0.072652202704,0.209194215068,0.0204470824952,0.697706499733
0.980586630665,0.000594008346414,0.0175757853582,0.00124357562998
0.122700697701,0.0273951090222,0.724271149829,0.125633043448
0.0742415266219,0.319342008882,0.260022558338,0.346393906158
0.0565203270734,0.597640633679,0.0915566663518,0.254282372896
0.333519871417,0.126511884146,0.364641004465,0.175327239972
0.12745658933,0.652560998945,0.16870079063,0.0512816210953
0.0603904630976,0.132512877915,0.0421215436137,0.764975115374
0.182570810133,0.0220659584495,0.788099957289,0.00726327412845
0.00230502282009,0.973405793279,0.0114354265302,0.012853757371
0.00278897534405,0.14336902524,0.0476164013054,0.80622559811
4.63193721658e-06,0.00999515112287,0.989286094884,0.000714122055939
0.345066893237,0.177394216363,0.405374312074,0.0721645783255
0.335872528004,0.135714915232,0.152789887559,0.375622669205
0.422388281281,0.00199463257719,0.566392570922,0.00922451522032
0.10868276268,0.378198016454,0.00693260706798,0.506186613798
0.854455353889,0.0413588835842,0.0870933666955,0.0170923958318
0.123988709609,0.117615438939,0.422987689982,0.33540816147
0.0199699962579,0.0244247438517,0.111446126314,0.844159133577
0.0581193446645,0.0559108614757,0.437316795455,0.448652998405
0.571459520662,0.359367307347,0.0258476339263,0.0433255380639
0.490651826519,0.176266907258,0.187886104678,0.145195161545
0.00184265225124,0.250297958805,0.588069583595,0.159789805349
0.0593933977988,0.803923183934,0.0569296062967,0.07975381197
0.0782759501547,0.000870570868478,0.242294508532,0.678558970445
0.106990729229,0.544251005643,0.16887617639,0.179882088737
0.00354974406679,0.932231369761,0.0390675817954,0.0251513043767
0.00427117845614,0.118991847263,0.0295853985992,0.847151575682
0.0628417765948,0.581913448335,0.168662035342,0.186582739729
0.618296294489,0.166012094993,0.143272585624,0.0724190248936
0.126311983623,0.0380496412386,0.78081843994,0.0548199351987
0.825456583774,0.136781535417,0.0162244940757,0.0215373867332
0.0601249028378,0.0645059796077,0.575056477994,0.300312639561
0.00777423954973,0.136178973084,0.0462828129098,0.809763974457
0.409834136469,0.00798761326122,0.34991159457,0.2322666557
0.163532401912,0.0855649945824,0.618074694002,0.132827909504
0.695755083575,0.211565455598,0.05727235126,0.0354071095666
0.971380729008,0.00854924840857,0.0177559427753,0.00231407980796
0.06312077618,0.00231525110826,0.0287332332959,0.905830739416
0.529806761463,0.0289873518911,0.298250808491,0.142955078155
0.832205380491,0.0193848226813,0.0265986519601,0.121811144867
0.0218715660506,0.0818709927696,0.847680045458,0.0485773957221
0.0482151374209,0.192619582558,0.212390947321,0.5467743327
0.653980814613,0.322625304875,0.0154645771046,0.00792930340765
0.0992915173589,0.20522807813,0.0182009886886,0.677279415822
0.101771576869,0.707244947881,0.14420936102,0.0467741142301
0.519864736204,0.0994210049829,0.0815690033789,0.299145255434
0.229180964549,0.328419753263,0.377175859949,0.065223422239
0.558848730817,0.229897374317,0.189880989672,0.0213729051931
0.496894563923,0.152247489425,0.2828932236,0.0679647230524
0.5867566523,0.244550186353,0.103086075286,0.0656070860603
0.369344878125,0.628504076739,0.000802976696638,0.00134806843914
0.107744584703,0.00609745180293,0.0509244817967,0.835233481697
0.747913132027,0.000428162748295,0.00919593573018,0.242462769495
0.0490513271184,0.502502771509,0.0182365514325,0.43020934994
0.792672922697,0.0582347353651,0.117270465487,0.0318218764504
0.591818897045,0.0536655498693,0.275291052629,0.0792245004564
0.00203349549396,0.0390862402785,0.325498117455,0.633382146773
0.0739574416895,0.0292482976501,0.853552763678,0.0432414969829
0.509686406584,0.0320203633982,0.383634323584,0.074658906434
0.0651058161621,0.00764471428761,0.269703341579,0.657546127971
0.103473780337,0.185334434912,0.269494117569,0.441697667183
0.192366151702,0.385831831839,0.00845368450783,0.413348331952
0.171629312054,0.26891211963,0.158078912557,0.401379655758
0.577575693622,0.418481621594,0.00374631777153,0.000196367012485
0.0654315735359,0.0133472035531,0.913681696306,0.00753952660503
0.14264064927,0.0305281049372,0.437194361937,0.389636883857
0.448133225294,0.0180646236687,0.533714466125,8.76849119822e-05
0.0893260578282,0.0959999076621,0.461509335663,0.353164698847
0.156765216348,0.659426683729,0.00799671419675,0.175811385727
0.108862843241,0.210264243919,0.619532693349,0.061340219492
0.214368321394,0.259718790607,0.279538668517,0.246374219482
0.29390479622,0.25289344167,0.215356469491,0.237845292619
0.00117594311419,0.951323890844,0.0330195447548,0.0144806212868
0.0264373361428,0.745152831821,0.0555095829283,0.172900249108
0.796049033071,0.0616653232883,0.000592170955247,0.141693472685
0.8417726441,0.106403793812,0.0281109354498,0.0237126266387
0.323276765613,0.0755452477593,0.460350218567,0.140827768061
0.178555568415,0.261625637889,0.478835646647,0.0809831470492
0.146904120025,0.346138983465,0.35788427966,0.149072616849
0.210914484629,0.20349774314,0.0629667517507,0.52262102048
0.34046917579,0.284237750027,0.0966699089504,0.278623165232
0.0860321361495,0.0379397738138,0.251514943988,0.624513146049
0.0754988615808,0.111432928467,0.0750382451784,0.738029964774
0.228067977229,0.0630155211182,0.165077172651,0.543839329002
5.16565991768e-05,0.000433725786414,0.998052556577,0.00146206103749
0.0385833316069,0.422610387343,0.264500865857,0.274305415192
0.2252487002,0.222892131974,0.0870774889359,0.46478167889
0.0371621864659,0.655918469017,0.118892742988,0.188026601529
0.0159604241157,0.156873681351,0.762473578923,0.0646923156102
0.203088491726,0.0318953712809,0.666749805835,0.0982663311583
0.0834049950252,0.267257907174,0.229563386882,0.419773710919
0.0230301423309,0.66719148086,0.245615480396,0.0641628964132
0.220155702648,0.245495519736,0.237678450406,0.29667032721
0.0873203600529,0.791573628334,0.0265031768665,0.0946028347469
0.432245376152,0.0212801553993,0.0223990959586,0.52407537249
0.0921775758195,0.025588787816,0.00429457393988,0.877939062425
0.177224495064,0.210599070733,0.0210751063787,0.591101327824
0.0135256314956,0.125044687096,0.832728210012,0.0287014713962
0.131217066488,0.0928504796638,0.322037650428,0.453894803421
0.0372074132342,0.0852365766232,0.844670156283,0.03288585386
0.0990209921857,0.197080450675,0.00454872874483,0.699349828395
0.10249710171,0.869854184781,0.00191357675409,0.0257351367548
0.0133148525042,0.165530347405,0.799285358688,0.0218694414025
0.215861673633,0.162029666963,0.149611108576,0.472497550828
0.770712448002,0.00610258940327,0.176731377988,0.0464535846059
0.00557163985892,0.325867583818,0.40913010375,0.259430672574
0.45401248124,0.0621729063107,0.0877007713851,0.396113841064
0.187887505627,0.137939713886,0.0263972344578,0.647775546029
0.00699848185225,0.670207408806,0.00523609862366,0.317558010718
0.519255001201,0.0631170908817,0.0823349048617,0.335293003056
0.451330997783,0.298452657787,0.207777636051,0.0424387083795
0.0435322578676,0.239212584123,0.660192596736,0.0570625612735
0.000984773140813,0.994564383166,0.00349799432853,0.000952849364847
0.0823658665375,0.166174935189,0.292975610181,0.458483588092
0.128378443639,0.205118477966,0.485907730211,0.180595348184
0.0086520693036,0.113927365421,0.452118646492,0.425301918784
0.495409023526,0.330318958605,0.0489399460122,0.125332071857
0.358067441286,0.0882568280758,0.495586416466,0.0580893141729
0.00788500604596,0.0343242411466,0.823073243982,0.134717508825
0.230986595026,0.0835429121882,0.5004732855,0.184997207287
0.0738561486031,0.0979216976867,0.793560186423,0.0346619672875
0.104528682791,0.5492422781,0.266597136354,0.0796319027548
0.0501904796532,0.555705501204,0.248780298379,0.145323720764
0.0435831578897,0.0447865648353,0.910788508309,0.000841768966181
0.324490244901,0.00547895659054,0.417849836889,0.252180961619
0.112532422859,0.0565371228154,0.58099711602,0.249933338306
0.758593937954,0.0196268075109,0.0353203083608,0.186458946174
0.00934283225745,0.391282885526,0.544537700045,0.0548365821715
0.512656100586,0.115366850603,0.219933041437,0.152044007374
0.2588724461,0.182233928297,0.131903778221,0.426989847382
0.000496731175947,0.8291306408,0.0550651387632,0.115307489261
0.355687182666,0.193549834511,0.00930043704337,0.44146254578
0.0041308355877,0.0715810932239,0.452931729591,0.471356341597
0.0110250120923,0.410982814828,0.142645955954,0.435346217125
0.0148750246299,0.466122469381,0.173635976672,0.345366529317
0.00632704297087,0.114223062734,0.00264564050254,0.876804253793
0.0553576534472,0.268252058088,0.0410462431484,0.635344045316
0.0222452149243,0.0301125908961,0.674435109573,0.273207084606
0.160066636823,0.0900469549304,0.337312147688,0.412574260558
0.17520200076,0.579207133762,0.0702959846288,0.17529488085
0.0962567052233,0.351617779811,0.381233350462,0.170892164503
0.0432546123413,0.617961031757,0.28824624523,0.0505381106725
0.000690967815457,0.0200591668867,0.200855227825,0.778394637473
0.379643004075,0.279651597283,0.219112922678,0.121592475963