0.00165941159552,0.0806254612086,0.210021950807,0.707693176389
0.0276863812098,0.558613792398,0.308101815847,0.105598010546
0.0900442875251,0.354111153978,0.0466724106429,0.509172147854
0.70111809756,0.0145409312433,0.036403163247,0.247937807949
0.300530837285,0.444096321017,0.00862530417623,0.246747537521
0.156271192852,0.30378462214,0.114993349409,0.424950835599
0.237771704568,0.562806257216,0.0463757745038,0.153046263712
0.655518338551,0.0808965860783,0.0189305696131,0.244654505757
0.468526695589,0.0143360216806,0.0833093393509,0.433827943379
0.0906870585756,0.797955585636,0.0714383439094,0.0399190118794
0.526260027068,0.0789408971879,0.350543865964,0.0442552097798
0.103287469578,0.680279565941,0.203044723101,0.0133882413807
0.392303318939,0.111003597841,0.256209644304,0.240483438915
0.332765131542,0.549948090984,0.0894444727841,0.0278423046896
0.382705866068,0.192548665866,0.0317294279343,0.393016040132
0.0857846273685,0.0464884819752,0.0966354327892,0.771091457867
0.115112836069,0.074739901966,0.403635836961,0.406511425004
0.0131652366106,0.432314070019,0.101787298311,0.452733395059
0.0469346910783,0.0168810879098,0.74380608317,0.192378137841
0.160252004242,0.548638713114,0.0599501063714,0.231159176272
0.299852028439,0.0971114780002,0.586859721199,0.0161767723618
0.405550293143,0.0364322904073,0.0850620731227,0.472955343327
0.0138872546371,0.945392563798,0.039704072976,0.00101610858854
0.329238429645,0.11679788367,0.470449385318,0.0835143013676
0.0611217256523,0.317810678702,0.620197202932,0.000870392714113
0.0258772027773,0.0852633225518,0.252739729263,0.636119745408
0.0863632971434,0.604772748151,0.0561756637521,0.252688290953
0.633713369472,0.0992361227475,0.0263197126205,0.24073079516
0.526849930115,0.342202378489,0.0805897705386,0.0503579208573
0.599062189889,0.230200218414,0.105042192541,0.0656953991556
0.093973600398,0.483895206383,0.247400439243,0.174730753976
0.3999615977,0.286298458495,0.169514186749,0.144225757056
0.405045202942,0.193624339654,0.226216390651,0.175114066753
0.0327514896465,0.125495382929,0.837244498905,0.00450862851896
0.0911991047374,0.28583103734,0.242329258999,0.380640598923
0.99578896438,0.000754483791991,0.00253192663404,0.000924625193739
0.0349018029126,0.435830771541,0.022852405455,0.506415020092
0.154699639777,0.260998247825,0.552152848579,0.0321492638189
0.073630199248,0.0774996334268,0.212077397903,0.636792769422
0.377053597502,0.326698616399,0.234423637526,0.0618241485728
0.231349845595,0.00135755503957,4.19039797737e-06,0.767288408967
0.0125292459845,0.0185863496018,0.00196750848924,0.966916895924
0.284424957795,0.174883039859,0.282070167503,0.258621834843
0.0248413896046,0.383008869427,0.0103468363503,0.581802904618
0.134277015016,0.0213420723055,0.0670724974584,0.77730841522
0.0381972923936,0.234047701507,0.664484452286,0.0632705538128
0.00355041383582,0.0441706506829,0.3027185476,0.649560387881
0.928184794761,0.00364295768579,0.00255542795934,0.0656168195942
0.0235200659146,0.00116778751719,0.974294931484,0.00101721508419
0.220864201257,0.05442121167,0.202714690595,0.521999896479
0.0147994626154,0.377960834707,0.111672924536,0.495566778142
0.123358840563,0.25059189464,0.435543289004,0.190505975793
0.821162267777,0.09145159124,0.0176071810013,0.0697789599819
0.19357814948,0.376492136737,0.0137244873049,0.416205226478
0.0779395869553,0.712521240046,0.149098768944,0.060440404054
0.0122614307884,0.131134929031,0.684432994264,0.172170645917
0.462238833562,0.00169933422905,0.521160221405,0.0149016108042
0.133232861448,0.307683481929,0.146490957842,0.41259269878
7.68874365935e-06,0.136781252307,0.863068925935,0.000142133013875
0.244432574772,0.154247453496,0.480294583105,0.121025388627
0.0109661808146,0.938950029801,0.00125804510288,0.0488257442817
0.20214616674,0.72540478362,0.0370790028675,0.035370046772
0.148775288077,0.0496134660784,0.794702972314,0.00690827353011
0.272765226328,0.364869018121,0.186118416867,0.176247338685
0.431023507234,0.224277183638,0.126581246029,0.218118063099
0.95695268384,0.005598133055,0.0122759955064,0.0251731875991
0.00990165870154,0.00255210619793,0.981572598428,0.00597363667223
0.223251713204,0.00414961059373,0.181095817621,0.591502858582
0.185654378926,0.420706505806,0.169914334374,0.223724780893
0.178533024023,0.0419883713456,0.368465940839,0.411012663792
0.719755533819,0.0494965288928,0.0320205995874,0.198727337701
0.0404429148427,0.0817945031508,0.863153207963,0.014609374043
0.0612086291529,0.0253580316327,0.00824251437856,0.905190824836
0.041683318949,0.0231462606138,0.171631512528,0.763538907909
0.190562755762,0.475821117284,0.0578820094173,0.275734117536
0.2290969292,0.447503308094,0.311064058006,0.0123357047002
0.275477797097,0.221275431845,0.210470143472,0.292776627585
0.0902992982724,0.273841377874,0.0256193651173,0.610239958736
0.17936403149,0.313802560251,0.324802626584,0.182030781676
0.646446199962,0.331911381842,0.00876557095499,0.0128768472414
0.224262878969,0.124135786203,0.0828587557123,0.568742579115
0.0192461524241,0.0276352434166,0.626822293668,0.326296310491
0.572582861475,0.0581395064755,0.00289886812472,0.366378763925
0.040569478457,0.70356996628,0.0499469698947,0.205913585368
0.433625747821,0.235381616782,0.102749953586,0.228242681811
0.126813924249,0.647293498848,0.104009789517,0.121882787386
0.259612002371,0.329052567053,0.385255970662,0.0260794599136
0.136717964718,0.433918865492,0.0494739840304,0.379889185759
0.126359819388,0.0107634020108,0.80394178395,0.058934994651
0.234612669333,0.048461262358,0.66169839692,0.0552276713883
0.0301749641986,0.0387353682902,0.918540858558,0.0125488089533
0.0164884506658,0.017106592948,0.104786201034,0.861618755353
0.268074736267,0.713061416184,0.0185137740226,0.000350073526855
0.22753420007,0.100581162708,0.286216692468,0.385667944753
0.00719739408812,0.246341533286,0.561181521735,0.185279550892
0.0141495804689,0.596954974592,0.339860148513,0.0490352964256
0.0167069316479,0.0861588566536,0.8243328669,0.0728013447989
0.0450778574563,0.916520188354,0.0193535431331,0.0190484110568
0.163848795741,0.0483428253976,0.0931934699591,0.694614908903
0.0092915012736,0.00806775700059,0.460743715285,0.521897026441
0.0771069179644,0.832281317239,0.0457947226055,0.0448170421914
0.270743736441,0.0246232637092,0.401206101141,0.303426898708
0.267140881826,0.183500530365,0.492759330315,0.0565992574941
0.0296071324494,0.206746790319,0.733024359034,0.0306217181978
0.20966596244,0.515339870407,0.104850442407,0.170143724747
0.158681534249,0.431189266678,0.218819524979,0.191309674093
0.0488180263499,0.577432694809,0.247083185576,0.126666093265
0.0513844134825,0.167857630056,0.102652736078,0.678105220384
0.220351466735,0.0724704084379,0.3783388605,0.328839264326
0.092761602118,0.0225971059598,0.598548997995,0.286092293928
0.408351616236,0.0578936499811,0.508691515548,0.0250632182355
0.196329279174,0.00588648135489,0.0342991236392,0.763485115832
0.0972648592639,0.672538627548,0.00886334119083,0.221333171997
0.477116343173,0.208125064975,0.0131418582917,0.301616733561
0.160678191559,0.227978954414,0.568760581783,0.0425822722444
0.472408300654,0.213888628701,0.292713996441,0.0209890742037
0.426540814206,0.00913964772635,0.00414104534504,0.560178492723
0.243805130749,0.0531733112135,0.174499769424,0.528521788614
0.237095741873,0.651454386523,0.0324357249054,0.0790141466978
0.0393904642887,0.0155491926093,0.263424987843,0.681635355258
0.00182097241197,0.435667111783,0.00776739335445,0.554744522451
0.482979769394,0.0788053507845,0.415428888447,0.0227859913751
0.0807340849615,0.153434316677,0.535421671983,0.230409926379
0.0190806012119,0.948832876217,0.0299923356891,0.00209418688155
0.0348942933001,0.0191745091218,0.702229399879,0.243701797699
0.269323802912,0.55208995117,0.120348356401,0.0582378895167
0.0488207902542,0.0190059829448,0.193924040462,0.738249186339
0.00101701389702,0.000666055738195,0.294482553996,0.703834376369
0.00366581152265,0.00733790255937,0.0230937096542,0.965902576264
0.919476207057,0.00468584628121,0.0722937888937,0.00354415776822
0.0832916781312,0.742493193437,0.00934529593832,0.164869832493
0.170676918035,0.0278519813814,0.0843416401453,0.717129460438
0.416909745345,0.199276412131,0.0955056252097,0.288308217314
0.0689713604779,0.00591823293826,0.911276378255,0.0138340283293
0.0441456195264,0.54048288112,0.36422612388,0.0511453754735
0.0456433686241,0.109235064274,0.761721369069,0.0834001980326
0.941544986363,0.0575562269223,0.000758639458228,0.000140147256789
0.00784656244915,0.037129597497,0.0165768318692,0.938447008185
0.207674169718,0.381768711166,0.0274920143142,0.383065104802
0.308650244176,0.0400108018167,0.0451000524552,0.606238901552
0.643731266199,0.220141730984,0.00499688143426,0.131130121383
0.140749919575,0.155200714279,0.0715045911706,0.632544774975
0.0583224249034,0.22537968361,0.664665254465,0.0516326370219
0.0792105534624,0.00539889979588,0.378630765262,0.53675978148
0.713024639858,0.0167136115187,0.0465515579345,0.223710190689
0.97726092657,0.0182634325832,0.00130736021778,0.00316828062893
0.155726583468,0.307561792096,0.531244730298,0.0054668941375
0.149955701966,0.55745412204,0.226751119114,0.0658390568801
0.00703640027931,0.443929868811,0.404931557732,0.144102173178
0.0690058263045,0.0202734154488,0.574817060467,0.335903697779
0.567966349391,0.0745743053829,0.32921587494,0.0282434702859
0.354960176547,0.431679902631,0.207676454869,0.00568346595361
0.148194256365,0.0512570022513,0.218624379169,0.581924362215
0.000938119975127,0.00205246252794,0.995720705438,0.00128871205912
0.0311705059008,0.0516126930611,0.161381227632,0.755835573406
0.705742247505,0.0934350008583,0.165494626268,0.0353281253689
0.120469391929,0.226043888156,0.0337345064418,0.619752213473
0.5352805898,0.00588272982356,0.266867528498,0.191969151878
0.00656081100303,0.41668794175,0.573311768292,0.00343947895527
0.0067336357468,0.747485896536,0.0932176114361,0.152562856282
0.337318478346,0.35465400701,0.250556351961,0.0574711626826
0.00614089647161,0.192624553357,0.800805131485,0.000429418686568
0.683286264452,0.142495547842,0.0919481061261,0.0822700815799
0.16460146252,0.252001860646,0.174648234852,0.408748441982
0.0784921674815,0.555312305375,0.00520606392233,0.360989463221
0.0334799043095,0.000233500891146,0.197724124443,0.768562470356
0.0750454640892,0.00544582479581,0.0399837618589,0.879524949256
0.222941143177,0.0320506688246,0.03755407346,0.707454114538
0.00584140574053,0.134198385989,0.575933268521,0.284026939749
0.214017336242,0.464587256838,0.119571259107,0.201824147813
0.528683064819,0.166951239653,0.190929468198,0.11343622733
0.170379657471,0.748407101858,0.0662185650876,0.0149946755841
0.0329790388991,0.184142097361,0.532004796645,0.250874067094
0.0956847730648,0.0475353480695,0.336508482371,0.520271396494
0.0352773231902,0.226239161238,0.169420423807,0.569063091765
0.026208236388,0.27408626699,0.578909215855,0.120796280767
0.0501116962372,0.113801873096,0.113362485069,0.722723945598
0.356663266568,0.00077705084272,0.0704128715849,0.572146811004
0.400954431758,0.250972347968,0.283997273535,0.0640759467384
0.507886347074,0.321727195942,0.163918024623,0.0064684323604
0.00354692312232,0.00224517131111,0.962492549317,0.0317153562491
0.602398726093,0.122585124356,0.150954347878,0.124061801673
3.13989475805e-05,0.0179801445345,0.967686146173,0.014302310345
0.131615221213,0.137474734092,0.423191544175,0.30771850052
0.0294882705628,0.83573941054,0.124494801114,0.0102775177833
0.0346478393616,0.184727226861,0.266228893363,0.514396040414
0.725018329218,0.043576434579,0.055017559897,0.176387676306
0.172314793495,0.602590545827,0.0185058480595,0.206588812619
0.0250316349117,0.709635138939,0.067196760311,0.198136465838
0.206638929135,0.163402458739,0.241302797054,0.388655815072
0.322650564535,0.175459039893,0.425273330042,0.0766170655304
0.16587230879,0.461888720236,0.147384684788,0.224854286186
0.518232782137,0.0397622829677,0.219006134287,0.222998800608
0.0997514771027,0.361869671625,0.353566337114,0.184812514158
0.121834440898,0.0821859493477,0.166250920369,0.629728689386
0.502884483482,0.0832736421359,0.0862017075035,0.327640166878
0.0156456389108,0.949877465616,0.019806830363,0.0146700651107
0.547806438679,0.0713441115256,0.127204104659,0.253645345136
0.119753443737,0.016100520399,0.412383702214,0.45176233365
0.179883486182,0.0555402340391,0.589191009058,0.175385270722