0.163284141741,0.14637662726,0.107455210905,0.582884020094
0.630663065238,0.167153565262,0.0364759134611,0.165707456039
0.123670364904,0.0370787069806,0.608540190613,0.230710737502
0.0495949551575,0.0307695214862,0.142668136289,0.776967387067
0.0793773801009,0.00222576010639,0.785156634385,0.133240225408
0.139320168864,0.774304238636,0.0550409880455,0.0313346044542
0.304670593882,0.177800145266,0.476173025221,0.0413562356316
0.00613187799743,0.592957086532,0.00445359494146,0.396457440529
0.0850658271907,0.290837178824,0.282665333458,0.341431660527
0.105242429326,0.0674900551456,0.0319977791614,0.795269736367
0.686918117754,0.0764379486125,0.103947154864,0.13269677877
0.0619045793953,0.813680103456,0.0984595894592,0.0259557276898
0.0697980709527,0.0799999435847,0.0451486042137,0.805053381249
0.0943669891738,0.0801217210861,0.801357506939,0.0241537828014
0.183447887229,0.764306057014,0.049661432988,0.00258462276939
0.06082354577,0.0928135525673,0.19426419779,0.652098703873
0.872478929276,0.0347880843064,0.0146234460883,0.0781095403297
0.163404000237,0.291410602167,0.0795491071182,0.465636290478
0.00362588909151,0.122023706023,0.0416397566838,0.832710648202
0.929868134401,0.0311675667954,0.00329801995011,0.035666278853
0.00537093406813,0.0373903542805,0.565601387797,0.391637323854
0.0635153827316,0.516529044158,0.419504282916,0.000451290194232
0.382836595387,0.00173954158532,0.464925913394,0.150497949633
0.337429348146,0.294168622721,0.169718030227,0.198683998906
0.870163249321,0.0646835585018,0.0298251337529,0.0353280584248
0.0825994263003,0.280729237804,0.47959744085,0.157073895045
0.00441923161181,0.867533764859,0.0109134276836,0.117133575846
0.0195997870092,0.667687780145,0.299051840811,0.0136605920349
0.866894635484,0.0173904548175,0.00105391549204,0.114660994206
0.661973330653,0.0110125719088,0.049244779258,0.27776931818
0.0797726016822,0.725098269432,0.0244540644217,0.170675064464
0.500482697451,0.144941278251,0.00419378434264,0.350382239956
0.384131432761,0.0987214625256,0.424990137774,0.0921569669392
0.0138810066566,0.0517769374128,0.428162987512,0.506179068418
0.020260747995,0.328132515396,0.0689017952274,0.582704941382
0.0158258853353,0.0137831291046,0.0204079039043,0.949983081656
0.0914438255925,0.495971132778,0.0129230478377,0.399661993791
0.64535356598,0.0692086442424,0.00605909092181,0.279378698856
0.000877539423671,0.939219268958,0.024465413565,0.0354377780537
0.51710236363,0.0662050589121,0.299101962488,0.11759061497
0.186759280797,0.251358345307,0.0248443305851,0.537038043311
0.845802866156,0.0205849626974,0.0951850468951,0.0384271242516
0.629321796719,0.0681000256329,0.274084683955,0.0284934936936
0.0277940238302,0.857765055591,0.0709921506531,0.0434487699255
0.155045779479,0.729402239469,0.0595193978664,0.0560325831862
0.0184500602478,0.0367222755878,0.0173956367832,0.927432027381
0.178845949922,0.275176118993,0.317371474509,0.228606456576
0.473349163377,0.231653052114,0.0688996582973,0.226098126212
0.133238675014,0.614395182899,0.190615153006,0.0617509890804
0.00872974090224,0.0538531678654,0.537693567863,0.399723523369
0.0320620232085,0.863952102261,0.0468589296354,0.0571269448953
0.103903867827,0.0342039067094,0.6882647202,0.173627505263
0.0372724711085,0.0185935260384,0.563134001342,0.381000001511
0.165271272614,0.514672932274,0.150359925687,0.169695869425
0.00886778243992,0.69543666775,0.095730148473,0.199965401337
0.00154923240097,0.640012443491,0.306719951266,0.0517183728423
0.00245899146157,0.964580775667,0.0213388007502,0.0116214321216
0.766591073073,0.0270031815832,0.094159415496,0.112246329847
0.203057043872,0.618843608205,0.0909028472906,0.0871965006327
0.0767816418853,0.0405718027328,0.817418428982,0.0652281264
0.392801658661,0.361660611077,0.0774145293386,0.168123200923
0.23150751414,0.624206441952,0.0490667906875,0.0952192532199
0.035920223999,0.140135656083,0.711928240748,0.11201587917
3.28950845797e-05,0.353318168568,0.000698835581609,0.645950100766
0.00591239010227,0.967358786646,0.00298125130122,0.023747571951
0.00816173852151,0.175219342792,0.773998475841,0.0426204428456
0.184513536887,0.0223443968726,0.358602427235,0.434539639005
0.54134181366,0.107944403445,0.0379632491575,0.312750533737
0.8521111884,0.106244695134,0.0328609836239,0.00878313284185
0.0458658864789,0.641373135381,0.024025224722,0.288735753418
0.0435473847316,0.604768716332,0.15838640584,0.193297493097
0.952221437194,0.0229357303813,0.00761411743319,0.0172287149912
0.522432334525,0.266301665974,0.0853188980223,0.125947101478
0.00951392775142,0.00619647668424,0.514638528393,0.469651067171
0.271367945539,0.0252551681706,0.682784693198,0.0205921930928
0.186776887232,0.137896821548,0.262440126258,0.412886164962
0.528215362532,0.299065856644,0.0606255336658,0.112093247158
0.400806112852,0.0175416531749,0.0317033237815,0.549948910192
0.00423908786105,0.102046787771,0.245611732242,0.648102392127
0.190281419514,0.301653101572,0.489417634981,0.0186478439339
0.0551124707411,0.0501577507011,0.890012633552,0.00471714500547
0.415885292705,0.021059172712,0.0359841563434,0.527071378239
0.00370838401088,0.0517518870275,0.372214034099,0.572325694863
0.433957036855,0.139754992186,0.0739821818665,0.352305789092
0.0899953715471,0.0553744680766,0.59920419428,0.255425966096
0.0445562463741,0.202133497511,0.724882708465,0.0284275476501
0.0843841556708,0.273052245235,0.383106504557,0.259457094538
0.171556481242,0.229722449417,0.163552274888,0.435168794452
0.35966439207,0.0125347017163,0.0280293778779,0.599771528336
0.0446614758704,0.756636644298,0.120240147168,0.0784617326633
0.369424765394,0.140535939139,0.120371789967,0.369667505499
0.067692014207,0.158316073512,0.374229334168,0.399762578113
0.468233472284,0.124482519958,0.0185105910737,0.388773416684
0.349772978812,0.321822059352,0.22317830575,0.105226656086
0.421551562656,0.205797445485,0.365867347692,0.00678364416627
0.00555946147437,0.0785067931933,0.342272794667,0.573660950666
0.368348693237,0.248981248862,0.0876985211,0.294971536801
0.738763191026,0.178724402686,0.0694992275713,0.0130131787172
0.591825959948,0.063499224735,0.150453170663,0.194221644654
0.31173029208,0.0119674059779,0.661302609533,0.0149996924091
0.582630879501,0.311983483968,0.0791700734934,0.0262155630374
0.62948432543,0.183037623805,0.105577027519,0.0819010232466
0.694089632651,0.106078126749,0.0942936876464,0.105538552954
0.00392141349055,0.171680596164,0.106070411611,0.718327578734
0.255701867999,0.529678977861,0.207859869287,0.00675928485351
0.0399826084528,0.237164982344,0.0829365689166,0.639915840286
0.00195850063151,0.0238715170247,0.973630281889,0.000539700455195
0.502777083265,0.132183661207,0.355826724626,0.00921253090162
0.0697948361296,0.00714908881065,0.836947277958,0.0861087971014
0.0184248547481,0.873053837368,0.0661697879187,0.0423515199649
0.120116243372,0.45242247382,0.274300197175,0.153161085633
0.521545762017,0.0378220197564,0.302478414342,0.138153803885
0.340967856646,0.394225534158,0.0708364404809,0.193970168715
0.107898755587,0.0201695741791,0.849423653847,0.0225080163876
0.208494467261,0.169278539352,0.453928740678,0.168298252709
0.195664608148,0.657190672803,0.0945443486127,0.0526003704357
0.67180736586,0.0684353683741,0.0935014259243,0.166255839841
0.459228524965,0.0730644490572,0.440260087746,0.0274469382317
0.013358934845,0.0863565534863,0.0465572840402,0.853727227628
0.325719529111,0.43568562894,0.0425271774354,0.196067664513
0.00962302904759,0.213771315544,0.196045639924,0.580560015484
0.588901367241,0.0267303616409,0.377895325133,0.00647294598544
0.330185769973,0.321538876285,0.165107243205,0.183168110537
0.138781652194,0.849630641198,0.00269982648016,0.00888788012796
0.00806690091892,0.692248969396,0.201340273241,0.098343856444
0.124679085812,0.651077629634,0.0972805949504,0.126962689604
0.0949313427,0.15858930443,0.542975006633,0.203504346236
0.00180270136275,0.338582487012,0.658600623142,0.00101418848361
0.0359717098974,0.432942027921,0.22198090619,0.309105355992
0.0964415161641,0.0198666636479,0.0166122391606,0.867079581027
0.271369803222,0.0634415756703,0.0622722857822,0.602916335326
0.105452522865,0.197410402786,0.156750951779,0.54038612257
0.983352580403,0.0036565934555,0.0126540854001,0.000336740740973
0.161628492156,0.327916627257,0.394885283275,0.115569597312
0.314542293526,0.134171906868,0.436141676318,0.115144123288
0.171939365652,0.0763609195347,0.0515553959053,0.700144318908
0.114503928063,0.0440156836324,0.088885041952,0.752595346353
0.05688126642,0.175289091962,0.184876337105,0.582953304513
0.638780388153,0.157104450556,0.00450080991586,0.199614351375
0.245137251051,0.023917647961,0.0564891381199,0.674455962868
0.0111726758808,0.0233967974775,0.770715388748,0.194715137894
0.434960726498,0.135928701201,0.228932196533,0.200178375768
0.926996696057,0.0254149274904,0.021515834154,0.0260725422984
0.208465767595,0.0891510034749,0.29668367543,0.4056995535
0.283129021298,0.389379803368,0.0203661555104,0.307125019823
0.00998830721364,0.904013444882,0.0309276006988,0.0550706472059
0.00678376548568,0.107933600313,0.0134691145027,0.871813519699
0.00530794259066,0.978393541909,0.00210621503164,0.0141923004683
0.0108744434444,0.0268474871431,0.935572902795,0.0267051666176
0.759468338715,0.0407035541518,0.0610229826086,0.138805124525
0.151541756513,0.249702475887,0.266369297623,0.332386469977
0.0274697514744,0.542033331585,0.0374537494785,0.393043167462
0.0327452715131,0.0561057136975,0.899704057876,0.0114449569134
0.345825846186,0.147663889711,0.197509019576,0.309001244527
0.165169788655,0.0086704804636,0.0154303906521,0.810729340229
0.774598372924,0.0428216140806,0.143845203318,0.0387348096776
0.836491195126,0.0812209756002,0.0741479440006,0.00813988527303
0.885349377024,0.05733333232,0.0115529857507,0.0457643049051
0.116490872922,0.0294301837428,0.288571464058,0.565507479277
0.284572546495,0.23407802416,0.364668994687,0.116680434658
0.123461550841,0.411659711569,0.2085875325,0.25629120509
0.356432298431,0.0347958455212,0.177403141758,0.431368714289
0.0664550860475,0.595437775303,0.00793322573012,0.330173912919
0.358259812592,0.313896051053,0.168754699313,0.159089437042
0.912913133319,0.00554887062679,0.00129240583114,0.0802455902229
0.115681339256,0.748395996284,0.126436486705,0.00948617775476
0.0811591756838,0.142695238423,0.754676324662,0.021469261231
0.0414560274241,0.0870120594558,0.760717105976,0.110814807144
0.0335894568323,0.734841828852,0.00710604988601,0.22446266443
0.0634166013816,0.0669671613594,0.586375157282,0.283241079977
0.0216695013164,0.0528321854317,0.779662113855,0.145836199397
0.369677920455,0.112717549834,0.274959161178,0.242645368533
0.0443658364406,0.310998780025,0.00404397622829,0.640591407306
0.227864148195,0.0823029204538,0.162872145291,0.526960786061
0.0793368090115,0.18866396613,0.439694862249,0.29230436261
0.589661636549,0.0145448310382,0.0161837772709,0.379609755142
0.621901743483,0.0814511014291,0.0485787910368,0.248068364051
0.0694135538419,0.0915360422324,0.160273344661,0.678777059265
0.00133356192336,0.00202932607494,0.0528985186873,0.943738593314
0.0425055533718,0.488869194958,0.170034149312,0.298591102358
0.711505143314,0.00974660859046,0.161918947561,0.116829300535
0.266810699233,0.219757123887,0.444983345374,0.0684488315061
0.0793826874512,0.0860492740184,0.503105564334,0.331462474197
0.00172497804926,0.79849516236,0.0359877006344,0.163792158956
0.764120634559,0.1449123593,0.0797273377894,0.0112396683509
0.126998644368,0.0507397983278,0.817912806006,0.0043487512987
0.017527444031,0.0389953623091,0.0854721862397,0.85800500742
0.0631228085932,0.032230984722,0.107770163851,0.796876042834
0.823728667099,0.0128472890152,0.0535617243034,0.109862319583
0.00731471151367,0.708060378028,0.152771632661,0.131853277798
0.0266922094386,0.117304861055,0.753782923532,0.102220005974
0.129750277806,0.356402605612,0.286045626581,0.227801490002
0.266517171642,0.270076805909,0.388066061117,0.0753399613316
0.12968501522,0.322367816378,0.498876889383,0.0490702790188
0.404403826819,0.333496978733,0.188582565171,0.0735166292764
0.0463620166042,0.172193401007,0.720265035165,0.0611795472238
0.0708523219876,0.120755176951,0.112978813452,0.695413687609
0.20806427181,0.0123763260673,0.761173540051,0.0183858620719
0.0133754220231,0.330278570393,0.263006526199,0.393339481385
0.742768292328,0.035982199054,0.180302788337,0.0409467202805