0.228345085078,0.0318504019093,0.728124138641,0.0116803743717
0.00793905616254,0.562408406576,0.154946075745,0.274706461516
0.168271518991,0.0490872030478,0.72637168159,0.056269596371
0.0267638571947,0.160286293603,0.263621257362,0.54932859184
0.00484645755323,0.0154215257844,0.976812729113,0.00291928754908
0.536123910074,0.0949367690978,0.0486175634628,0.320321757366
0.384435847084,0.0125069486831,0.0363475768021,0.56670962743
0.62022410773,0.0878406542109,0.195245085058,0.0966901530008
0.0690925415654,0.114294862843,0.591916953872,0.22469564172
0.0651901816958,0.206841750914,0.664454419342,0.0635136480487
0.158446920142,0.111112419599,0.121951569635,0.608489090624
0.393433515563,0.277887396408,0.234355738483,0.0943233495461
0.151854321538,0.601310947676,0.144651655708,0.102183075078
0.427582223723,0.38892154647,0.100505849046,0.0829903807609
0.462281722166,0.0869015394382,0.34856672267,0.102250015726
0.158989324128,0.400422857379,0.270560857343,0.17002696115
0.0723437166871,0.264399466309,0.000344941888309,0.662911875116
0.0802506863767,0.0127086164712,0.0218167456853,0.885223951467
0.0105037250046,0.936588998067,0.015724935502,0.0371823414261
0.126852579164,0.060121508612,0.362291378617,0.450734533607
0.565933819513,0.203867171074,0.205475842932,0.0247231664805
0.857190505144,0.12887451408,0.00303359343006,0.0109013873466
0.0618692292611,0.840548853105,0.0848598641718,0.0127220534617
0.109877535212,0.0909736069507,0.206396215619,0.592752642218
0.0556279248134,0.163616246176,0.168778184372,0.611977644638
0.158074442429,0.291442313947,0.311916021188,0.238567222436
0.313655016802,0.615209483986,0.0628326155738,0.00830288363769
0.821607282308,0.0606618731594,0.0632833316364,0.0544475128967
0.00699213085301,0.830273651974,0.15960492879,0.00312928838309
0.0763029498646,0.153456994801,0.115694064804,0.654545990531
0.545968418568,0.00550333416855,0.039795279286,0.408732967977
0.140304912077,0.746052718534,0.0745082209518,0.0391341484369
0.875259267471,0.117705237414,0.0058558837238,0.00117961139127
0.261902272349,0.417681138047,0.0754059679767,0.245010621628
0.0899641599863,0.417225958191,0.24254624065,0.250263641173
0.0229138325145,0.275693617814,0.612062419946,0.0893301297249
0.398349869477,0.164899778417,0.163655017764,0.273095334342
0.00257072927318,0.00339427198107,0.00167864403058,0.992356354715
0.0678695334296,0.385933120305,0.460477451868,0.0857198943975
0.626130069324,0.229206484027,0.0827666274682,0.0618968191807
0.110504822695,0.529384846461,0.0119925997986,0.348117731046
0.0178856751633,0.589901149809,0.320226004477,0.0719871705506
0.00302770746912,0.114849616861,0.736396936745,0.145725738924
0.0936225162908,0.758257879669,0.0696206196517,0.0784989843888
0.287167269393,0.0214148523238,0.245467950218,0.445949928065
0.402746961226,0.0216102102675,0.323866173201,0.251776655306
0.209531132522,0.0375038504238,0.591536182038,0.161428835016
0.0151614654851,0.00990140266083,0.175075180942,0.799861950912
0.334385209739,0.506764622846,0.0334265644763,0.125423602939
0.107305773835,0.125665427882,0.0443726902109,0.722656108073
0.00510317311422,0.413360319605,0.579473963531,0.00206254375021
0.0219319114038,0.0911369712504,0.87532334559,0.0116077717556
0.0783570749549,0.259748837469,0.153579300271,0.508314787304
0.0137807909896,0.0578935768878,0.926259351868,0.00206628025471
0.745988998558,0.0967840505586,0.0339617657613,0.123265185122
0.46503140431,0.194166751939,0.297000665073,0.0438011786773
0.786559865608,0.08616609399,0.000307011789291,0.126967028612
0.359296938623,0.250579252252,0.184593994162,0.205529814963
0.0159108631159,0.00539411698138,0.00647822943089,0.972216790472
0.00239250637064,0.0623462970412,0.623608430203,0.311652766385
0.0352914738084,0.214100673051,0.0309096266082,0.719698226533
0.266482003667,0.129904731111,0.488361181546,0.115252083676
0.911339065884,0.00504182076867,0.0823687010155,0.00125041233183
0.321248399871,0.103681410023,0.173589227534,0.401480962571
0.309004848926,0.492294871118,0.0499342566702,0.148766023285
0.074990014523,0.443391239848,0.331330193001,0.150288552628
0.0711615617654,0.418723945053,0.431752997716,0.0783614954658
0.588112209811,0.291820323753,0.027263931367,0.0928035350692
0.0220308829058,0.0215238098836,0.79068551628,0.16575979093
0.221813793136,0.420974283961,0.349493926832,0.00771799607036
0.177230001133,0.263269587628,0.403199870749,0.15630054049
0.574319672402,0.014333722137,0.306586034282,0.104760571179
0.19144260202,0.147907313214,0.602874991629,0.0577750931368
0.173564598898,0.541028140854,0.0658887880354,0.219518472213
0.0167771099768,0.274538310726,0.0306603021443,0.678024277153
0.0566064499363,0.831115024918,0.0376151433039,0.0746633818417
0.0748922079218,0.0311148391529,0.786957029529,0.107035923396
0.597564991998,0.117959996646,0.0431337064019,0.241341304954
0.0426058651979,0.575745870169,0.37022293183,0.0114253328033
0.328989555911,0.168688182791,0.251023620607,0.251298640691
0.103272608054,0.0845761150688,0.806158882381,0.00599239449588
0.000530039026007,0.00142638906798,0.000582609646356,0.99746096226
0.112983397163,0.0630590809123,0.138359339215,0.68559818271
0.790153991013,0.160338468516,0.0050950529685,0.0444124875024
0.500105843013,0.148903917806,0.254405892505,0.0965843466752
0.00283283289364,0.248243215647,0.00123377146737,0.747690179992
0.227651144649,0.0567280345626,0.490157374624,0.225463446165
0.00122700763324,0.00299610588196,0.995633554747,0.000143331737785
0.192139770613,0.432222033113,0.245871077174,0.1297671191
0.0122126500256,0.128914574734,0.369150084088,0.489722691152
0.000571062877688,0.00747709922869,0.913456140609,0.0784956972848
0.773038184502,0.189816201519,0.0259626620121,0.0111829519674
0.062905818041,0.00138321904641,0.139149868238,0.796561094675
0.0034056828195,0.0780185330717,0.00881598036419,0.909759803745
0.254299906891,0.229551113687,0.306886243773,0.209262735649
0.984317675705,0.00317557089165,0.00148393091307,0.01102282249
0.891269528589,0.0707753970402,0.0187890080691,0.0191660663022
0.430377268742,0.242807330924,0.0466417581041,0.280173642231
0.0934856476184,0.275793323447,0.118145181519,0.512575847416
0.076265484441,0.0620011912982,0.183441942401,0.67829138186
0.175661396919,0.105891804023,0.297027557893,0.421419241165
0.118365028545,0.146354356034,0.43300122257,0.302279392851
0.358156627136,0.187037450012,0.378211088537,0.0765948343154
0.499196626179,0.0736958925057,0.0530528775578,0.374054603757
0.0581791408636,0.00156302963606,0.0128118954557,0.927445934045
0.0139524677602,0.944859409967,0.0287936513573,0.0123944709156
0.0763027228595,0.324154852461,0.0989957830446,0.500546641635
0.522589781172,9.28285805117e-05,8.567676126e-05,0.477231713486
0.191589134748,0.285653275821,0.316854453955,0.205903135476
0.0846702610845,0.0154751909761,0.385008580361,0.514845967578
0.104095627991,0.874959400892,0.0189810066448,0.00196396447198
0.165343549399,0.335596293978,0.195071212964,0.303988943658
0.702419364308,0.183864192013,0.0705775976214,0.0431388460575
0.228210726608,0.0244028729599,0.259686095471,0.487700304962
0.0299568088253,0.831983254377,0.0606566898039,0.0774032469935
0.314652647337,0.0229609096561,0.216002731225,0.446383711783
0.524690999388,0.0626822662967,0.378673859744,0.0339528745712
0.00474296446155,0.966758028589,0.0116093214752,0.0168896854743
0.311506265771,0.0230059064022,0.423834253376,0.241653574451
0.675313411587,0.0279932641743,0.257388748667,0.0393045755724
0.0514436970189,0.878596183808,0.029826074547,0.0401340446263
0.446032978994,0.429459083364,0.100391946677,0.0241159909648
0.00279734885078,0.00780674909444,0.984867009247,0.00452889280826
0.421693851643,0.0141366666109,0.549042368163,0.0151271135833
0.690352177192,0.161355297079,0.00839736567636,0.139895160053
0.378882356999,0.476015949097,0.106587455889,0.0385142380148
0.0148419480781,0.825183302943,0.121479176621,0.0384955723579
0.27863544017,0.249728465601,0.470827502701,0.000808591527904
0.162276154083,0.184144515482,0.422517282477,0.231062047958
0.0448589698071,0.0115115048639,0.94335162577,0.000277899558578
0.327319263316,0.374337648725,0.272848052901,0.0254950350577
0.247038593566,0.0872220795833,0.231133694351,0.4346056325
0.209687751265,0.186109485646,0.11191345848,0.49228930461
0.00130404594824,0.992077697539,0.00377755356182,0.00284070295112
0.530664113544,0.0698768961322,0.285707295116,0.113751695208
0.095391982871,0.306204838329,0.0537963520279,0.544606826772
0.130490263585,0.0630376183734,0.783513836684,0.0229582813576
0.341470186836,0.203621283076,0.256352681206,0.198555848882
0.686675209145,0.0484600776623,0.0778764248128,0.18698828838
0.108024969887,0.0317775480877,0.852377925055,0.00781955697005
0.188351791659,0.00772791988143,0.00434286741386,0.799577421045
0.513402142844,0.110845086111,0.344224616002,0.0315281550426
0.282351133297,0.0974014990598,0.547562104433,0.0726852632106
0.044713816963,0.0951681362209,0.00118410876969,0.858933938046
0.0458435579417,0.108684692302,0.23044664223,0.615025107526
0.0334915994911,0.63264644597,0.21239301383,0.121468940709
0.136895401611,0.349553351285,0.391866139202,0.121685107903
0.000876149489476,0.649093524028,0.0629092269364,0.287121099546
0.0555611132435,0.185181407862,0.749850348915,0.00940712997952
0.0431015956135,0.00313448540815,0.00876512092433,0.944998798054
0.434565839473,0.266128115285,0.151057153265,0.148248891977
0.18191361632,0.682407942963,0.0950589704192,0.0406194702979
0.165798408686,0.0227157747746,0.517420027916,0.294065788623
0.450780711752,0.0139041454827,0.0123821472573,0.522932995508
0.00516205194877,0.0115719530272,0.966194231558,0.0170717634656
0.904369515206,0.00301249111917,0.000190755266546,0.0924272384079
0.0111608117085,0.0635428275442,0.349122148409,0.576174212338
0.104195749523,0.0696140656238,0.105208369564,0.720981815289
0.228090579726,0.271588312817,0.265093214009,0.235227893447
0.0422683640096,0.807308993668,0.0011870652781,0.149235577044
0.475989254938,0.437527931291,0.0229434821599,0.0635393316116
0.281461461753,0.00015854488978,0.66016276525,0.0582172281071
0.0847169222277,0.0670483508285,0.0941590743316,0.754075652612
0.329037053858,0.502512488968,0.0395980018934,0.12885245528
0.062853604005,0.00951459759216,0.10450224185,0.823129556553
0.125902123724,0.845781227029,0.0205514697248,0.00776517952227
0.222545720825,0.331930204354,0.0808219924619,0.36470208236
0.152259894392,0.267759254098,0.489502417195,0.0904784343154
0.983663797384,0.00273435421018,0.00642092344394,0.0071809249618
0.132945970858,0.0647750018975,0.328824561509,0.473454465736
0.00877261071006,0.965765688625,0.0222726599647,0.00318904069979
0.0751482951586,0.158227786929,0.0926591445721,0.673964773341
0.240466280575,0.533502644412,0.0018735550872,0.224157519926
0.116106021229,0.726718907456,0.0690956468437,0.0880794244721
0.00263552570539,0.356415346958,0.637371835037,0.00357729230005
0.216412081381,0.38256236909,0.35490863487,0.0461169146589
0.0994475495118,0.439812771721,0.345886842046,0.11485283672
0.04417563793,0.618334952441,0.10611807277,0.231371336859
0.0450473237759,0.0162433950139,0.907636357265,0.0310729239453
0.0201110872391,0.542261130021,0.432957376202,0.00467040653828
0.0342146718651,0.175056114107,0.772966942245,0.0177622717824
0.0440667002701,0.142882923769,0.70805989273,0.104990483231
0.00123319731354,0.128539392303,0.865580341587,0.00464706879637
0.0868858220407,0.323637691205,0.281362098106,0.308114388648
0.76538922245,0.00378138138053,0.0434613048878,0.187368091282
0.056908053014,0.000207656241239,0.942270517496,0.000613773248436
0.560260026677,0.207757861063,0.0887985158281,0.143183596432
0.033698097023,0.346689186575,0.410968254211,0.208644462191
0.613822047302,0.106239728552,0.035604818841,0.244333405305
0.0505351005008,0.0691621133327,0.103651038746,0.77665174742
0.199100473215,0.0399152755916,0.680818033147,0.0801662180467
0.38870117328,0.0352605009808,0.1063949831,0.469643342639
0.0100930974869,0.480264034226,0.411978723709,0.097664144578
0.36948812188,0.245415319751,0.00488335801933,0.380213200349
0.276467613063,0.197345517936,0.184062743978,0.342124125024
0.257228400489,0.253825460204,0.288910241738,0.200035897569
0.233831629229,0.00296473020915,0.669603936344,0.0935997042179
0.109762393669,0.170024426486,0.709634122456,0.0105790573884
0.0346674042833,0.844592162378,0.0571371003903,0.0636033329481
0.0777397724826,0.678105037822,0.179391764491,0.0647634252046