0.383100349663,0.230008906092,0.144955663256,0.241935080989
0.000756321120645,0.323599474905,0.658666204239,0.0169779997358
0.174576692546,0.0560184014105,0.565551219921,0.203853686122
0.0251784077542,0.900390583603,0.0122793457974,0.0621516628451
0.0970421181215,0.221629428223,0.582320967178,0.0990074864776
0.285971424839,0.0119116994515,0.690667076864,0.0114497988459
0.0636627410709,0.074495773464,0.577834893556,0.284006591909
0.271701261486,0.213198750609,0.127421807389,0.387678180516
0.103894816076,0.512922949266,0.346877471305,0.0363047633529
0.0125988452668,0.0146896762271,0.890789211168,0.0819222673381
0.0450094572168,0.620365509779,0.020080539168,0.314544493836
0.206327018471,0.0229312247605,0.0829795489242,0.687762207844
0.465534892767,0.0315667330875,0.0372553863463,0.465642987799
0.67226357786,0.0278366788192,0.205245346877,0.0946543964441
0.0837383440933,0.0343873588136,0.0256002500478,0.856274047045
0.119296525689,0.520992163469,0.0574288815589,0.302282429283
0.105104319251,0.707421104462,0.0227447499477,0.164729826339
0.184439886357,0.227612586083,0.550847748279,0.0370997792806
0.0153035305602,0.538290021418,0.227516835474,0.218889612548
0.0153073332073,0.493550883543,0.18455122204,0.306590561209
0.0513546015421,0.244963059455,0.298839290759,0.404843048244
0.0806079265955,0.858656342311,0.0505003236368,0.0102354074571
0.524699137438,0.137997681534,0.294016036099,0.0432871449289
0.221852336073,0.0562380708541,0.559963461403,0.161946131669
0.0062213747705,0.163218925945,0.681129522105,0.14943017718
0.0637936191541,0.65948388714,0.185525832789,0.0911966609166
0.40965415602,0.0456132819009,0.267957558154,0.276775003925
0.0414785481435,0.0750568645898,0.28451647179,0.598948115477
0.36975204996,0.0365493618544,0.397104315828,0.196594272357
0.0202699166296,0.397182550105,0.564249855749,0.0182976775164
0.356396568896,0.529687054816,0.0296389442053,0.0842774320827
0.702945255364,0.00155765837266,0.0210624262615,0.274434660002
0.0870669424479,0.607435613577,0.260302816791,0.0451946271835
0.655779262022,0.335731768699,0.0026316292224,0.00585734005609
0.0026173854245,0.425767690199,0.00603274126353,0.565582183113
0.0586301339036,0.495903645129,0.306286737588,0.139179483379
0.00839187491383,0.0992015582803,0.880395930508,0.012010636298
0.597869184085,0.168943400945,0.165033818984,0.0681535959862
0.0536722038375,0.0324702736215,0.904147704972,0.00970981756865
0.245264675178,0.00671343866223,0.143889758721,0.604132127439
0.0123332267746,0.885138447992,0.0657333233663,0.0367950018673
0.499141625888,0.218217186179,0.098855569152,0.183785618781
0.0300103583206,0.0574011470972,0.861427038789,0.0511614557929
0.00395320321749,0.0852931196515,0.905452259358,0.00530141777308
0.138381019465,0.154721859586,0.45748104901,0.249416071939
0.00163241775166,0.848786154602,0.0886656186563,0.06091580899
0.137476825809,0.331417966408,0.131081903863,0.40002330392
0.0209830524482,0.0656577870523,0.289983216395,0.623375944104
0.0339163248061,0.200366097903,0.74097219845,0.024745378841
0.0372671368947,0.158088710132,0.0846691880708,0.719974964902
0.0236160780797,0.234093302598,0.0442437449253,0.698046874397
0.221291275813,5.1631284751e-07,0.778678188413,3.0019462127e-05
0.0672489289936,0.0397490458741,0.854039848112,0.03896217702
0.412665707282,0.066896501761,0.292101421613,0.228336369344
0.0414248401179,0.751368648174,0.141519326389,0.0656871853196
0.0741750556115,0.0702217339025,0.484548371038,0.371054839448
0.0451747279842,0.0449774270266,0.41414303103,0.495704813959
0.128272631307,0.0955260925907,0.307160975482,0.469040300621
0.270446464767,0.151575687549,0.489859868197,0.0881179794872
0.797531316625,0.106282716188,0.00537418456297,0.0908117826238
0.163460726512,0.0645392755265,0.464580152454,0.307419845508
0.390836321139,0.203731951262,0.108661508141,0.296770219458
0.0196392905214,0.0847341301385,0.636513740875,0.259112838465
0.0419071843306,0.0881344829754,0.0382230263764,0.831735306318
0.0841245054213,0.822544591479,0.0609373720261,0.0323935310736
0.258929536605,0.0155060994066,0.330969854508,0.39459450948
0.29524259013,0.122889727734,0.580683104624,0.00118457751289
0.0269730253009,0.0164483085444,0.485319185515,0.47125948064
0.533776879797,0.195537785947,0.174077989563,0.0966073446927
0.0128135106,0.00920816225139,0.0246358623538,0.953342464795
0.554379123301,0.205223400405,0.103592428328,0.136805047966
0.0659027138737,0.0555444847826,0.0610763272196,0.817476474124
0.359422227053,0.0564962198964,0.355085195939,0.228996357112
0.00012976121759,0.90602428737,0.0938263534994,1.95979129297e-05
0.849991192736,0.0190713584241,0.097325383345,0.0336120654948
0.109295176921,0.0729955417415,0.0455329038273,0.772176377511
0.768733015008,0.0232107792064,0.184419521615,0.0236366841712
0.00763253431477,0.531881889956,0.000353971842913,0.460131603887
0.459708194605,0.342495340271,0.0525290248882,0.145267440235
0.86671097958,0.0442878709103,0.0800332999514,0.00896784955879
0.446269694125,0.217817366626,0.122062323061,0.213850616188
0.43249416879,0.107273393875,0.0393794545142,0.420852982821
0.334382630753,0.301556806059,0.0584557539519,0.305604809236
0.879153721195,0.0382292015105,0.0258518580207,0.0567652192738
0.00630524301541,0.0410189235971,0.0629233087061,0.889752524681
0.403480746553,0.282987061804,0.0971078770547,0.216424314588
0.306041893824,0.0554027281041,0.59895408844,0.0396012896317
0.100679067771,0.898629869438,0.000499020666788,0.000192042123311
0.238397904282,0.331599036496,0.376664015135,0.0533390440866
0.936991679037,0.0582562925338,0.00228202414769,0.00247000428161
0.764459242364,0.0826147939368,0.0340964488751,0.118829514824
0.0128491374307,0.122820650958,0.854482570144,0.00984764146702
0.0665940961134,0.460654794326,0.429580420993,0.0431706885677
0.625031318057,0.011833399089,0.0335924050594,0.329542877795
0.0581887328375,0.0396177346362,0.00454669015359,0.897646842373
0.099058721392,0.302804869978,0.203645136,0.39449127263
0.0799119903189,0.00710461094413,0.901015119455,0.011968279282
0.00271020688843,0.180481495726,0.0664462104601,0.750362086926
0.167238641028,0.583058545367,0.0183449937158,0.23135781989
0.0765899546061,0.0194881506813,0.77800727072,0.125914623993
0.237043823591,0.543632682759,0.187398339953,0.0319251536973
0.127012518256,0.417530874309,0.141072806805,0.31438380063
0.0285740244878,0.692195775224,0.114414095086,0.164816105202
0.0289538007877,0.396862763301,0.428170669575,0.146012766336
0.0333829816186,0.121520466289,0.692202020712,0.15289453138
0.088572866233,0.0511596057875,0.684684929496,0.175582598484
0.18462716959,0.545474131149,0.0246799905795,0.245218708681
0.465284259626,0.117052522602,0.329639760974,0.0880234567977
0.0311693534794,0.613007378749,0.0486909276868,0.307132340085
0.561903691137,0.110546501564,0.179705120461,0.147844686838
0.1377038441,0.0521374365028,0.309002764597,0.501155954801
0.0318068983954,0.0685576084427,0.32790433401,0.571731159152
0.0839356231999,0.431291163842,0.25397489493,0.230798318028
0.367873718357,0.570999771635,0.0278063253156,0.0333201846924
0.17555779926,0.049159735008,0.653889894449,0.121392571282
0.0070688934392,0.197319308468,0.0113684850852,0.784243313008
0.627735781436,0.0822752549035,0.119576462388,0.170412501273
0.12342116518,0.688628601379,0.0619333776169,0.126016855824
0.183776273414,0.0273978446342,0.579134854358,0.209691027593
0.245911191725,0.137544216751,0.458450852388,0.158093739136
0.0275572890153,0.0176593634713,0.587578223392,0.367205124122
0.00346258521766,0.452572458642,0.52819224209,0.01577271405
0.759776015199,0.0282454071211,0.131893448782,0.0800851288981
0.134249581166,0.361740550362,0.104715627865,0.399294240607
0.44053164999,0.182351514559,0.35585618985,0.0212606456015
0.83239943414,0.00158793202839,0.00344761041424,0.162565023417
0.124572738472,0.435669963698,0.298946026585,0.140811271245
0.00891151284215,0.089025128042,0.254539783928,0.647523575188
0.474565454361,0.025608210454,0.0820052635899,0.417821071595
0.0608203525448,0.607256969824,0.18990038723,0.1420222904
0.316117162788,0.483606341716,0.0624974482082,0.137779047289
0.103016829218,0.0189922386522,0.311385685847,0.566605246282
0.499356882225,0.173446236698,0.144445128309,0.182751752769
0.367984333521,0.0332370145214,0.0310897748395,0.567688877118
0.0315074192961,0.10208184924,0.0403831613704,0.826027570094
0.0188659053658,0.55214775383,0.0415271158124,0.387459224991
0.0501694055694,0.737117206142,0.0474469990204,0.165266389268
0.470820287022,0.142334056962,0.217941738633,0.168903917383
0.135584311435,0.151005636225,0.223708259934,0.489701792407
0.519677717734,0.173077388894,0.0405927327639,0.266652160608
0.0377912078406,0.469959575438,0.132202390353,0.360046826368
0.520522130088,0.0458494782722,0.289387913483,0.144240478156
0.0236642675341,0.792225061291,0.158986704684,0.0251239664901
0.038765930331,0.109361918319,0.0772077265969,0.774664424753
0.0631033581169,0.302032124543,0.540539876106,0.0943246412348
0.846439621196,0.031263519228,0.0104702838854,0.111826575691
0.765204722253,0.0964349284095,0.0621870768605,0.0761732724769
0.222567787148,0.0795034393389,0.630647204624,0.0672815688893
0.00708530689635,0.0664971073355,0.190903978568,0.7355136072
0.255933951613,0.0440003493796,0.310317522786,0.389748176222
0.495476033134,0.00161226208994,0.0157790003846,0.487132704392
0.0123652019839,0.171113667146,0.662579251159,0.153941879711
0.231021387892,0.183907256081,0.580388211322,0.00468314470469
0.00214460492396,0.151448014881,0.743380799904,0.103026580291
0.554840041592,0.052036057539,0.343242048036,0.0498818528325
0.280647766577,0.311597373746,0.234248349684,0.173506509993
0.0354465515044,0.013570311949,0.937731281856,0.0132518546904
0.0313251929831,0.00645642812289,0.935866381027,0.0263519978673
0.609346533098,0.341210169929,0.0283838566577,0.0210594403153
0.0507875777717,0.13998247535,0.230170268101,0.579059678777
0.386900131435,0.177344998579,0.136272192373,0.299482677613
0.130750570792,0.76680651417,0.0939184501304,0.00852446490756
0.0675474431858,0.046153101073,0.0115806552758,0.874718800465
0.164708256947,0.303750011395,0.02170949606,0.509832235599
0.11021235688,0.131897403445,0.257637243988,0.500252995688
0.000244885245211,0.930981316621,0.0652869716607,0.00348682647264
0.67699604127,0.0664271220534,0.0537912717716,0.202785564905
0.694331287558,0.102142071397,0.00729668399951,0.196229957045
0.0107413956971,0.0088924428917,0.820736214996,0.159629946415
0.871889217315,0.0973479205289,0.0251418991063,0.00562096304959
0.00863188070533,0.0386836926789,0.80028061998,0.152403806635
0.733568882399,0.0891058396035,0.174519546649,0.00280573134797
0.263290111297,0.162233525076,0.339266933219,0.235209430408
0.165961958934,0.213969202419,0.0538279983209,0.566240840326
0.533152786117,0.122552220141,0.294881635998,0.0494133577437
0.277565131572,0.23987074269,0.283867354987,0.198696770751
0.10448045134,0.166667830817,0.417460760483,0.311390957359
0.483405928196,0.0201056792271,0.39520422585,0.101284166728
0.0171103254368,0.726691303067,0.086514170459,0.169684201038
0.0592657899501,0.442409967052,0.141815771055,0.356508471943
0.148048337893,0.718144925944,0.0277535571804,0.106053178982
0.130094743136,0.0439461345352,0.722584906849,0.103374215479
0.387298592602,0.0146494026392,0.0120289745788,0.58602303018
0.432410330833,0.443916747541,0.112361094241,0.0113118273852
0.135942301434,0.131429100352,0.272698575645,0.459930022569
0.0463344374004,0.323547554929,0.533132154884,0.0969858527862
0.00693531629955,0.7058356391,0.28456723461,0.00266180999032
0.590078187672,0.129100371696,0.0181427695555,0.262678671077
0.00209514557493,0.786631771439,0.100630849724,0.110642233262
0.0950657519908,0.0276759982557,0.159012880876,0.718245368877
0.280706520848,0.17502431151,0.290297895566,0.253971272076
0.000327434423557,0.0024433086237,0.988032883772,0.00919637318072
0.0442095325259,0.0405408191178,0.842335431505,0.0729142168514
0.362526278495,0.294745701747,0.202553206365,0.140174813392
0.539083851968,0.0204253714131,0.423189578772,0.0173011978462
0.00167891387817,2.9811257586e-05,0.998240580208,5.06946562323e-05
0.182697585228,0.0243130075004,0.0514796671819,0.741509740089
0.101542790792,0.00011569857917,0.551351107463,0.346990403165
0.193547688767,0.502832653521,0.232960951386,0.0706587063259
0.0923483110973,0.591402482555,0.260359770639,0.0558894357087