0.094329572395,0.300080067852,0.448259281689,0.157331078064
0.563479274337,0.0166340907556,0.412024172262,0.00786246264449
0.0234745033469,0.00878695896542,0.160328200229,0.807410337458
0.186574176074,0.287694430805,0.238780755447,0.286950637674
0.0552184317521,0.0772089362015,0.456891340014,0.410681292032
0.126191956196,0.563321830011,0.00921114114611,0.301275072646
0.0191307327033,0.449414199894,0.00611922349846,0.525335843904
0.165414285795,0.0892917056701,0.0044103460181,0.740883662517
0.0307706057014,0.491506927035,0.117188114203,0.360534353061
0.0843095726473,0.0342423235939,0.268692661388,0.612755442371
0.750948838131,0.0157618058382,0.0326270334016,0.200662322629
0.116178943066,0.734809026141,0.0560356178182,0.0929764129749
0.0651161801582,0.859700782376,0.0446079078567,0.0305751296087
0.168257547552,0.13295883241,0.620886684532,0.0778969355048
0.228014693119,0.675663133375,0.0513513599001,0.0449708136059
0.0783202852947,0.114521858301,0.213790853167,0.593367003237
0.330142222796,0.173705485756,0.00878554147606,0.487366749972
0.250090788256,0.725808660055,0.00789112010694,0.0162094315821
0.924760580381,0.0748866624427,6.44532419586e-05,0.000288303933939
0.301424278407,0.0354858892689,0.117334591,0.545755241324
0.738347618218,0.0938664607812,0.0371991502851,0.130586770716
0.129036151452,0.165180359978,0.430375591244,0.275407897326
0.0926023411596,0.0338930156947,0.227064377506,0.646440265639
0.00495664824434,0.0129649881976,0.980418197799,0.00166016575874
0.058625682929,0.0786880804438,0.243964077115,0.618722159512
0.092729954217,0.7392921075,0.102265901824,0.0657120364589
0.0376970573693,0.183109140709,0.413187459605,0.366006342317
0.0425143740257,0.793163551172,0.0147287455662,0.149593329236
0.00117096206767,0.066071778191,0.00107453899181,0.93168272075
0.718422368064,0.00262069061924,0.00436721116537,0.274589730152
0.295948919905,0.0644864982668,0.613749293154,0.0258152886739
0.03205894696,0.704049943567,0.0391129985964,0.224778110877
0.213548608347,0.0659680702543,0.67000246405,0.0504808573488
0.32506131096,0.212967632099,0.0598263402044,0.402144716736
0.0851998133373,0.150208914264,0.490455413358,0.274135859041
0.0800740145958,0.00534932157469,0.834801078119,0.0797755857105
0.510985418607,0.0779302745151,0.0446749225823,0.366409384295
0.026557603093,0.80450954026,0.070959965357,0.0979728912895
0.0756608521841,0.084859364561,0.751586779713,0.0878930035416
0.817421359627,0.0347876518206,0.06693861517,0.0808523733828
0.595365860325,0.306607873598,0.0226385690272,0.0753876970501
0.341555920523,0.149722715231,0.109865260956,0.39885610329
0.0204595071983,0.834093220315,0.0955868266124,0.0498604458743
0.385073540657,0.0470642111796,0.024745354763,0.543116893401
0.151456819245,0.348288682668,0.0825704497753,0.417684048312
0.0454858340619,0.0379360438776,0.733050425366,0.183527696694
0.0713841352868,0.414114190265,0.121736507319,0.392765167129
0.190358808668,0.774760090372,0.0335239305021,0.00135717045822
0.583123656517,0.174524062737,0.1943826238,0.0479696569469
0.0575839848531,0.19708866287,0.0917070783769,0.6536202739
0.139834809512,0.593090853429,0.133188626808,0.133885710251
0.494838693,0.018143303945,0.174184141924,0.31283386113
0.402800378292,0.00524453115661,0.000342748378824,0.591612342173
0.333150047149,0.56649603125,0.0445930071511,0.0557609144497
0.00636649240796,0.216651879987,0.768001254866,0.00898037273832
0.225592722314,0.410989232554,0.0350230348121,0.32839501032
0.377819543049,0.305859411917,0.306138031493,0.0101830135417
0.0239382541359,0.06745242856,0.883894401918,0.0247149153861
0.532220043517,0.291488929615,0.0446198251422,0.131671201726
0.0638577820104,0.915475563643,0.00911838952304,0.0115482648241
0.435075564429,0.0987717732265,0.15421043761,0.311942224734
0.211120521099,0.386290113367,0.243199496772,0.159389868762
0.249860292796,0.00318537691725,0.603113856088,0.143840474198
0.459600008437,0.205987119373,0.287730493103,0.0466823790866
0.187497987334,0.459511783101,0.109937349012,0.243052880553
0.42144583462,0.0241070779396,0.47788769814,0.0765593892996
0.17825995343,0.0116521167548,0.380807829293,0.429280100522
0.122022875052,0.656390527455,0.199453551717,0.0221330457753
0.185366655897,0.159276055511,0.00472977955087,0.650627509041
0.0833726092226,0.0205302868159,0.106361022602,0.789736081359
0.0985367072455,0.806371645963,0.0712697253642,0.0238219214274
0.200635606188,0.535128263375,0.21944685131,0.0447892791267
0.107352716477,0.523756552798,0.208932661489,0.159958069236
0.0225893715391,0.00783277489038,0.0679342886939,0.901643564877
0.140952501245,0.331066531805,0.36503988306,0.162941083891
0.173617522301,0.00490494162418,0.752628365781,0.0688491702939
0.0587372619881,0.105133049404,0.0681319042955,0.767997784313
0.321122306061,0.12377248994,0.261098710528,0.294006493471
0.00139562211885,0.0454204860313,0.0430159468671,0.910167944983
0.812764756401,0.00600759932066,0.074259391353,0.106968252925
0.31396885202,0.2847611086,0.215646224282,0.185623815098
0.522027520417,0.365973934368,0.0991945992916,0.012803945924
0.339518136676,0.00097232954208,0.627744891948,0.0317646418342
0.330092463628,0.127038401064,0.0423249244493,0.500544210858
0.00538406147763,0.980749335195,0.0133945524817,0.00047205084559
0.848704495125,0.00404903437164,0.119459045074,0.0277874254294
0.0512904109752,0.54991886384,0.030501264567,0.368289460618
0.143397678418,0.0187588347311,0.0304118226446,0.807431664207
0.0336022265161,0.0524856471464,0.87865900809,0.0352531182478
0.26491744873,0.0890487072603,0.267863974054,0.378169869956
0.237409200114,0.521139004926,0.025797864473,0.215653930486
0.598482170726,0.00246233776039,0.320860477986,0.0781950135277
0.0213016420926,0.915990338106,0.0584528910305,0.00425512877085
0.298037286679,0.217462860435,0.466356925518,0.0181429273683
0.859490578083,0.0274081872574,0.0429836782946,0.0701175563655
0.00859347641088,0.00570036616897,0.0170082103771,0.968697947043
0.0125002919154,0.67550788322,0.308201381107,0.00379044375753
0.0071502655526,0.00496985734397,0.971511815983,0.0163680611208
0.0213258427563,0.234212994138,0.400787126604,0.343674036502
0.838471761669,0.130307817992,0.00297603926107,0.0282443810783
0.213288619643,0.420435464914,0.29202886783,0.0742470476127
0.429629167834,0.000140601963155,0.0384296069245,0.531800623279
0.108979783393,0.0319454461286,0.325589568291,0.533485202188
0.0459801903781,0.0706261221538,0.0379675402791,0.845426147189
0.333088143958,0.480847626793,0.0500010542153,0.136063175033
0.065954945652,0.379563603115,0.301401811401,0.253079639832
0.991150221712,0.000216101759162,7.58605959339e-05,0.00855781593249
0.0637269973584,0.722077160443,0.164749511138,0.0494463310615
0.176442828667,0.289056381951,0.163939083832,0.370561705551
0.0900242580433,0.0115339528306,0.240039839421,0.658401949705
0.0917805411632,0.696367945243,0.0453442664137,0.16650724718
0.450649575162,0.227310664004,0.0860249942827,0.23601476655
0.321786144885,0.0585396778065,0.574227182608,0.0454469947002
0.197658660623,0.214447134287,0.089671855571,0.498222349519
0.316571916491,0.00604453810009,0.417700848079,0.25968269733
0.0754772398642,0.881214602147,0.0279586662668,0.0153494917225
0.368056806181,0.179276224479,0.385972634361,0.0666943349788
0.429351897601,0.236545601771,0.0384660907022,0.295636409926
0.0692142645034,0.0205051854271,0.875696143469,0.0345844066002
0.33228308245,0.12065153263,0.536583540304,0.0104818446166
0.0162175704225,0.0320474480809,0.0260713121185,0.925663669378
0.324641930041,0.550347916096,0.0958951326713,0.0291150211924
0.361096396728,0.184514182923,0.190954506642,0.263434913706
0.0315270194456,0.704498192676,0.255574547538,0.0084002403402
0.282227058344,0.125621855991,0.529577506838,0.0625735788267
0.017785079817,0.143699946771,0.227863989712,0.6106509837
0.433667022564,0.0420040194268,0.180462122934,0.343866835075
0.160817107521,0.0194911868064,0.0642702834811,0.755421422191
0.0408429334836,0.667760799235,0.0493299727193,0.242066294562
0.175725669785,0.0374617559606,0.118195527544,0.66861704671
0.000331828613572,0.671169400838,0.29008606598,0.0384127045679
0.0206362956034,0.405932608712,0.204019043495,0.36941205219
0.424859170685,0.545642157726,0.00536188607553,0.0241367855132
0.465016770744,0.390620530297,0.119792786292,0.0245699126671
0.177299448454,0.410139863297,0.180234941611,0.232325746638
0.0479230587729,0.0119230098902,0.188069078391,0.752084852946
0.0402894519627,0.489652269504,0.365228859494,0.10482941904
0.393339769688,0.330470372823,0.266541647211,0.00964821027782
0.106943654463,0.0308463691794,0.495300286641,0.366909689717
0.432219341956,0.0105270389602,0.536465299623,0.0207883194611
0.233022012687,0.560466647909,0.108507585304,0.0980037540995
0.0527325478841,0.021615499599,0.382390722249,0.543261230268
0.210952309337,0.0454312790638,0.656511259609,0.0871051519902
0.14219092109,0.750261919818,0.0425608322781,0.0649863268139
0.470947737881,0.262532147204,0.189414213475,0.0771059014394
0.319950800902,0.0822692542008,0.191845394869,0.405934550029
0.591877538537,0.0556475830114,0.0256580334699,0.326816844981
0.0150964381038,0.283188060743,0.0479458623733,0.65376963878
0.0549139499718,0.423518418162,0.192689822796,0.328877809071
0.00144995153611,0.00156699989144,0.0698281530133,0.927154895559
0.0127396428065,0.0276451687732,0.23457023316,0.72504495526
0.336370399367,0.0260930027046,0.564305678005,0.0732309199231
0.555464659529,0.269994408193,0.108521519695,0.066019412583
0.378517985115,0.402396328584,0.11856225846,0.10052342784
0.757852576674,0.0347283788393,0.16559004967,0.0418289948172
0.503791641722,0.0114104452677,0.0917078337824,0.393090079228
0.0181512128515,0.00871147714164,0.206507174639,0.766630135367
0.144427312376,0.334625401506,0.0543077845541,0.466639501564
0.40891680253,0.00783747587172,0.0143095804954,0.568936141103
0.632122825109,0.00588908146004,0.07560816787,0.286379925561
0.0489061089656,0.000297686588812,0.257545694053,0.693250510392
0.0131851025162,0.879810791416,0.00706549082734,0.0999386152401
0.138487916721,0.389946304418,0.0816710924929,0.389894686368
0.537417572858,0.0891173183561,0.0367909514097,0.336674157376
0.446783679464,0.0344523137516,0.237002211583,0.281761795201
0.92464316433,0.0215119680248,0.0177713566575,0.0360735109881
0.449546116501,0.334194699459,0.192424528201,0.023834655839
0.376496505409,0.0840980638494,0.00425200412863,0.535153426613
0.00186386136473,0.000343242615191,0.98551659988,0.0122762961397
0.0103602941372,0.430916859242,0.233134763311,0.32558808331
0.215503993854,0.0338813023854,0.357839279173,0.392775424587
0.351435706854,0.160760477991,0.299945730523,0.187858084633
0.306660310637,0.527850281647,0.00756887794671,0.157920529769
0.479294849305,0.282337025383,0.179415760374,0.0589523649384
0.457116032448,0.129643636244,0.322663523795,0.090576807513
0.148188872154,0.0643048843617,0.733150243422,0.0543560000617
0.385472809862,0.00476568869019,0.486268273854,0.123493227593
0.573304745168,0.00253897014146,0.0495266835679,0.374629601122
0.0197563765883,0.185463206247,0.680777590964,0.114002826201
0.381296718822,0.471089961333,0.0771122121124,0.0705011077333
0.323387533276,0.24429846191,0.162349873564,0.26996413125
0.119493982051,0.32502893154,0.555373279196,0.000103807212918
0.230988555908,0.166337022132,0.0863300265385,0.516344395421
0.0018670141333,0.0176672685499,0.972664835003,0.00780088231341
0.115497128809,0.401273382623,0.186680871432,0.296548617135
0.0177801740362,0.383683125511,0.223022956032,0.375513744421
0.0304385898962,0.413078992384,0.454631302664,0.101851115056
0.961100126306,0.0265640951971,0.000457762041637,0.0118780164554
0.496089951328,0.163058549498,0.00358949994079,0.337261999233
0.329005708121,0.125008973107,0.492762835398,0.0532224833745
0.0387655006627,0.0883873669877,0.212901250949,0.6599458814
0.978157342535,0.00449860468926,0.00248645852803,0.014857594248
0.0267349056972,0.00650895787723,0.962954366193,0.0038017702324
0.485976962614,0.0889406438155,0.0612007900179,0.363881603552
0.722871117875,0.0814624842248,0.0756878032077,0.119978594692
0.962081696747,0.000541229300224,0.000258821953157,0.0371182520001
0.0913083781042,0.0782772096201,0.707441898601,0.122972513675
0.00179531568564,0.00217884170814,0.00119575488696,0.994830087719
0.0752529833378,0.0170575772775,0.166196071332,0.741493368053
0.289306184238,0.260662879395,0.143416878655,0.306614057712