0.288525851323,0.0397759526257,0.473687208975,0.198010987076
0.794476595085,0.00230312549586,0.168992479973,0.0342277994463
0.290279715312,0.152184780905,0.318456374579,0.239079129204
0.214583468761,0.00192234009677,0.770526793672,0.0129673974707
0.3032795445,0.438346797856,0.0513732869897,0.207000370654
0.481904870889,0.0263157853131,0.221065187225,0.270714156573
0.520023225629,0.0929433505902,0.121731606885,0.265301816896
0.00681587587489,0.453932269646,0.0359500842926,0.503301770186
0.028121553057,0.0313820832106,0.0200495021314,0.920446861601
0.138780196194,0.152452192834,0.45123482331,0.257532787662
0.00175248223103,0.97854187845,0.0133249139277,0.00638072539154
0.124739904489,0.315799785114,0.0750333282134,0.484426982183
5.61802305529e-05,0.999220677082,0.000631478761562,9.1663925458e-05
0.128848608727,0.183505420207,0.224506687385,0.463139283682
0.0993860996168,0.35218090867,0.269183361444,0.279249630269
0.121142952325,0.319405639387,0.508562119323,0.0508892889648
0.042602154426,0.184299190612,0.217304197283,0.55579445768
0.0568078684139,0.648348784232,0.219578095239,0.0752652521148
0.00336015486805,0.329586375698,0.334431055388,0.332622414046
0.0141128822332,0.913550789125,0.0616946733487,0.010641655293
0.407764368841,0.113002978272,0.450533955048,0.0286986978387
0.438546978319,0.347768786653,0.0591938730351,0.154490361993
0.132317750408,0.0571333555419,0.588638367566,0.221910526483
0.272364716104,0.644969972343,0.0493980160491,0.0332672955036
0.012745269238,0.719706219073,0.223220656972,0.0443278547176
0.000284121569701,0.462447094575,0.531352061281,0.00591672257336
0.555208421748,0.133670288907,0.048788804872,0.262332484473
0.00552742683636,0.823019377583,0.107777637536,0.0636755580448
0.484265404188,0.0769820559546,0.0682596900231,0.370492849834
0.223362906267,0.281219942253,0.385389269665,0.110027881816
0.000216573392737,0.162794748681,0.0101275841618,0.826861093765
0.83444685773,0.0772647906105,0.0309593151854,0.0573290364742
0.142750255808,0.623697788989,0.0032944566523,0.230257498551
0.119053706139,0.0412603963975,0.309802131442,0.529883766022
0.709834662572,0.0456008781909,0.0203536219978,0.224210837239
0.167895542138,0.441640157344,0.0613926239551,0.329071676563
0.391211735736,0.288257554318,0.213671384988,0.106859324958
0.417048309149,0.1789365822,0.284873147877,0.119141960774
0.00727007820582,0.109001549916,0.088867656159,0.794860715719
0.317078464743,0.491021039927,0.183045173499,0.00885532183197
0.101444445913,0.273498953273,0.301155538115,0.323901062699
0.00593867905857,0.0155660254613,0.18896547765,0.78952981783
0.00985372091696,0.911530947538,0.0655571773393,0.0130581542055
0.213150434164,0.245404439804,0.143844541908,0.397600584123
0.422847567799,0.154539363627,0.0648557256026,0.357757342971
0.0299308300492,0.0486097902557,0.225792216244,0.695667163451
0.000932547335534,0.797438120798,0.200658092514,0.000971239352574
0.0400662344262,0.0289907244609,0.648171345566,0.282771695547
0.00164232981274,0.0625254991443,0.888231966389,0.0476002046537
0.085143899367,0.0457639183738,0.852907420341,0.0161847619181
0.332906386201,0.172032227248,0.0964476181443,0.398613768406
0.836487426346,0.0530790362255,0.08900048576,0.0214330516682
0.0262820928692,0.0948828432461,0.628077806627,0.250757257257
0.0313730072787,0.645769668625,0.287655146393,0.0352021777029
0.252153045306,0.189508873027,0.267696178326,0.290641903341
0.0878538298187,0.64381373794,0.0485475280095,0.219784904232
0.0713671585573,0.0249881478616,0.139586959339,0.764057734242
0.0553775856437,0.0735386615622,0.01065213901,0.860431613784
0.0184007682842,0.000816638918441,0.979567623705,0.0012149690921
0.116184115777,0.0648308401928,0.75681499353,0.0621700505001
0.0137872597387,0.0872703652025,0.564107749824,0.334834625235
0.0267470578147,0.00523963647146,0.22376951109,0.744243794623
0.560613707319,0.184397549462,0.159503998759,0.0954847444596
0.0507274480782,0.0400383173313,0.208575830828,0.700658403763
0.401362846877,0.00575474493857,0.568782730747,0.0240996774377
0.00152948180575,0.452623600512,0.0161494856327,0.52969743205
0.241048293607,0.683947380883,0.0692049617687,0.00579936374096
0.000120098904254,0.00545860941377,0.00216862943665,0.992252662245
0.0260158256336,0.604016859816,0.326199940593,0.0437673739574
0.338079306006,0.093430715573,0.557223287355,0.0112666910657
0.0535462100852,0.0239903162469,0.841117512164,0.0813459615042
0.549794962594,0.149907664893,0.0799975955793,0.220299776934
0.02779157527,0.0263202060168,0.143851347708,0.802036871005
0.426732586566,0.0742073334681,0.302828403198,0.196231676768
0.0100737981133,0.0142359158283,0.956041419274,0.0196488667846
0.031192678507,0.548774735574,0.0028435158893,0.417189070029
0.139329211744,0.0189453055349,0.0222361063294,0.819489376391
0.583186403065,0.128791791292,0.177352295606,0.110669510037
0.540666623982,0.0472233253421,0.328863563834,0.0832464868421
0.00502663821445,0.132218342345,0.382748727585,0.480006291855
0.0795493292423,0.0715907376207,0.77073587088,0.0781240622574
0.726651966937,0.256638500485,0.00475402071991,0.0119555118588
0.0307749796947,0.0995132931933,0.480429981135,0.389281745977
0.321020821416,0.311087708066,0.226455146962,0.141436323556
0.20088852211,0.296212293883,0.255342505228,0.247556678779
0.0552024836087,0.0103312850811,0.247671213175,0.686795018135
0.7917745043,0.141520603145,0.0651687839899,0.00153610856468
0.285305111192,0.460441808608,0.193709909517,0.0605431706827
0.462074517028,0.00514815467568,0.0317376867861,0.50103964151
0.24542821647,0.0106885210845,0.374931387547,0.368951874899
0.295538814681,0.352251238235,0.203301789848,0.148908157236
0.149630106375,0.173573119391,0.352733887077,0.324062887157
0.00397350879234,0.0151739236408,0.977953023518,0.00289954404874
0.457269742752,0.0706595433501,0.417114417809,0.0549562960892
0.0696785513126,0.331359968772,0.0108090682149,0.5881524117
0.111163609496,0.633868124095,0.230823289267,0.024144977142
0.190220453464,0.673399558233,0.12776416999,0.00861581831366
0.0131455628485,0.701329260931,0.140920196442,0.144604979779
0.671415428002,0.188538954932,0.127970862357,0.012074754709
0.0926412346811,0.421387427675,0.456677725205,0.0292936124393
0.386727697534,0.140345344719,0.163875265893,0.309051691854
0.0949162383292,0.210404789638,0.615707430707,0.0789715413256
0.0264445486352,0.832496117164,0.0261101548319,0.114949179369
0.462796944216,0.0626751073067,0.415088363793,0.0594395846843
0.0458560754927,0.0951672454719,0.766416038984,0.0925606400516
0.16635145539,0.550903688195,0.0493035424511,0.233441313964
0.129576929082,0.0482928087602,0.11490819778,0.707222064378
0.0149137272755,0.281638788938,0.659011783452,0.0444357003349
0.0287202693559,0.0205355981562,0.945335880661,0.00540825182668
0.043129938875,0.0731418199008,0.0294105116232,0.854317729601
0.0350568591038,0.811463043437,0.0813204842137,0.0721596132459
0.330820282809,0.147392265138,0.282046427217,0.239741024836
0.481134945115,0.0243867435159,0.373215774409,0.12126253696
0.0392933317035,0.273876100906,0.0169619178698,0.669868649521
0.00407987225561,0.138346537049,0.600934336796,0.2566392539
0.136363783228,0.0253848312632,0.0159555668219,0.822295818687
0.0158001378699,0.197821361877,0.258578235845,0.527800264407
0.118262653398,0.530319371148,0.0574752887044,0.293942686749
0.833833903101,0.0586104421544,0.0641807189532,0.0433749357915
0.0140370461794,0.358586897817,0.314199637338,0.313176418665
0.0012157751671,0.017646835252,0.755880158434,0.225257231147
0.571028617284,0.114989875497,0.171153895313,0.142827611906
0.0001550578483,0.00430104447424,0.943326305595,0.0522175920829
0.0897993736333,0.239243693067,0.628723395602,0.0422335376982
0.0422834163003,0.906601491971,0.0260666607047,0.0250484310242
0.308863801795,0.623493526686,0.040015849946,0.0276268215722
0.686982545748,0.0840132327405,0.067012363628,0.161991857884
0.0788710471171,0.570876953922,0.333550489575,0.0167015093863
0.390252244677,0.0710233857977,0.330553239995,0.20817112953
0.242358397296,0.355547476985,0.170458819547,0.231635306171
0.196012859354,0.559696914675,0.0554534977888,0.188836728183
0.418018925928,0.134209876783,0.19969153893,0.248079658359
0.247878130595,0.335824600038,0.301505683417,0.11479158595
0.407931277179,0.0104060646001,0.491894790536,0.0897678676857
0.161646349499,0.0633126200616,0.147762147662,0.627278882778
0.342397346646,0.0600225672012,0.416859293311,0.180720792842
0.0698924854363,0.909332888554,0.0191271848718,0.00164744113758
0.233090367639,0.50405107897,0.119317167867,0.143541385525
0.0662298803604,0.155118518336,0.0435330837979,0.735118517506
0.154768783439,0.136229712656,0.5584095532,0.150591950705
0.318477513582,0.278989379521,0.131397183406,0.271135923491
0.0508635126317,0.540871768355,0.0140442353374,0.394220483676
0.00623276049311,0.0107371168877,0.552500829731,0.430529292888
0.00461533411652,0.0189732430959,0.843528739707,0.132882683081
0.0524799899528,0.0075182861525,0.934642052569,0.00535967132519
0.157353011087,0.431312691263,0.411161409937,0.000172887712675
0.140309802255,0.81389479004,0.0351949385088,0.0106004691964
0.0654415718815,0.110390653466,0.540761539372,0.28340623528
0.210236341136,0.171355673482,0.526731231629,0.0916767537522
0.14119811722,0.0413400833286,0.792761336062,0.0247004633893
0.168000002997,0.108299275104,0.147843771138,0.575856950762
0.371225088267,0.0203090227019,0.555768897349,0.052696991682
0.263671802367,0.0844855463685,0.379627787514,0.27221486375
0.124109576016,7.66663223854e-05,0.00108309440371,0.874730663257
0.278900199015,0.128935793188,0.278007375034,0.314156632764
0.00954555436834,0.0682769909874,0.237392600038,0.684784854606
0.992917171266,0.00326374996808,0.000328331145257,0.00349074762109
0.0849492588321,0.0244318445928,0.889717852964,0.000901043610926
0.238624082368,0.579154392754,0.0474492310914,0.134772293787
0.0473741397313,0.0276862026211,0.648339192838,0.27660046481
0.0139473532693,0.0454115938368,0.700625486715,0.240015566179
0.164227871384,0.0941510780658,0.636311511151,0.105309539399
0.00533195763366,0.207554244077,0.752520261771,0.034593536518
0.108016468997,0.682398014209,0.00971790373033,0.199867613063
0.0447338432513,0.393068654378,0.479118700916,0.0830788014553
0.0878268151936,0.129752236355,0.00531968147986,0.777101266972
0.141211885219,0.0784218467628,0.545420308842,0.234945959176
0.0577473325718,0.914344626979,0.0141139595855,0.0137940808641
0.000165417224799,0.998792392498,4.86299361342e-05,0.000993560341149
0.0634390660995,0.426830374832,0.144739595304,0.364990963764
0.199024102038,0.397595216489,0.361592576357,0.0417881051156
0.78427929906,0.122027984352,0.0680289466762,0.0256637699114
0.352978592158,0.0601873412447,0.399925885485,0.186908181113
0.00166204106585,0.28941698848,0.321133646983,0.38778732347
0.181160387857,4.89592732771e-05,0.000143703835788,0.818646949034
0.0733004023976,0.404213659577,0.30257821155,0.219907726475
0.0373638303024,0.156820760138,0.778128111221,0.0276872983388
0.56917605333,0.32459103238,0.0624970617337,0.0437358525562
0.079503105959,0.440568289848,0.016491554029,0.463437050164
0.0144234591288,0.395031179225,0.584315579855,0.00622978179103
0.422082428916,0.0862841502962,0.401377903514,0.0902555172737
0.0784042118979,0.0232213710256,0.231072180818,0.667302236259
0.199759934079,0.43192411189,0.314337291494,0.0539786625373
0.27161294782,0.441559426726,0.0796474909005,0.207180134553
0.157544509133,0.0677038508384,0.64525768662,0.129493953408
0.000582024588675,0.975213096877,0.0172700400839,0.00693483845045
0.304634351741,0.00659501534951,0.587450226548,0.101320406361
0.105509122579,0.0790934298432,0.53203066387,0.283366783708
0.158260015177,0.309216436779,0.302369396565,0.230154151479
0.0525162397915,0.0488185798777,0.0582437042711,0.84042147606
0.23394299782,0.0752529229823,0.653174815211,0.0376292639874
0.586534470467,0.291853389387,0.0588340604558,0.0627780796901
0.913210513738,0.0554210869687,0.0201459139441,0.0112224853497
0.16726169713,0.757053101285,0.0211146321307,0.054570569454
0.00333531489952,0.00980007259134,0.000299610879758,0.986565001629
0.0210704936939,0.00033573453622,0.91753620684,0.0610575649302
0.000415783558896,0.893704700545,0.105735196691,0.000144319204436
0.277173839213,0.697520030522,0.0133506702533,0.0119554600113
0.36336849597,0.192782717534,0.292656990935,0.151191795561
0.309670455643,0.00275460551762,0.650428631979,0.0371463068596