0.0417530625346,0.00186558185652,0.955668233403,0.000713122206078
0.0888168982725,0.674540307383,0.0862359475433,0.150406846801
0.000131963860963,0.142796756409,0.104079825868,0.752991453862
0.145124552532,0.370074942071,0.116941882365,0.367858623032
0.0206493853989,0.9119740646,0.0638661799628,0.00351037003856
0.0363183570441,0.394695867761,0.357158713472,0.211827061723
0.989693504501,0.0057220080187,0.00294064082886,0.00164384665119
0.181903251698,0.331652726889,0.0248947438076,0.461549277605
0.156511191022,0.138219112518,0.693781174682,0.0114885217777
0.782543378878,0.065402039544,0.0128920881534,0.139162493425
0.248217236406,0.236889395342,0.23332375247,0.281569615782
0.409267753542,0.123798173686,0.0548731879483,0.412060884823
0.209753058179,0.249098076025,0.239175459069,0.301973406727
0.117365698048,0.323288685972,0.14618025858,0.413165357401
0.00686810121611,0.889840891489,0.0917396851989,0.0115513220963
0.00952863416932,0.106260285918,0.229194948333,0.655016131579
0.258946666792,0.163769736836,0.360774755684,0.216508840687
0.113809314976,0.0401794952313,0.507386818489,0.338624371304
0.00229328268069,0.0017629061684,0.573380149059,0.422563662092
0.391615119149,0.159436914708,0.182531299486,0.266416666657
0.0110479567082,0.457673696067,0.0650312868375,0.466247060388
0.00198844528644,0.0098000423693,0.0147614487026,0.973450063642
0.452712150097,0.212263669598,0.136335903618,0.198688276688
0.0389612591984,0.123460149879,0.188455594709,0.649122996214
0.243532844416,0.184217147225,0.123677252192,0.448572756167
0.191864347365,0.437827897253,0.201231751906,0.169076003476
0.0256468247647,0.459867581103,0.183641557444,0.330844036688
0.0851858515184,0.452979898072,0.119701728205,0.342132522205
0.324365924564,0.348396658462,0.0635860384117,0.263651378562
9.19269259951e-05,0.00161288432071,0.620682457481,0.377612731272
0.051556590234,0.424166660531,0.200325712694,0.323951036542
0.23488725844,0.144540856909,0.0309143401531,0.589657544498
0.101594414117,0.168515660898,0.489983653565,0.239906271421
0.183092322835,0.00221507505058,0.812624902635,0.00206769947947
0.00841397466697,0.751491343917,0.225522470074,0.0145722113416
0.0432074543485,0.537582370244,0.416727882205,0.00248229320244
0.0111591244149,0.809078838629,0.0124051262347,0.167356910721
0.0614790279012,0.105358635956,0.0546032902353,0.778559045907
0.352711979714,0.353571922927,0.290105995272,0.00361010208775
0.810741156328,0.15223774071,0.0214629956758,0.0155581072855
0.162958197119,0.514084322545,0.0585841139185,0.264373366417
0.148999030514,0.807252400116,0.00150446258239,0.0422441067879
0.00568550273617,0.226587910666,0.26353370776,0.504192878839
0.015594896714,0.849779763705,0.0817447718068,0.0528805677746
0.10621655096,0.0224660928184,0.0736339633384,0.797683392884
0.125462619585,0.0678675800709,0.137405808465,0.669263991879
0.220993841518,0.0656948780656,0.181053313562,0.532257966854
0.0667418408788,0.542220119581,0.153316107779,0.237721931761
0.162938932304,0.0173076500133,0.816349029832,0.00340438785035
0.945981167236,0.030258655836,0.00987013495317,0.0138900419751
0.922915872273,0.0433400066516,0.00208445361059,0.0316596674653
0.147193565445,0.686910234846,0.0124983600079,0.153397839701
0.0676402956617,0.236941877517,0.437327629585,0.258090197236
0.582974239891,0.317142945707,0.053860429338,0.046022385064
0.00352715124069,0.0524595223346,0.743760055929,0.200253270495
0.311450042552,0.110844499898,0.136386455478,0.441319002072
0.0829815967496,0.826999881268,0.0370341127455,0.0529844092368
0.262136750982,0.258542739069,0.341392412728,0.137928097221
0.0568451595726,0.00338245599943,0.0272693326033,0.912503051825
0.0621481829237,0.227454655356,0.178543126506,0.531854035214
0.105323374876,0.217250982472,0.0112605665832,0.666165076068
0.322600320285,0.281640446146,0.128353701148,0.267405532421
0.202809224695,0.672788542325,0.119704405777,0.00469782720272
0.276957800803,0.0713606235263,0.261559172179,0.390122403492
0.623439146246,0.176145495913,0.169754316428,0.030661041413
0.0396205791046,0.0203340393667,0.938940597763,0.00110478376526
0.771157523779,0.038710574184,0.0565283935182,0.133603508519
0.040916933737,0.752264686304,0.00873395390978,0.198084426049
0.158605406823,0.249207792806,0.136772874032,0.455413926339
0.720983114509,0.0590948387602,0.160991539826,0.058930506905
0.0744271790072,0.665060778198,0.239492199571,0.0210198432241
0.0448511099082,0.338142830689,0.58906535033,0.0279407090732
0.175474935414,0.14112806268,0.531960394458,0.151436607447
0.281016747396,0.362241093015,0.256337385759,0.10040477383
0.687995002174,0.0199580277427,0.0659043373445,0.226142632739
0.289744209659,0.0506415022938,0.612506124064,0.0471081639839
0.338750936492,0.634833854002,0.0189297084163,0.00748550109005
0.0630191190096,0.0303860595107,0.0325658076703,0.874029013809
0.326928275439,0.104788036822,0.411785110471,0.156498577268
0.0299672620647,0.728939145941,0.221053557568,0.020040034426
0.356085600291,0.0304258399645,0.303827175443,0.309661384301
0.164647275504,0.196101682706,0.292837320892,0.346413720898
0.469049330779,0.200112513109,0.165244304399,0.165593851713
0.0468147215442,0.0233859847903,0.0264397243832,0.903359569282
0.0808919226789,0.105844081945,0.0788332439557,0.734430751421
0.0173079634082,0.0493913526465,0.061730480733,0.871570203212
0.70525930843,0.234820330792,0.016827888977,0.0430924718013
0.273427167969,0.0156016243218,0.0299052579918,0.681065949717
0.696870815645,0.0783652066967,0.0590260192023,0.165737958456
0.650756347403,0.0491410617977,0.131421542992,0.168681047807
0.92707834793,0.0130576965503,0.0162591638142,0.0436047917054
0.335296259568,0.11623160986,0.178176170639,0.370295959932
0.00058153670064,0.0028108041781,0.933724136397,0.0628835227241
0.144669796102,0.488590006425,0.327872531819,0.0388676656547
0.0818470920952,0.551816103639,0.235886433793,0.130450370473
0.329561967014,0.0234411107767,0.352434520634,0.294562401575
0.129685687261,0.0281932073979,0.00489767151951,0.837223433822
0.201413472096,0.209500909521,0.458557139283,0.1305284791
0.193478246125,0.20424564634,0.15290065591,0.449375451625
0.00948078589703,0.156706298433,0.300232616021,0.533580299649
0.18143043233,0.276544899597,0.1820137035,0.360010964574
0.319796904004,0.386387407385,0.0540051531488,0.239810535463
0.119670944394,0.58969915667,0.287619710672,0.00301018826355
0.0615857172254,0.629625679057,0.294091382732,0.0146972209852
0.174098719651,0.0764994250123,0.0407023860036,0.708699469333
0.688837675845,0.0801453097117,0.0110363080386,0.219980706405
0.291337079655,0.136566092382,0.173940367466,0.398156460497
0.0723743346846,0.439786971018,0.342910739538,0.14492795476
0.244119420659,0.60620224576,0.042420726475,0.107257607105
0.0364377066896,0.752467756469,0.210867446582,0.000227090259064
0.295404661067,0.120948305549,0.0327489379649,0.55089809542
0.0233570666057,0.189847662703,0.779528414577,0.00726685611491
0.595706010869,0.0281713450942,0.303898531555,0.072224112482
0.131589159634,0.282378902063,0.455696821527,0.130335116775
0.558852104348,0.0194289870942,0.357671852009,0.064047056548
0.014538727568,0.821182430524,0.0577462635753,0.106532578333
0.000991877394751,0.977695064093,0.00944679508141,0.0118662634311
0.157638254359,0.121258298632,0.00468882781402,0.716414619195
0.0918571089681,0.502828953327,0.0505628530239,0.354751084681
0.0598719806376,0.0224423562901,0.792145191545,0.125540471527
0.000810209213442,0.000983614596392,0.899792905205,0.0984132709857
0.261451518218,0.0939508639579,0.191531063829,0.453066553996
0.433312542803,0.18176729756,0.299495331861,0.0854248277761
0.519996389423,0.0846292218406,0.343057799413,0.0523165893235
0.0135583267224,0.419040294465,0.558871650221,0.00852972859176
0.226668197817,0.125001143747,0.318101112442,0.330229545994
0.0279986091682,0.0112725601733,0.476663991177,0.484064839482
0.0428302880762,0.00246165925184,0.615772405586,0.338935647086
0.532660793894,0.00249528288809,0.414283439952,0.0505604832654
0.932743562168,0.0358119015928,0.0184316803989,0.0130128558403
0.0674413633833,0.779412861897,0.130115004771,0.0230307699483
0.0210135980457,0.419991776358,0.0202422873786,0.538752338218
0.722331310249,0.0551831513881,0.0619456980831,0.160539840279
0.227459105059,0.0257271627826,0.307846171893,0.438967560265
0.0354814297686,0.154084606117,0.755242083311,0.055191880803
0.0990139269837,0.196553105399,0.606414803357,0.0980181642599
0.799877571871,0.140239692873,0.0318891003116,0.0279936349449
0.0220823353935,0.0711970895147,0.896580224804,0.0101403502882
0.418589888721,0.0412581109842,0.0523807301617,0.487771270133
0.626737420726,0.0395299533216,0.325542307775,0.00819031817682
0.588641893091,0.0895916200595,0.0806270152906,0.241139471559
0.0728528964943,0.387352415606,0.335298567415,0.204496120485
0.192113404863,0.144384597602,0.149826817301,0.513675180234
0.243026612982,0.416903667194,0.219069598254,0.121000121571
0.0549906903095,0.0740164373507,0.3505899376,0.52040293474
0.0617679684271,0.064189013688,0.000122165427048,0.873920852458
0.103050018436,0.0517463868384,0.0630266003776,0.782176994348
0.389821106458,0.422764835668,0.0799940867389,0.107419971135
0.636419489904,0.154342433337,0.13648318161,0.0727548951503
0.00761123028356,0.434801433674,0.398143331606,0.159444004437
0.179632256318,0.0415333001895,0.0186279959781,0.760206447514
0.0297161104175,0.442448520311,0.507633152674,0.0202022165974
0.0347955096765,0.173568866471,0.483760124603,0.307875499249
0.286366839756,0.122647064427,0.563810914182,0.0271751816345
0.00271077161739,0.49858205567,0.404734738306,0.0939724344067
0.084703197652,0.597337614402,0.0664016452362,0.25155754271
0.256905737001,0.210867803567,0.525215823083,0.00701063634821
0.598088774997,0.238605373564,0.0798121300128,0.083493721426
0.0859768585799,0.0467224609687,0.440473417456,0.426827262995
0.285654811565,0.00643303453004,0.252254264844,0.455657889061
0.376602401241,0.0683227456521,0.18956909754,0.365505755567
0.0685929513635,0.00827207589847,0.00167501946874,0.921459953269
0.164081981747,0.329923373865,0.178120052901,0.327874591488
0.0688772188063,0.00408871328939,0.923413492646,0.00362057525863
0.150555003379,0.311640677448,0.494503973963,0.0433003452102
0.00870878214443,0.639525366892,0.115259733389,0.236506117575
0.137755315855,0.345500958791,0.0961924123756,0.420551312979
0.619183671145,0.22733329691,0.153214387237,0.000268644708122
0.0440923771497,0.0787404896767,0.0313264627613,0.845840670412
0.706003303491,0.0677411714229,0.193934473112,0.032321051974
0.902107795048,0.00748534057844,0.0396606899314,0.050746174442
0.296236688977,0.0311304703763,0.0576410309377,0.614991809709
0.015228970988,0.00633623932424,0.185220181297,0.79321460839
0.0304599096225,0.0456815592163,0.33848690221,0.585371628951
0.146497537598,0.254194378769,0.258919434265,0.340388649368
0.320588060631,0.0300144205063,0.617512621746,0.0318848971168
0.673796930047,0.0221663631031,0.297437932732,0.00659877411777
0.741778153849,0.0314808466771,0.0120726955495,0.214668303924
0.0240286030914,0.39904066652,0.528245336027,0.0486853943612
0.0188427438273,0.957999638875,0.00728563428227,0.015871983015
0.00810945869031,0.000148374677628,0.990811460056,0.000930706575678
0.288934345182,0.35732388368,0.225192374605,0.128549396532
0.720703754041,0.0401088472382,0.0596020657994,0.179585332921
0.0496314484227,0.004216308431,0.12735847921,0.818793763937
0.917477787179,0.0392506401691,0.0260233462533,0.0172482263983
0.106148877911,0.242437319175,0.231502027826,0.419911775088
0.0112858741736,0.00507674660014,0.970534841679,0.013102537547
0.0151172001602,0.615878407233,0.00224410003117,0.366760292576
0.788800736875,0.0852876555972,0.080795737845,0.0451158696824
0.219044417624,0.265350221057,0.0212841308626,0.494321230456
0.845620182545,0.0143698010226,0.0771819358149,0.0628280806177
0.578450222316,0.0483838414418,0.174399629107,0.198766307135
0.230919431073,0.415999552237,0.046073944736,0.307007071954
0.00181615257268,0.0299374751792,0.007743871326,0.960502500922
0.0201226170671,0.121110120385,0.709016874054,0.149750388493
0.50412104014,0.140093918502,0.135488701467,0.220296339891
0.583331583551,0.186747347245,0.0486726779393,0.181248391264
0.092450029383,0.0930431865831,0.0136162431616,0.800890540872
0.0607273338318,0.29552212453,0.000985586689278,0.642764954949
0.908335637252,0.0205457608945,0.0173738884993,0.0537447133543