0.40130396209,0.282614689827,0.261982590864,0.054098757219
0.0572134354232,0.485306008674,0.0374134032345,0.420067152668
0.116984056055,0.0378025127122,0.427106555793,0.41810687544
0.100178905892,0.0203443620799,0.438465329342,0.441011402686
0.228903384095,0.292764829547,0.218104639822,0.260227146537
0.36147828264,0.573915670109,0.00533601398374,0.0592700332671
0.0841181816261,0.691135884382,0.193450817218,0.0312951167739
0.00165336506848,0.228320341281,0.374808641805,0.395217651846
0.0653611006646,0.176592478951,0.685779226411,0.0722671939741
0.077891622488,0.194429727835,0.459631396195,0.268047253482
0.557053604949,0.0397241268203,0.125630406734,0.277591861496
0.254090320682,0.0536583647001,0.134446335551,0.557804979066
0.114876414016,0.497876596372,0.168204306684,0.219042682928
0.372484093638,0.00578236207201,0.505596549797,0.116136994492
0.729035490532,0.0227576818925,0.207208598652,0.0409982289238
0.528701697888,0.181072045038,0.10807186951,0.182154387564
0.820251663822,0.0449919351651,0.131292755862,0.00346364515048
0.126204141635,0.403262561846,0.0658535750191,0.4046797215
0.00719488165961,0.0622007298243,0.0918301550592,0.838774233457
0.15094843121,0.0758875886852,0.751670940189,0.0214930399158
0.032920245962,0.56164222542,0.235631129245,0.169806399373
0.394881846447,0.190360349935,0.0740871600753,0.340670643543
0.124174994338,0.0374761415214,0.793212624701,0.0451362394389
0.118025435162,0.00810244600753,0.000284594127757,0.873587524703
0.0211573146775,0.871037277283,0.0521876584576,0.0556177495822
0.959158753428,0.000822646188512,0.0382314175787,0.00178718280458
0.26730539034,0.227644040781,0.0236771050992,0.48137346378
0.190208486835,0.0714114671968,0.660870647089,0.0775093988796
0.00468893724765,0.98358521199,0.0111668970385,0.000558953724053
0.714541109915,0.0637796201476,0.0202638199436,0.201415449994
0.429485222028,0.275780234536,0.000425186136151,0.2943093573
0.0477753061895,0.0583522633916,0.145726030554,0.748146399865
0.279276817518,0.608856961879,0.0457750270201,0.0660911935827
0.373417116556,0.442354158652,0.164564035302,0.0196646894904
0.0807414558418,0.00432844793479,0.817689865087,0.0972402311365
0.0050812737542,0.490176463773,0.00177122403558,0.502971038438
0.264921713942,0.128725608869,0.47472645495,0.131626222239
0.0851039533763,0.16995230399,0.390831696449,0.354112046185
0.418405457232,0.133790362513,0.00468313494117,0.443121045314
0.163248680461,0.339867738829,0.376298347819,0.12058523289
0.163718937105,0.311336046337,0.249763223511,0.275181793046
0.135672612372,0.075646685826,0.191437693351,0.597243008451
0.343574778269,0.107755415061,0.0600848913487,0.488584915321
0.014892916211,0.424577056136,0.253783980875,0.306746046777
0.0116695905361,0.237473895709,0.00990795710129,0.740948556653
0.11108540803,0.882872874778,0.00493806344689,0.00110365374442
0.231663878713,0.11748078894,0.154809349032,0.496045983314
0.00766528948578,0.618979376357,0.00677493881178,0.366580395346
0.515446106134,0.290426013905,0.121233384663,0.0728944952973
0.199808368987,0.0159134976829,0.147485983648,0.636792149683
0.074274326753,0.0384896073213,0.0389878912959,0.84824817463
0.98520247107,0.00741363599851,0.00398869289422,0.00339520003681
0.328594093752,0.0361351886354,0.619849914786,0.0154208028263
0.247874548312,0.36501098901,0.10908845698,0.278026005699
0.127641393989,0.0787341245659,0.356229767578,0.437394713867
0.348691252131,0.200869548609,0.303894035273,0.146545163987
0.0429573034394,0.886949497441,0.041192637431,0.0289005616889
0.388470651854,0.447162993498,0.0018836613896,0.162482693259
0.738609954972,0.143515664378,0.0536492760545,0.064225104596
0.552321243453,0.425284142718,0.0188259859394,0.00356862788936
0.321092980577,0.32495140399,0.148058262365,0.205897353068
0.764010263417,0.0762681757116,0.0444873256868,0.115234235185
0.135670229148,0.824693004363,0.0249455983239,0.0146911681657
0.111937392081,0.0117016109882,6.46887540327e-06,0.876354528055
0.401252074271,0.164833973499,0.0425855288839,0.391328423346
0.00540275914103,0.753440250377,0.229910143517,0.0112468469648
0.0374794297327,0.340532171109,0.352807426458,0.2691809727
0.787017925226,0.115115024974,0.0385015996081,0.0593654501916
0.0298970764302,0.00415863953549,0.0606936670881,0.905250616946
0.100285966454,0.0939550021603,0.551152494107,0.254606537279
0.27129401084,0.179914992904,0.33352371148,0.215267284776
0.0176402633879,0.000967887058291,0.979023560611,0.00236828894323
0.660884565604,0.333201690243,0.00176401961661,0.00414972453606
0.102644703817,0.140411146019,0.755681239474,0.00126291068927
0.0128746702181,0.970389683054,3.78944354846e-05,0.0166977522925
0.672517731598,0.0188752878825,0.036691613618,0.271915366902
0.292413316947,0.152938025439,0.119734489352,0.434914168262
0.0887245155638,0.67962342363,0.150738084549,0.0809139762565
0.168094761865,0.395924882216,0.118733298046,0.317247057872
0.170504660343,0.269343684964,0.473823306226,0.0863283484666
0.276073902762,0.141850157675,0.38956949998,0.192506439584
0.245838606146,0.0517669163609,0.384646113079,0.317748364413
0.113449839979,0.127566944221,0.746937062839,0.0120461529612
0.111432283183,0.446467953223,0.201924916357,0.240174847237
0.498766701816,0.310639965612,0.0028532771462,0.187740055426
0.258099682447,0.589986522358,0.0443393319484,0.107574463247
0.112547125121,0.0748675293544,0.0740495154206,0.738535830104
0.632016148395,0.0178407261999,0.266873543312,0.083269582093
0.323001561618,0.139691360462,0.231184441216,0.306122636705
0.0178232905873,0.353781346584,0.412722435849,0.21567292698
0.222924195072,0.228333267218,0.135480897473,0.413261640237
0.313785384045,0.325648734249,0.0796273722276,0.280938509479
0.015834555262,0.941751724383,0.0367062972194,0.00570742313524
0.0717199970495,0.499563927078,0.190079412715,0.238636663158
0.0449927868271,0.225299914273,0.0504836173243,0.679223681576
0.0603652254317,0.0814344300729,0.474741129981,0.383459214515
0.602664889382,0.0598150809219,0.000834586676053,0.33668544302
0.940718359806,0.00499979056682,0.022360760874,0.0319210887529
0.738171062052,0.248832472851,0.0108283844227,0.00216808067431
0.426815570446,0.000346847317223,0.543339266166,0.0294983160717
0.45876490477,0.501061746168,0.0128062102407,0.0273671388214
0.32921935622,0.0518972559392,0.0445205463304,0.57436284151
0.484097687883,0.211470378481,0.0190880860092,0.285343847627
0.13821953954,0.0318063562636,0.347031613673,0.482942490524
0.025704409305,0.857124173203,0.0215946419198,0.0955767755725
0.0609607083264,0.605692978224,0.00742456252007,0.325921750929
0.133815398682,0.0653133281755,0.679488961072,0.121382312071
0.284741940042,0.139426017898,0.491140345081,0.0846916969788
0.50973269589,0.00185948783279,0.404442269172,0.0839655471052
0.755825052862,0.0707470344411,0.0148422998727,0.158585612824
0.0891609037855,0.285427289521,0.470060931954,0.155350874739
0.218378997337,0.716681891747,0.0452093692282,0.0197297416881
0.00287028226216,0.00445762504572,0.484784192186,0.507887900506
0.00553476801645,0.00842945799294,0.979170899217,0.00686487477314
0.0186225097193,0.0165208130606,0.295407243313,0.669449433907
0.197618526983,0.16557334243,0.274606611366,0.362201519221
0.0374138189308,0.91342802561,0.0457631286639,0.00339502679525
0.998306531283,0.000162910603497,0.00116833926306,0.000362218850425
0.910826756846,0.00428585943113,0.0757047292478,0.00918265447528
0.167486957568,0.186491338331,0.194293641862,0.451728062239
0.0349426881369,0.212937578587,0.0247643771813,0.727355356095
0.469740509664,0.0285323673935,0.0761321543844,0.425594968558
0.0115065972607,0.961249293982,0.0195382434573,0.0077058653002
0.016966995667,0.0159760255784,0.735654486502,0.231402492253
0.30935052793,0.248666826102,0.349968983253,0.0920136627155
0.246163280335,0.527333122083,0.160362769693,0.0661408278889
0.703801939012,0.28927826464,0.00230913232471,0.00461066402362
0.0890000947675,0.0279356379749,0.170507478375,0.712556788882
0.105822186111,0.852443499962,0.0157649828686,0.0259693310583
0.27085674968,0.195859489124,0.12090619887,0.412377562326
0.113366212793,0.67105029813,0.0907113338477,0.12487215523
0.0148909609383,0.00103170918898,0.00670324102587,0.977374088847
0.0447063848499,0.151929177403,0.581821814078,0.221542623669
0.16498503951,0.0977042602422,0.573185502012,0.164125198236
0.892602874568,0.067434246104,0.00638749888959,0.0335753804381
0.0103423410168,0.971256124604,0.000970475734174,0.0174310586446
0.357944897912,0.579263241569,0.0310671542279,0.0317247062908
0.0423709561452,0.0743700935615,0.745058988045,0.138199962248
0.0505983799392,0.104337473477,0.821218983503,0.0238451630809
0.769508073151,0.101726629507,0.0112078053359,0.117557492007
0.0574409325147,0.863369089723,0.0109230127647,0.0682669649978
0.007587840779,0.0559821830488,0.00562307764693,0.930806898525
0.00048124828157,0.162437719453,0.0522095892095,0.784871443056
0.100325944043,0.790739696414,0.0487572515365,0.0601771080061
0.0458851831825,0.369299003173,0.527387619184,0.0574281944607
0.0088867194425,0.755768815118,0.0779801030881,0.157364362352
0.184980314487,0.305809475782,0.339070605357,0.170139604373
0.671856781941,0.233328214024,0.0316015835466,0.0632134204886
0.611690488531,0.0336332848348,0.0434303632423,0.311245863392
0.333670633029,0.370052675734,0.140318111802,0.155958579434
0.00839636691214,0.496250637627,0.206069149576,0.289283845885
0.0342768693003,0.597159624906,0.00864807258729,0.359915433206
0.010859635483,0.0331393198787,0.923778212434,0.032222832204
0.470216280616,0.313297907026,0.072499595497,0.143986216861
0.343857460144,0.102439397486,0.0229300813824,0.530773060987
0.341684314823,0.0259507606158,0.333742752774,0.298622171787
0.142472019128,0.0934238743015,0.57585188697,0.188252219601
0.373379595632,0.0588301398221,0.133873626625,0.43391663792
0.0268745122562,0.227078435896,0.365622751536,0.380424300312
0.223362256396,0.212332908463,0.203935058736,0.360369776404
0.066307071952,0.120634099312,0.66027339192,0.152785436815
0.334397630329,0.0769917040369,0.560358090668,0.0282525749658
0.308057329114,0.164635881507,0.0267470087542,0.500559780625
0.107738938725,0.262038815025,0.416307063367,0.213915182883
0.177501058963,0.601306779944,0.183795543417,0.0373966176754
0.0961822400189,0.0337531093606,0.691166948566,0.178897702054
0.0724885722327,0.265845505079,0.188182523866,0.473483398823
0.218920522953,0.470944539947,0.0965816270984,0.213553310002
0.207495057592,0.519406015479,0.000563128528544,0.2725357984
0.0405232101543,0.330597475015,0.199194725774,0.429684589056
0.630562243699,0.0174424058473,0.122446921788,0.229548428666
0.0962328244737,0.607440200551,0.185575342576,0.110751632399
0.0555806774239,0.423643656193,0.29550695116,0.225268715223
0.0701245997942,0.00101001674768,0.0437656395441,0.885099743914
0.0366647370236,0.228402981127,0.165311011053,0.569621270796
0.918472784491,0.0147291821126,0.04918255576,0.0176154776369
0.816878456645,0.0699362642001,0.0857623526883,0.0274229264668
0.359819525743,0.140660643731,0.489249536615,0.0102702939112
0.194658256457,0.123952700349,0.426844705026,0.254544338169
0.180524307504,0.191119239285,0.524347685115,0.104008768096
8.71273440109e-05,0.627594091294,0.371933859793,0.000384921569728
0.886787654923,0.0364175574233,0.0176963175326,0.0590984701209
0.354286793903,0.153114701147,0.2258366626,0.266761842349
0.577571992021,0.211292643776,0.0608591774115,0.150276186792
0.463736719127,0.0158805700616,0.00341221820702,0.516970492605
0.00953823001406,0.0356069226529,0.141432645428,0.813422201905
0.0304544793586,0.264639884044,0.655778065925,0.049127570673
0.323631052232,0.623124090273,0.0201793364681,0.0330655210269
0.0352728812163,0.0235474740776,0.113287676517,0.827891968189
0.0570433971396,0.027983388983,0.0377641313085,0.877209082569
0.368416095119,0.27910381272,0.0173617684391,0.335118323722
0.0112147281339,0.00156907999263,0.345025775376,0.642190416497
0.376445145484,0.44404890149,0.114769254343,0.0647366986831
0.297572138421,0.378674641665,0.16164909924,0.162104120674
0.307167749587,0.0179102196276,0.26459958149,0.410322449295
0.0133391681904,0.940484745392,0.0417555713704,0.00442051504673
0.993783525794,0.00117755426929,0.000187587006557,0.00485133293045
0.0286126781831,0.0266369616626,0.919252590201,0.0254977699535
0.102483393809,0.370960223449,0.294556707855,0.231999674887
0.907030646439,0.0247686002312,0.000407781912904,0.0677929714168