0.327561171938,0.26182224236,0.389460222391,0.0211563633102
0.360577258866,0.085693375232,0.545868325834,0.00786104006753
0.042235364102,0.100162135486,0.767944892358,0.0896576080547
0.140316926788,0.286044233717,0.284109180697,0.289529658798
0.248768266991,0.241532225371,0.170655050564,0.339044457075
0.356442799239,0.299520568923,0.0208485096293,0.323188122209
0.0500640758169,0.0812559244571,0.795172975238,0.0735070244876
0.032478983609,0.0319274801914,0.852698116301,0.0828954198985
0.0260209873291,0.430539586098,0.536160762435,0.00727866413733
0.458000392228,0.486307680593,0.00388697660732,0.0518049505714
0.464955898377,0.0954845926261,0.406467628915,0.0330918800821
0.454658783065,0.21650114975,0.0389782280897,0.289861839095
0.0885502694617,0.0416509032132,0.731386952807,0.138411874518
0.622963417531,0.0162879893111,0.129201302873,0.231547290285
0.468147735448,0.00643979316533,0.285313315661,0.240099155726
8.26859138171e-06,0.0873299873369,5.63289081043e-05,0.912605415164
0.0577686673375,0.4154908839,0.525323229614,0.00141721914863
0.495516547709,0.227493192791,0.169775737536,0.107214521964
0.0162809202076,0.0620137903835,0.0219363500925,0.899768939316
0.971774474287,8.55625029868e-05,0.0011938422296,0.0269461209807
0.117338465312,0.0571740159349,0.0193329768949,0.806154541859
0.518377253182,0.101637340864,0.01661285167,0.363372554283
0.137462275643,0.0532912905891,0.649008002237,0.160238431531
0.0496434894586,0.859209593851,0.048462547348,0.0426843693424
0.0966045284183,0.471411434768,0.335527856015,0.0964561807989
0.0898768251526,0.0838899830677,0.0740855044129,0.752147687367
0.658676485224,0.24604859986,0.0222781354075,0.0729967795087
0.656726066388,0.196315369137,0.0998680254626,0.0470905390125
0.0260740514061,0.0684589338401,0.641710376825,0.263756637928
0.88261861665,0.0405590945712,0.052726471497,0.0240958172823
0.0464998769585,0.881925404167,0.0559632054365,0.0156115134376
0.00714766839448,0.406434159764,0.253859780931,0.33255839091
0.273584288215,0.0567834460285,0.246564597955,0.423067667801
0.0311977192162,0.576498479289,0.310962287851,0.0813415136442
0.440666102288,0.529054873855,0.0100301661911,0.0202488576655
0.624825032966,0.00167284457099,0.339384383538,0.0341177389252
0.859735077902,0.0185838763849,0.0876723391917,0.0340087065212
0.035947442148,0.47622960136,0.303186000029,0.184636956463
0.0383536143633,0.0100894391272,0.771604492209,0.1799524543
0.00133152073168,0.000571334516065,0.000529927541867,0.99756721721
0.496636225146,0.0110745440117,0.182964024703,0.30932520614
0.136186556649,0.670579904975,0.0809145782902,0.112318960087
0.012339264145,0.970328942751,0.00755524502103,0.00977654808305
0.092728735936,0.299593252741,0.38200840754,0.225669603783
0.58109619668,0.0524971290604,0.355138647595,0.0112680266647
0.881339977079,0.0239985556728,0.0255207964996,0.0691406707488
0.21505370555,0.596633447009,0.147215639445,0.0410972079967
0.152433137234,0.0160737694758,0.726722680357,0.104770412933
0.192775513589,0.211329832487,0.413530139818,0.182364514107
0.243811762669,0.031090736478,0.013456817492,0.711640683361
0.0417515996254,0.952342909805,0.00563231664594,0.000273173923634
0.260092778474,0.629221472308,0.0709845550823,0.0397011941359
0.023061099483,0.0372109314187,0.0204757055144,0.919252263584
0.983843474666,0.0010929983636,0.00143847901206,0.0136250479586
0.102022495884,0.54774765288,0.15414460767,0.196085243567
0.00823901397532,0.840697906479,0.100171259575,0.0508918199701
0.100846695827,0.314012491835,0.513809295868,0.0713315164691
0.140279033646,0.259641670644,0.339833244529,0.26024605118
0.0372332093514,0.0103272805607,0.941378382702,0.0110611273857
0.0151341369019,0.246059150331,0.310812181462,0.427994531305
0.216059892791,0.608909097933,0.164248269219,0.010782740057
0.964547837643,0.0215581211216,0.00754647488355,0.00634756635179
0.00602314947831,0.356406372322,0.630942283457,0.00662819474344
0.464417702599,0.261821373719,0.0781850294578,0.195575894224
0.170638617585,0.719326879411,0.0241947283498,0.0858397746544
0.5349138196,0.240501614696,0.122753138617,0.101831427087
0.857405120838,0.0603100418356,0.0755269484564,0.0067578888701
0.920614486438,0.0609241032514,0.0178263485028,0.00063506180818
0.182153168348,0.756358459835,0.0426303869271,0.0188579848903
0.0715262568225,0.0729669002492,0.826789715639,0.0287171272888
0.165128512779,0.00836547299818,0.643051820952,0.183454193271
0.0394802667308,0.740437699722,0.099568026751,0.120514006796
0.150311439289,0.0247449965023,0.735409710314,0.0895338538942
0.174501386659,0.236109122878,0.103247393985,0.486142096478
0.138413526692,0.757802085199,0.0749413840654,0.0288430040439
0.138186732151,0.396955265693,0.24982014536,0.215037856796
0.679519945915,0.0550640405726,0.190600638107,0.0748153754053
0.361779388281,0.291178382578,0.122241922412,0.22480030673
0.035835607612,0.573300016525,0.0409203597294,0.349944016133
0.0265322049449,0.425729862015,0.424262310179,0.123475622861
0.228085407614,0.40714725186,0.343359932595,0.0214074079311
0.165683000362,0.29989856949,0.238649639584,0.295768790563
0.0676596069463,0.000193421810429,0.00578166752865,0.926365303715
0.335617457972,0.308583265023,0.354700122233,0.00109915477226
0.184510910029,0.422152548824,0.368746723521,0.0245898176256
0.286190338449,0.0668878181375,0.493621513873,0.15330032954
0.482459583383,0.157853992077,0.166319342512,0.193367082028
0.531580844208,0.299367348447,0.0705548818059,0.0984969255393
0.0864511162169,0.306227481107,0.0953295472947,0.511991855381
0.0512238656976,0.421107633855,0.336382810419,0.191285690028
0.262161637752,0.14846232825,0.219176474904,0.370199559094
0.201921001768,0.00221008273178,0.581204713664,0.214664201836
0.219929486587,0.453258157849,0.00323568206739,0.323576673497
0.206893867432,0.498411460919,0.0812521887456,0.213442482903
0.0696374539888,0.131762538804,0.294143250002,0.504456757205
0.065721624104,0.00457082656596,0.00829035235921,0.921417196971
0.35828954737,0.058420582321,0.383931769776,0.199358100533
0.0923802277955,0.0245487293832,0.819503011523,0.0635680312984
0.544274585482,0.312373729759,0.10732725952,0.0360244252394
0.167660970529,0.619057690368,0.0147470827855,0.198534256318
0.125358779789,0.0951656524581,0.663495746763,0.11597982099
0.178582743124,0.00310195263387,0.0768552192378,0.741460085004
0.00662019472741,0.111878032829,0.0370275424314,0.844474230012
0.304711584635,0.000613336918049,0.694186730706,0.000488347740513
0.183062810434,0.362377396814,0.157212842715,0.297346950037
0.00485837311652,0.0393149531551,0.483957267799,0.471869405929
0.157267299915,0.0494488881534,0.229069281377,0.564214530554
0.404529838999,0.115858386231,0.372202722104,0.107409052666
0.263873050311,0.2037157963,0.324861766205,0.207549387183
0.0433431045795,0.778121763733,0.157153907917,0.0213812237704
0.076372248999,0.6422957063,0.0439041753054,0.237427869396
0.334699555595,0.0237675797837,0.611953733107,0.0295791315139
0.995065830135,0.00407208543473,0.000739487925018,0.000122596505132
0.0148231459325,0.00360464054408,0.156527641051,0.825044572473
0.27473442141,0.137119154652,0.402395957638,0.1857504663
0.348513291908,0.452809725286,0.00998220232662,0.188694780479
0.113812376919,0.19672939457,0.585611939321,0.10384628919
0.328221497358,0.0406427662662,0.0842366481888,0.546899088187
0.381228569448,0.14835707464,0.0906574435309,0.379756912381
0.352345613885,0.470287648669,0.167232340031,0.010134397416
0.148356170588,0.437359184325,0.396915627805,0.0173690172812
0.00186537260957,0.960531041373,0.00425538796359,0.0333481980538
0.324124552675,0.157380169307,0.0667407478922,0.451754530125
0.72599494556,0.104116307258,0.0564287900466,0.113459957135
0.09515899896,0.347197467246,0.122647263268,0.434996270526
0.14745805558,0.116608433115,0.406819644816,0.329113866489
0.0990755605495,0.0399939299931,0.158088249279,0.702842260179
0.688766142683,0.00627209926121,0.17258890774,0.132372850316
0.0483069260684,0.032966438028,0.138922181935,0.779804453969
0.442113280579,0.276280576384,0.281329071261,0.000277071776614
0.894545439764,0.0882523701286,0.0114383554326,0.0057638346745
0.100587230326,0.220927494551,0.587925276455,0.0905599986681
0.255945592192,0.0646096043964,0.196513671919,0.482931131492
0.558074245474,0.17810262055,0.119882797439,0.143940336537
0.0571914866343,0.681558092481,0.20520647667,0.0560439442145
0.204489295681,0.560888707289,0.215005557366,0.0196164396638
0.550236389633,0.191245707039,0.24167413807,0.0168437652571
0.128190335439,0.0141440557513,0.831309060247,0.0263565485619
0.0117624185627,0.292086136976,0.400296215527,0.295855228934
0.573860861477,0.0472633653412,0.268806250742,0.11006952244
0.137943191471,0.04600086425,0.779362166984,0.0366937772954
0.745572663157,0.217249077776,0.0234265142981,0.0137517447692
0.618864636017,0.102776761266,0.172760257752,0.105598344965
0.62305735814,0.297273567192,0.0239228712638,0.0557462034051
0.513288564042,0.21897215609,0.0615370729825,0.206202206885
0.0198814341599,0.656871008722,0.298047578829,0.0251999782899
0.834652997321,0.0453266039666,0.0943267117946,0.0256936869174
0.0204394241645,0.540620348139,0.10632669277,0.332613534927
0.180281359997,0.280516602571,0.0702318463367,0.468970191096
0.222271697648,0.105600512581,0.366569706216,0.305558083554
0.579557780815,0.292093645703,0.103990590584,0.0243579828979
0.708434643209,0.239682825922,0.0361203392854,0.015762191584
0.394400977596,0.512365310902,0.0607203590019,0.0325133525
0.165209573742,0.0468593045863,0.692885837762,0.0950452839092
0.053578462428,0.00276150785136,0.432126924544,0.511533105177
0.110891974376,0.721425065098,0.0818846694262,0.0857982910994
0.119582408372,0.66026619069,0.122024002301,0.0981273986369
0.0400752568673,0.569110481899,0.284602751075,0.106211510159
0.129827556673,0.699853164081,0.0452955156953,0.12502376355
0.133563798054,0.0407999811921,0.0676937084332,0.757942512321
0.107740377008,0.335356802469,0.129131920659,0.427770899865
0.0288571062882,0.394808826213,0.513909632926,0.0624244345727
0.285709610657,0.38509635437,0.100139415288,0.229054619685
0.0126550582319,0.399234053201,0.205379395479,0.382731493088
0.177051412345,0.0170297808178,0.168481599083,0.637437207755
0.000721276420457,0.836917084914,0.0955068598655,0.0668547788003
0.225404728582,0.119573843342,0.432271581211,0.222749846865
0.0516915291777,0.22479407727,0.242277630923,0.481236762629
0.0419929539649,0.224639781068,0.240452435215,0.492914829752
0.310503071168,0.0257914579739,0.617595446717,0.0461100241409
0.000147212129568,0.999789674808,6.06699438579e-05,2.44311820682e-06
0.123876932521,0.285492368281,0.418489387207,0.172141311991
0.268943292016,0.0365547357883,0.118059375176,0.576442597019
0.0386062184387,0.336713497514,0.0847132798718,0.539967004176
0.812493409677,0.0882676446541,0.062162404679,0.0370765409901
0.0409561231239,0.297384887651,0.421832027712,0.239826961513
0.308189829026,0.00282118535499,0.631447035375,0.0575419502446
0.106276462372,0.0827770712178,0.112364848563,0.698581617847
0.307904171115,0.076121964826,0.584925112235,0.0310487518247
0.327899903203,0.0813687159442,0.274402302496,0.316329078357
0.873904363712,0.039427101233,0.0787373788045,0.00793115625011
0.00836149448364,0.178827399882,0.687572456019,0.125238649616
0.817302682726,0.0225216980683,0.0944279401551,0.0657476790508
0.359905419705,0.228777567676,0.37731344831,0.0340035643092
0.0459148569928,0.0898471158269,0.467154184106,0.397083843074
0.0175472774506,0.935439516665,0.0097112006669,0.0373020052179
0.174876803807,0.0456122555825,1.55458845493e-06,0.779509386022
0.407382672382,0.197443729385,0.287328484735,0.107845113498
0.979935451634,3.3928864728e-05,0.00310818952582,0.0169224299752
0.0523317908884,0.0633779318079,0.179709315113,0.704580962191
0.08035340615,0.0437959756364,0.265529973517,0.610320644697
0.425296773208,0.127519718188,0.017192139324,0.42999136928
0.0613645835917,0.320323628367,0.00748491738392,0.610826870657
0.0499430101443,0.237132006857,0.181589562927,0.531335420072
0.0182593153697,0.0128221719349,0.430923544834,0.537994967862
0.329944989613,0.0252724673152,0.52626384332,0.118518699752
0.401715916926,0.0258551237957,0.571018236259,0.0014107230191
0.122806845796,0.621003845086,0.221090825282,0.0350984838351
0.907523085244,0.00855371482977,0.0806803770653,0.00324282286123
0.000508573329611,0.793677364807,0.194502088015,0.0113119738476