0.109568462159,0.293058566374,0.129918322761,0.467454648706
0.383414165719,0.0754968969102,0.273115950806,0.267972986565
0.665165091287,0.0266795076569,0.00811205719917,0.300043343857
0.218010548849,0.0145423360758,0.112813271406,0.654633843669
0.266058918361,0.167426661714,0.245987970204,0.320526449721
0.284885328562,0.0258923964458,0.082581306784,0.606640968208
0.0134102395236,0.0240719576484,0.364225388334,0.598292414494
0.659480153683,0.0933456140917,0.0206192418406,0.226554990385
0.0346095543068,0.0621317594689,0.34361284555,0.559645840674
0.426070145442,0.110698017471,0.287931660455,0.175300176632
0.237449508454,0.0944647637622,0.413140044846,0.254945682937
0.215166122247,0.58581773059,0.0706598412241,0.128356305938
0.00127077592001,0.0946365339776,0.0276991660995,0.876393524003
0.0440843783958,0.18184853605,0.591739932333,0.182327153222
0.179313319192,0.556682469148,0.23608127275,0.0279229389096
0.0148637431471,0.303143525498,0.631428807807,0.0505639235475
0.374601138365,0.381183994826,0.0460421716311,0.198172695177
0.0204390029621,0.156268145189,0.0591446198119,0.764148232037
0.558380628234,0.142885494518,0.216556967456,0.082176909791
0.13339020896,0.40739686667,0.308403081967,0.150809842403
0.0167567462415,0.0897264113476,0.836308797235,0.0572080451763
0.663095342165,0.0618148638981,0.262138982634,0.012950811303
0.0843593645062,0.0228579437036,0.0526147364184,0.840167955372
0.53209139697,0.0470406632605,0.0242192665548,0.396648673215
0.0180937600516,0.207711270961,0.160802541167,0.61339242782
0.727392921653,0.0102485072901,0.000295545131431,0.262063025925
0.591246291496,0.029275749138,0.0318288250585,0.347649134308
0.117566928746,0.189020257917,0.529061179129,0.164351634208
0.013187894325,0.893333772892,0.0593373651647,0.034140967618
0.306072507027,0.599234446132,0.018270635308,0.0764224115323
0.0111134617558,0.478388803027,0.23022562513,0.280272110087
0.902526744039,0.0219592731878,0.0334367877004,0.0420771950733
0.0930099293736,0.569634898243,0.26443520487,0.0729199675133
0.000960426312478,0.0440045662763,0.513513157293,0.441521850118
0.0275338647302,0.786127543507,0.0918367583698,0.094501833393
0.024884757138,0.787552991944,0.0976983722121,0.0898638787056
0.661679600596,0.00815735622316,0.0558873112153,0.274275731965
0.0645912462455,0.167973162308,0.0180503568609,0.749385234585
0.100051663131,0.0312023150046,0.836336683979,0.0324093378852
0.0333355865648,0.949760708804,0.0157825533665,0.00112115126421
0.0841188354793,0.066800147471,0.09633224883,0.75274876822
0.0053958117513,0.813253801841,0.151601137767,0.02974924864
0.0043142723718,0.00266021189656,0.000902270496873,0.992123245235
0.0711520390801,0.699787686666,0.05678687772,0.172273396534
0.738232285091,0.0910059502729,0.0943818674583,0.0763798971776
0.0824052345273,0.248077493757,0.0105258413397,0.658991430376
0.0849194053022,0.149379069455,0.0329611683543,0.732740356889
0.00448469167071,0.48807471746,0.502017450623,0.00542314024637
0.101822482356,0.889217547942,0.00383193662665,0.00512803307507
0.0281289863693,0.582569893648,0.0119070697005,0.377394050282
0.0938037820408,0.80731045465,0.0105896065318,0.0882961567774
0.16928222603,0.82247005412,0.00477468114404,0.00347303870537
0.0461776158119,0.0073226551154,0.855295648948,0.0912040801249
0.066347579871,0.0379829857918,0.378278599638,0.517390834699
0.0440731621509,0.530104126561,0.0717937601967,0.354028951092
0.340669464131,0.472691978615,0.149357533032,0.0372810242221
0.0596720427501,0.0814287712707,0.146251270047,0.712647915933
0.0201385911613,0.227119801756,0.117217230342,0.63552437674
0.465658294188,0.142985110451,0.0831323742488,0.308224221112
0.142145582981,0.720574175051,0.040347694951,0.0969325470173
0.108551866729,0.527103715316,0.244160180887,0.120184237068
0.272347313345,0.0509011288122,0.643012706548,0.0337388512944
0.386945968561,0.40599016715,0.143925218654,0.0631386456352
0.735547280425,0.231752655761,0.0193689602107,0.0133311036034
0.464952723442,0.452803256208,0.0753389107155,0.00690510963438
0.0601229722763,0.425359185169,0.00734724794319,0.507170594611
0.104853445128,0.566633114154,0.247721651855,0.0807917888635
0.0885052227456,0.65246623717,0.25214501953,0.006883520555
0.073972492186,0.00501804769511,0.185233003655,0.735776456464
0.083630122826,0.688774517066,0.119366547324,0.108228812784
0.367417187095,0.268642838346,0.358498378342,0.00544159621672
0.750181468303,0.0690694730851,0.0516868990721,0.12906215954
0.0980762467716,0.00879809658534,0.185298109396,0.707827547247
0.00610551867316,0.00354586813956,0.644510499637,0.34583811355
0.00903151567818,0.853420031116,0.0683384017374,0.0692100514685
0.358430234462,0.0226727472217,0.36617936714,0.252717651176
0.00546414749358,0.805022527795,0.0028065007694,0.186706823942
0.107754465862,0.268082302706,0.163384714311,0.460778517122
0.277318989509,0.343979441653,0.282339186046,0.0963623827915
0.655356517558,0.0423970026887,0.298125261077,0.00412121867585
0.0225076066949,0.482222175881,0.0505193499368,0.444750867488
0.0304905530298,0.93665608058,0.0268664478239,0.00598691856661
0.298241906715,0.0149455051931,0.654673790828,0.0321387972637
0.721315373055,0.0936467760767,0.0532939317556,0.131743919112
0.11487975713,0.459318919003,0.218751668767,0.207049655099
0.568317383214,0.087256298739,0.0306932924914,0.313733025555
0.0596854068382,0.0207953680279,0.329889132343,0.589630092791
0.321026494965,0.422327066445,0.150142784569,0.106503654022
0.0466404816994,0.0695158207074,0.862717545815,0.0211261517784
0.718617802407,0.203910280532,0.0154837630029,0.0619881540579
0.187374097628,0.0984110711526,0.253979411244,0.460235419976
0.394212546113,0.206000527267,0.0491557434507,0.350631183169
0.0781327550308,0.267869696317,0.223451564757,0.430545983895
0.873999796036,0.00261974161478,0.0126977749181,0.110682687431
0.0328570350315,0.0892433085468,0.00954941531517,0.868350241107
0.247262656863,0.136456533391,0.175659070528,0.440621739218
0.847974491456,0.0393056413597,0.0151500210932,0.0975698460915
0.0554110483242,0.811592660203,0.104157396903,0.0288388945701
0.2183815954,0.0362959730493,0.616235945661,0.129086485889
0.239640904416,0.37337121728,0.20258434805,0.184403530254
0.0204851011783,0.0782744077577,0.838737958521,0.0625025325433
0.0346462936883,0.766836574094,0.0112727660776,0.18724436614
0.105330697304,0.244382101924,0.054336611442,0.59595058933
0.332751987507,0.100889998697,0.45635076854,0.110007245256
0.183553529435,0.61247052394,0.106926582047,0.0970493645784
0.00631775107602,0.301691620378,0.689192636009,0.00279799253653
0.14186970637,0.692850621969,0.0546110915539,0.110668580107
0.27984627499,0.248987309948,0.35769249433,0.113473920732
0.1132041711,0.2262030268,0.0611324618497,0.599460340251
0.393649419856,0.0585906555095,0.418471093517,0.129288831117
0.435951902019,0.221264381851,0.253644413808,0.0891393023217
0.0281381594467,0.00516667839242,0.032531645204,0.934163516957
0.0570660853263,0.585091058881,0.0359354883972,0.321907367396
0.356134577311,0.0319703948737,0.524659473839,0.0872355539762
0.447065827803,0.0457555731645,0.139581690869,0.367596908163
0.228991733603,0.332424645591,0.207584600816,0.23099901999
0.193780552891,0.266119816365,0.503775068855,0.0363245618897
0.0219745338401,0.0666218941762,0.081253990239,0.830149581745
0.0139286782717,0.0286634020545,0.949142070675,0.00826584899908
0.491575230588,0.157432586074,0.0575853233639,0.293406859974
0.743325679322,0.000854369571765,7.59308822683e-05,0.255744020224
0.00397523340525,0.913259028124,0.00523006936127,0.0775356691098
0.291310504821,0.0482724043758,0.207522060965,0.452895029838
0.559215162062,0.218156415275,0.118920675318,0.103707747345
0.350544057542,0.102554864704,0.249561591272,0.297339486482
0.242494807037,0.318021338038,0.108658487059,0.330825367866
0.0406368873192,0.283773594489,0.0962484980627,0.579341020129
0.217808312616,0.12271462772,0.556947045685,0.102530013979
0.656813770739,0.0349388375034,0.2249716686,0.0832757231576
0.20246840027,0.0511865943955,0.0182469324238,0.728098072911
0.558316346871,0.000680689643665,0.353543353857,0.0874596096281
0.282269898735,0.0217897959496,0.144553477285,0.55138682803
0.153690236063,0.17363184776,0.334322595792,0.338355320385
0.299135047337,0.0785493558061,0.488075873775,0.134239723083
0.614306704539,0.16863766487,0.132662212281,0.0843934183096
0.0268576339905,0.418544755132,0.474165346523,0.0804322643542
0.0664995656708,0.529676889702,0.0462854979906,0.357538046637
0.0776779313564,0.102963797712,0.680181295187,0.139176975744
0.141420739161,0.766363633565,0.0891756848286,0.00303994244486
0.220193958529,0.181147364102,0.0245790245728,0.574079652796
0.226908773368,0.247017083206,0.156726723,0.369347420426
0.114890439053,0.0497081676404,0.359493015721,0.475908377585
0.967051349389,0.00188584834166,0.0107304063241,0.0203323959455
0.319681595999,0.313517605339,0.140793439834,0.226007358828
0.217769119829,0.361669690954,0.320852302103,0.0997088871143
0.189994263198,0.0555546356928,0.199442697489,0.555008403619
0.558949104207,0.013881278392,0.00103392367565,0.426135693726
0.0512016101954,0.0296409941659,0.089346118943,0.829811276696
0.939863628197,0.0468857716783,0.00808878309634,0.00516181702843
0.631640863176,0.06997466886,0.0806544092572,0.217730058707
0.487400823522,0.250271249904,0.15649428623,0.105833640344
0.129433041035,0.426896936254,0.153717010731,0.28995301198
0.298380672677,0.0168703532352,0.378392115239,0.306356858849
0.374030762723,0.0408446731685,0.0997801596407,0.485344404468
0.421385699575,0.0835795755047,0.315855019786,0.179179705134
0.123087145252,0.0258079183444,0.361496137526,0.489608798878
0.688412178907,0.191265834828,0.034285293716,0.086036692548
0.0114586660646,0.831025980551,0.0255413241397,0.131974029245
0.1479898949,0.784568772906,0.0442480640687,0.0231932681256
0.102249101691,0.457597347244,0.341479466988,0.0986740840776
0.135718798482,0.360510655177,0.161676084734,0.342094461607
0.247029251816,0.41604806501,0.09837772884,0.238544954334
0.894998491737,0.00544761890668,0.0201207437508,0.0794331456056
0.236586283643,0.354798367856,0.178908308183,0.229707040318
0.0145004475041,0.881318008099,0.0549414640141,0.0492400803823
0.129921839879,0.193121873643,0.473906392748,0.20304989373
0.183732885168,0.497195820846,0.31467519919,0.00439609479613
0.00597574727316,0.684445011357,0.193936173419,0.115643067951
0.631927889529,0.26196188745,0.0540711511727,0.0520390718481
0.463942685634,0.0277525466339,0.488729793672,0.01957497406
0.139585118352,0.178007278359,0.189271264329,0.49313633896
0.0311398889781,0.606754195124,0.111143889895,0.250962026003
0.461668131641,0.159478913083,0.0746922257568,0.304160729519
0.00139602625515,0.888536645263,0.0355326995606,0.0745346289216
0.324677892004,0.175617568515,0.386323981443,0.113380558037
0.341779290849,0.0026819248545,0.651960907826,0.00357787647083
0.359950787438,0.0140680762555,0.612053933929,0.0139272023772
0.0198691325951,0.0561946396875,0.389894378599,0.534041849118
0.0205674473555,0.00788220413801,0.616773069968,0.354777278538
0.283770250344,0.642175080135,0.0397359599996,0.0343187095209
0.653996286789,0.0180412784212,0.324973925011,0.0029885097791
0.0268792303402,0.0150442623695,0.911459180375,0.046617326915
0.110906738935,0.0817661650712,0.601057585264,0.206269510731
0.0604884727847,0.14657674619,0.609772852625,0.183161928401
0.682214266402,0.0487228675838,0.168106976925,0.100955889089
0.0854759541074,0.197438228167,0.588140068124,0.128945749601
0.930492677188,0.0312149721916,0.0294453737245,0.0088469768957
0.101367645026,0.0408126051462,0.416274071594,0.441545678234
0.092711386564,0.297791026737,0.314808478327,0.294689108372
0.137833211295,0.666269923639,0.103050226901,0.0928466381656
0.273477560267,0.0519201709733,0.648232022819,0.0263702459405
0.76827613859,0.0648285094958,0.0132388563987,0.153656495515
0.820783315246,0.0728057742254,0.0174766319549,0.0889342785736
0.708752969524,0.0245027125334,0.253953506,0.0127908119432
0.468685705149,0.0172740836927,0.111134198747,0.402906012411
0.400381773424,0.144882838202,0.28779669344,0.166938694934
0.102020785335,0.571576329788,0.0614847732698,0.264918111607
0.300967238428,0.612293470274,0.0708223519968,0.0159169393011
0.0988956924467,0.0402025223012,0.0186927079028,0.842209077349
0.590009657242,0.230719265336,0.00988836742878,0.169382709994