0.900809397104,0.00286697875298,0.00851675270269,0.0878068714407
0.106511766665,0.267245200101,0.611781240898,0.0144617923358
0.0369072984913,0.698679020761,0.116424981118,0.14798869963
0.00117972128298,0.156871465087,0.841664846371,0.000283967258375
0.0344551296162,0.236550243014,0.196080116885,0.532914510485
0.386423044561,0.0265512648106,0.575677807033,0.0113478835952
0.0750518118558,0.0296592456406,0.655886824941,0.239402117563
0.0267279314855,0.0561308419002,0.858928711271,0.0582125153438
0.0238963671724,0.0961605276995,0.346696983137,0.533246121991
0.0104295291967,0.0312375046196,0.331308886861,0.627024079322
0.984635819183,0.00617272695254,0.00218856434056,0.00700288952407
0.175913963746,0.625068827597,0.16993931251,0.0290778961466
0.0200075892291,0.849776403654,0.0923424143097,0.0378735928077
0.186100044038,0.349971160498,0.131478851472,0.332449943992
0.0267119409409,0.00119689999844,0.956929998615,0.0151611604454
0.192350228067,0.0601204631968,0.130535824678,0.616993484058
0.365754200937,0.00711313402897,0.0739046660389,0.553227998996
0.299378390109,0.494664925387,0.111571204876,0.0943854796277
0.0442788167611,0.189439714617,0.346588640619,0.419692828003
0.983054091125,0.000617758183861,0.00336511580874,0.0129630348829
0.284947113775,0.0926599891402,0.590619870791,0.0317730262931
0.250350448891,0.00423851023531,0.410359044761,0.335051996113
0.134184651436,0.296622809838,0.044929520468,0.524263018258
0.22061729777,0.0426431538545,0.501935472122,0.234804076253
0.182793385947,0.705182149285,0.0560614059201,0.0559630588485
0.0338868498513,0.875916475497,0.0294570331017,0.0607396415496
0.575336418688,0.00704244936423,0.143565039892,0.274056092056
0.107696722821,0.129975183253,0.636075169893,0.126252924034
0.212759673356,0.0606072074634,0.224884208393,0.501748910787
0.406751587666,0.454746310163,0.0324852745615,0.106016827609
0.345783777233,0.624131235531,0.00526280591212,0.0248221813245
0.484438988753,0.342755728696,0.159525571554,0.0132797109968
0.0577865003335,0.0976099795419,0.0336816004027,0.810921919722
0.140284961295,0.615039349292,0.158422997953,0.0862526914593
0.0226265120306,0.926043785372,0.0332392393185,0.0180904632788
0.0348592078554,0.649864679609,0.0677193561164,0.24755675642
0.384120936886,0.492040431185,0.0662390545883,0.057599577341
0.00970213187271,0.073378938664,0.082648073331,0.834270856132
0.000139837136566,0.0278656336532,0.918471680802,0.0535228484082
0.00568934980726,0.029882444732,0.208168825969,0.756259379492
0.000914481376931,0.00225658781331,5.309453824e-05,0.996775836272
0.00348000441687,0.00100012314715,0.990613277889,0.0049065945472
0.425149059031,0.228568519979,0.0785716808465,0.267710740144
0.0247312696873,0.09754549094,0.182301510978,0.695421728395
0.000136065857633,0.136701881313,3.45362211514e-05,0.863127516608
0.786043372748,0.15731274632,0.0502039888338,0.00643989209846
0.119844847665,0.0422320214066,0.266794615156,0.571128515772
0.788938832648,0.176411192664,0.0100670052891,0.0245829693991
0.131711511323,0.838130712914,0.0224671989792,0.00769057678433
0.0848791236973,0.0677960993102,0.84073403836,0.00659073863268
0.196885600208,0.150769317071,0.132483709561,0.51986137316
0.0125685527036,0.134810340892,0.00624111080399,0.846379995601
0.141730664331,0.102619410414,0.150429631261,0.605220293993
0.510793004857,0.0759534613549,0.0407424539796,0.372511079808
0.993084382069,1.37217265493e-05,0.000670145936854,0.00623175026797
0.105042599075,0.111724928452,0.0945289186057,0.688703553868
0.982590623323,0.00816036104914,0.00856716053772,0.00068185508973
0.334226004417,0.0136539764733,0.507486863266,0.144633155844
0.0837259489614,0.0345515034134,0.526968884387,0.354753663238
0.0247345559036,0.804385819371,0.135962520607,0.0349171041187
0.0616096009443,0.0282109773266,0.846174248345,0.0640051733842
0.594457552098,0.0012686750851,0.002206035907,0.40206773691
0.846356695767,0.144796777498,0.00558037613455,0.00326615060037
0.0135495413045,0.444015943598,0.0217793842952,0.520655130802
0.0937125913186,0.324725383838,0.575024692759,0.00653733208409
0.097614596717,0.31880112001,0.128842491809,0.454741791464
0.0630632924672,0.276252162377,0.110169352568,0.550515192588
0.0869229287402,0.12039033224,0.679914543447,0.112772195573
0.25074010212,0.0181280225742,0.0128193598126,0.718312515493
0.0554413507903,0.698213039925,0.23033692908,0.0160086802054
0.665589643733,0.0412182399934,0.152499248097,0.140692868176
0.0841157640138,0.116790370938,0.797978449948,0.00111541510075
0.388923575834,0.03607926979,0.374351351142,0.200645803233
0.150536332547,0.296918998983,0.331408781529,0.221135886942
0.00549196457929,9.38266615766e-05,0.992292773962,0.00212143479667
0.000518149927465,0.000124173133166,0.000236311691705,0.999121365248
0.351876894257,0.38270929108,0.103482579684,0.161931234979
0.0917153407226,0.173367067905,0.691551291315,0.0433663000572
0.184012450045,0.29631816668,0.0113665889753,0.508302794299
0.757529707521,0.0595345708419,0.161465922952,0.0214697986858
0.101103559775,0.311830779185,0.434454812053,0.152610848988
0.238934763146,0.17326154427,0.0358438249904,0.551959867593
0.00103787515256,0.0212630225779,0.948515183699,0.0291839185709
0.327089679446,0.207033427079,0.175654969129,0.290221924346
0.685352443694,0.0919005790404,0.189912631582,0.0328343456833
0.596157471557,0.114666216575,0.229472265301,0.0597040465671
0.0741697125927,0.643924292714,0.261269712569,0.0206362821238
0.208989522028,0.108151029696,0.439690291726,0.24316915655
0.019956080206,0.15898272069,0.170495464181,0.650565734923
0.211782976852,0.032271200186,0.4630917746,0.292854048362
0.0374364889025,0.129257956655,0.110159306794,0.723146247649
0.72244989036,0.000570525762717,0.0252559098208,0.251723674057
0.462635747603,0.270643778932,0.197602231412,0.069118242053
0.0587531538409,0.862177940656,0.0313433366028,0.0477255689004
0.656229955914,0.0419516427065,0.248904609042,0.0529137923369
0.236887223732,0.116525040406,0.421043463839,0.225544272023
0.168622784555,0.220057563038,0.343492167195,0.267827485212
0.10012993758,0.508097492251,0.277134398229,0.114638171941
0.00115315103259,0.123514628448,0.680400941899,0.19493127862
0.174250499681,0.781817277851,0.0316542036529,0.0122780188144
0.894696410268,0.0398998916171,0.0199007095733,0.0455029885417
0.178605791655,0.254877298107,0.359747912337,0.206768997901
0.0523656181204,0.0120573609246,0.927348189334,0.00822883162065
0.0223107945899,0.137570952256,0.0544190977247,0.78569915543
0.339691036983,0.337517800128,0.30001920979,0.0227719530995
0.883707289051,0.0197016684305,0.0615305408776,0.0350605016411
0.000811259818939,0.0787616428038,0.000413087702312,0.920014009675
0.00820055687769,0.149184670121,0.120358746601,0.7222560264
0.00206037350963,0.0169843696355,0.901798966766,0.079156290089
0.513842512764,0.0280177132041,0.419672811923,0.0384669621084
0.381163602467,0.35320199832,0.0227669587969,0.242867440416
0.266376893743,0.183195563055,0.328177495459,0.222250047742
0.0595765593717,0.0152125000626,0.161179322658,0.764031617908
0.799637016522,0.0301122847989,0.0012804475049,0.168970251175
0.463067979687,0.231890025036,0.0796304101348,0.225411585142
0.074610268212,0.769305349147,0.137935399914,0.0181489827267
0.658003478738,0.119592758282,0.0754921625689,0.146911600411
0.249619133957,0.365187409633,0.344954400745,0.0402390556646
0.165948277851,0.00975982054539,0.337528263137,0.486763638467
0.0355295142415,0.695461376642,0.0478103022439,0.221198806872
0.0401796363546,0.294578262415,0.59668985086,0.06855225037
0.861438998763,0.0121317995253,0.125480990555,0.000948211156242
0.099606310746,0.619277694777,0.0442897061729,0.236826288304
0.0342976120356,0.0293643394319,0.000958422400613,0.935379626132
0.347039859489,0.603815462021,0.0148702302187,0.0342744482721
0.000971248678736,0.0128119585981,0.00641832439861,0.979798468325
0.675700351484,0.00590867424573,0.278794602381,0.0395963718895
0.03282431365,0.848761335988,0.0924863930191,0.025927957343
0.583062526655,0.0299041558386,0.252451946135,0.134581371371
0.0247847963342,0.17355344286,0.799610972678,0.00205078812781
0.420220313299,0.0279309773318,0.241652704089,0.31019600528
0.082391951602,0.158839466649,0.438334451902,0.320434129847
0.455434757558,0.0195916217538,0.209442062305,0.315531558383
0.248936212067,0.631089891538,0.0605627026795,0.0594111937155
0.0354981325868,0.0943151841842,0.238170730307,0.632015952922
0.157527581221,0.486185183058,0.136728281553,0.219558954168
0.0752807957751,0.362354324859,0.232212872797,0.330152006569
0.867192636783,0.132754563902,4.25848840255e-06,4.85408271105e-05
0.0644573657777,0.572410557343,0.358609181718,0.00452289516126
0.770054871935,0.0371510469993,0.150641524901,0.0421525561646
0.0452420277596,0.0308024964355,0.353447539667,0.570507936138
0.00222821372814,0.947415079624,0.0160200055154,0.0343367011321
0.0292848619125,0.175445903053,0.793575302378,0.00169393265678
0.17636326982,0.0362252976195,0.701542867016,0.0858685655444
0.550535933509,0.00673285553999,0.0886272381245,0.354103972827
0.268370509582,0.0644037884055,0.286563825333,0.38066187668
0.0594930978861,0.0742686777344,0.361191303308,0.505046921072
0.319426494103,0.439095189886,0.150776171372,0.0907021446398
0.574361472929,0.0448780500635,0.130854145849,0.249906331159
0.00364055203138,0.944203941042,0.0411310826433,0.0110244242837
0.052679725868,0.00026231793856,0.900917424721,0.0461405314728
0.536582930244,0.256613280299,0.109655219674,0.0971485697827
0.150394698253,0.00533723769801,0.161515765103,0.682752298946
0.378971791562,0.0891816214028,0.339852571801,0.191994015235
0.0885769735324,0.775297031012,0.113149540399,0.0229764550573
0.761204510224,0.193919744541,0.00935001742068,0.0355257278145
0.00169066680903,0.982311859217,0.000591527367518,0.0154059466066
0.177036927843,0.0445039710327,0.158207740664,0.62025136046
0.541720458866,0.00921413142473,0.320488300983,0.128577108726
0.00150885188626,0.492865202175,0.0518219846083,0.453803961331
0.32422754371,0.0508232523454,0.0777982825946,0.54715092135
0.155141825389,0.666350525718,0.059980679592,0.1185269693
0.0671467905816,0.661156404895,0.10878786861,0.162908935913
0.0932909264185,0.024817504752,0.378436356008,0.503455212821
0.3250251763,0.0674823155416,0.355834926113,0.251657582045
0.479502589432,0.124263326583,0.0344465365868,0.361787547399
0.518636774219,0.280153096738,0.157338375092,0.043871753952
0.00512097150957,0.843418279043,0.0237500827649,0.127710666682
0.191657086351,0.162776484404,0.109461518919,0.536104910327
0.065641885196,0.343375420019,0.399372986012,0.191609708773
0.949816532625,0.0277017266199,0.0201797675984,0.00230197315622
0.0594613894208,0.0565557614449,0.444089246157,0.439893602978
0.125111688331,0.53722261155,0.320151057809,0.0175146423091
0.0497406911484,0.11560041576,0.0945854228372,0.740073470254
0.00476212365777,0.12605179858,0.304848660423,0.564337417339
0.0548820428595,0.0709634704884,0.79593628542,0.0782182012321
0.291872148038,0.306020931033,0.32569761392,0.0764093070097
0.0144901890574,0.86083221541,0.0170636822578,0.107613913275
0.0120587152702,0.382029694501,0.13491601712,0.470995573108
0.696902867107,0.00886153620168,0.265564821008,0.0286707756839
0.0510678767859,0.743824993856,0.106555656602,0.0985514727558
0.0970178100348,0.0638323743628,0.33127015126,0.507879664343
0.0969205523257,0.239539655209,0.0985442926428,0.564995499822
0.293104810665,0.416994968835,0.06057633243,0.22932388807
0.00836821691042,0.615795136914,0.110374023627,0.265462622549
0.0134316117579,0.356711349525,0.0365792214725,0.593277817244
0.256944510458,0.293702359201,0.436431906725,0.0129212236155
0.539614081309,0.00707392400011,0.315115264939,0.138196729751
0.346267162973,0.339353754635,0.0622216855864,0.252157396806
0.052721129644,0.0921635032385,0.814954264775,0.0401611023424
0.632569560636,0.0206513379337,0.0409986421828,0.305780459247
0.0328566102176,0.0544791604558,0.198601248046,0.714062981281
0.197236058747,0.0519980598907,0.190234726747,0.560531154615
0.0861622871154,0.0423275840457,0.190112312382,0.681397816457
0.0951651077303,0.0661221968787,0.130638661111,0.70807403428
0.0867180761341,0.0664471810862,0.739652239771,0.107182503008
0.00928611677782,0.119187480003,0.0149440322878,0.856582370931
0.236513211009,0.256536129203,0.214370243515,0.292580416273
0.025180319969,0.967268534881,0.00480683381248,0.00274431133779
0.000476991597683,0.0054532249323,0.827845922642,0.166223860828