0.849837215042,0.0106662640751,0.0152217943662,0.124274726516
0.555561501253,0.101902504378,0.0885027789256,0.254033215443
0.956677680591,0.0098626112106,0.0168613809466,0.0165983272515
0.27944759665,0.485502270135,0.0807735018178,0.154276631398
0.865628912378,0.0733699174496,0.0181824736574,0.0428186965149
0.61456667182,0.0860939107737,0.0892440072199,0.210095410187
7.19818939101e-05,0.0135700623011,0.0018663733158,0.984491582489
0.0175387475118,0.981995009953,3.56806941192e-05,0.000430561841506
0.324758104828,0.356619134998,0.297046609027,0.0215761511472
0.572332942617,0.0750442572874,0.0177128571842,0.334909942911
0.0140650833551,0.0519739224546,0.0613765601267,0.872584434064
0.0326519506211,0.730230758181,0.231857401523,0.00525988967521
0.0204041139669,0.507745820784,0.161562939845,0.310287125403
0.381221696437,0.135020497749,0.16392541545,0.319832390364
0.562269939918,0.0224812500943,0.380742220209,0.0345065897785
0.427083006739,0.42859909636,0.0193613126543,0.124956584247
0.00983061363016,0.10100907573,0.693337845451,0.195822465189
0.135475952403,0.169776358717,0.0790038100338,0.615743878846
0.211316229489,0.465273626236,0.271298548629,0.0521115956461
0.0482278466946,0.456383356372,0.33805747715,0.157331319783
0.367390149814,0.173692758444,0.345620148983,0.113296942759
0.1410440216,0.116591700377,0.0672728387156,0.675091439307
0.0142133649928,0.0977683958981,0.523114285883,0.364903953226
0.0194345384425,0.0316798953339,0.852767201411,0.0961183648126
0.0846272243905,0.487189026433,0.176749241729,0.251434507447
0.0608386133106,0.0226226547445,0.897344211632,0.0191945203129
0.0264751246426,0.76390372589,0.199415904561,0.0102052449067
0.0033198831802,0.977602698672,0.0170947787713,0.00198263937624
0.667747224649,0.174098931309,0.10265465623,0.0554991878124
0.311733651024,0.00710860581304,0.616485290791,0.0646724523723
0.403633740232,0.00888589003396,0.0507288961911,0.536751473543
0.694604960716,0.242029508396,0.0592748151718,0.00409071571659
0.673352493454,0.21518064633,0.0709020688143,0.0405647914021
0.429336216444,0.447882621282,0.11758454961,0.00519661266444
0.228646853874,0.401802525331,0.275147036063,0.0944035847331
0.266017109882,0.015991987737,0.530862574564,0.187128327817
0.16369748016,0.0940012936347,0.192965663119,0.549335563087
0.0682927850172,0.274744410098,0.0238110096019,0.633151795283
0.0517316642615,0.596848771059,0.299051340821,0.0523682238578
0.305334383428,0.0176905840969,0.0249717698861,0.652003262589
0.830040391828,0.108228476973,0.0361768606074,0.0255542705917
0.0133307160353,0.937519128572,0.043915299414,0.00523485597821
0.0629985911893,0.734455823265,0.0755390470642,0.127006538482
0.187653845523,0.192795823089,0.460160220357,0.15939011103
0.0295226336906,0.559481312315,0.107571786512,0.303424267482
0.00207176910747,0.0464725393304,0.0725239617268,0.878931729835
0.107587096169,0.18739614046,0.347229614304,0.357787149066
0.011234911685,0.226868771462,0.370428654314,0.391467662538
0.249013688718,0.0405216497905,0.691671930019,0.0187927314717
0.695033350256,0.0267887733637,0.117463814979,0.160714061401
0.643329982296,0.190434586332,0.140937664416,0.0252977669549
0.613325666201,0.13115215863,0.215205979911,0.040316195258
0.0180069395106,0.843765795841,0.12774773765,0.0104795269986
0.853435464016,0.0712722845503,0.00608057439225,0.0692116770419
0.00286655093957,0.0535565566338,0.226029234856,0.71754765757
0.0728542981872,0.660883219829,0.0148711512147,0.251391330769
0.607505718535,0.0455698954609,0.14695256551,0.199971820494
0.00210518302626,0.88008283758,0.0829970747136,0.0348149046799
0.0180854444811,0.0332563054251,0.00660241360824,0.942055836486
0.336657819203,0.176930241314,0.204689780818,0.281722158664
0.645172033831,0.0155886719076,0.124298711044,0.214940583217
0.0417541187136,0.937463348761,0.0173585269879,0.00342400553776
0.445237189597,1.09636054212e-05,0.0234731268792,0.531278719918
0.349735945891,0.468442834645,0.00875225240265,0.173068967062
0.329365491093,0.317829619098,0.100907167688,0.25189772212
0.136492229184,0.157750091656,0.184448133405,0.521309545755
0.452145004465,0.205219460949,0.232844118007,0.10979141658
0.0509733201507,0.188756694252,0.678294947166,0.0819750384317
0.226751655171,0.0259148439911,0.678602234868,0.0687312659699
0.520180944831,0.0251775018926,0.435025056659,0.0196164966173
0.302467431251,0.0784260265994,0.513358011453,0.105748530697
0.056202334497,0.314997231143,0.344645167772,0.284155266588
0.379075914008,0.239008354591,0.304145592317,0.0777701390827
0.0730020333813,0.0640796631535,0.12674463919,0.736173664275
0.43795685115,0.267398247909,0.206266496391,0.0883784045504
0.0941189368288,0.279145498661,0.462157575289,0.164577989221
0.00356682124792,0.0771573958429,0.701678556215,0.217597226694
0.0138986865482,0.0487748758852,0.503358347615,0.433968089952
0.363473616287,0.139964308048,0.370476438761,0.126085636903
0.681394288438,0.190523484871,0.0364412336156,0.0916409930754
0.500182675638,0.0543351630186,0.102366405439,0.343115755905
0.0882422945336,0.818108284323,0.078278542,0.0153708791437
0.0394416161584,0.348125147276,0.0140429676228,0.598390268942
0.733826983187,0.140124618669,0.0635174985481,0.0625308995957
0.00432414557162,0.275891040472,0.199026457883,0.520758356074
0.623712875229,0.177244105507,0.122536347069,0.0765066721956
0.0777644648654,0.029303071334,0.789819366361,0.10311309744
0.110269738447,0.0403428629039,0.0732087493788,0.77617864927
0.00793877683934,0.974719880771,0.00293139714263,0.0144099452474
0.041848263851,0.245971458926,0.476603178383,0.23557709884
0.0650077711416,0.00362548756776,0.00706999839197,0.924296742899
0.0533869491192,0.0430585131514,0.241042497149,0.66251204058
0.791749143938,0.0501299279047,0.0881407272246,0.0699802009326
0.12767964015,0.0157751710322,0.0594706928162,0.797074496001
0.692215148568,0.233012072604,0.0458837104302,0.0288890683978
0.501691606796,0.420247511926,0.0407120465249,0.0373488347534
0.361145076975,0.49789447168,0.0762273444734,0.0647331068721
0.664902708611,0.242853780959,0.0859731177326,0.00627039269744
0.00687431762423,0.829115899343,0.146425248085,0.017584534948
0.00181427239355,0.179562009526,0.776332463723,0.0422912543582
0.026203871203,0.0810313252731,0.555370211103,0.337394592421
0.0948616994347,0.183056012002,0.197365957712,0.524716330852
0.264232972986,0.143648638058,0.202130018279,0.389988370677
0.189075780725,0.557699782382,0.0138632404096,0.239361196483
0.0293716411782,0.166837371005,0.287055756899,0.516735230917
0.236297211522,0.483686999936,0.150879677089,0.129136111452
0.747979308796,0.026021392747,0.168826364699,0.0571729337576
0.2137191116,0.0133189960021,0.394233714469,0.378728177929
0.00760513526351,0.0226353513911,0.100730430882,0.869029082464
0.094284884699,0.179312128336,0.0736608877947,0.65274209917
0.752492956671,0.010596043207,0.135896372872,0.10101462725
0.00397753587426,0.0659750321255,0.870574580172,0.0594728518286
0.0359626075799,0.866995128583,0.0903688640712,0.00667339976551
0.0243532451743,0.812113972518,0.0461127788998,0.117420003408
0.00223431614505,0.565177578232,0.227502816993,0.205085288631
0.00990893956923,0.223462379348,0.686227665961,0.0804010151221
0.00106388108886,0.932061087095,0.0653355994727,0.00153943234369
0.0787741170667,0.633615309747,0.259991952231,0.0276186209553
0.660580715325,0.0614737889152,0.0150712015809,0.262874294179
0.182872712211,0.0159319926707,0.548133953096,0.253061342022
0.00142846979295,0.00144293851323,0.00230840616071,0.994820185533
0.645398606514,0.0151754561928,0.233038182572,0.106387754721
0.289494747377,0.450811390735,0.0694607930594,0.190233068828
0.0197017098828,0.585945300815,0.381798922949,0.0125540663537
0.5026517371,0.0800943183535,0.103522102889,0.313731841657
0.0288039331633,0.282235863863,0.503056814669,0.185903388305
0.248808618541,0.016210181312,0.700862951221,0.0341182489265
0.685909011496,0.247391698631,0.0300193829863,0.036679906886
0.0983867515115,0.00314883797061,0.865765056255,0.0326993542632
0.886466515764,0.062752003596,0.0369746140555,0.0138068665843
0.660904156377,0.244961525479,0.0850351746752,0.00909914346844
0.0152884670378,0.129108287667,0.0053653906326,0.850237854662
0.00198236331329,0.791270303309,0.00992349249434,0.196823840884
0.161014135194,0.111680365622,0.60571854029,0.121586958894
0.477817360075,0.0619207799459,0.334440810892,0.125821049087
0.0172781844555,0.0660367688917,0.309439695728,0.607245350924
0.0954620899475,0.114645356196,0.346075569364,0.443816984493
0.133033136029,0.182708957478,0.222446926029,0.461810980464
0.00706198406299,0.432790372373,0.555759233739,0.00438840982501
0.191768976469,0.703394954179,0.0200155496974,0.0848205196544
0.678601609375,0.0778006521458,0.174191231653,0.0694065068265
0.283599436054,0.498660742444,0.0539348348723,0.16380498663
0.119844759836,0.00254552207611,0.0213578330126,0.856251885075
0.0369412993776,0.0263702627351,0.189787239264,0.746901198623
0.11580674261,0.697147693176,0.0844804558079,0.102565108407
0.277383236013,0.233371527371,0.0515766326387,0.437668603977
0.221703012233,0.16106874879,0.0598123417153,0.557415897262
0.0509870774168,0.0598202858636,0.820369150014,0.0688234867057
0.66186223778,0.00361034052371,0.124839047881,0.209688373815
0.241093354045,0.0338372220686,0.376536759918,0.348532663968
0.00128005361265,0.0127582481591,0.709157924462,0.276803773766
0.219706820128,0.697220854481,0.012539550996,0.0705327743952
0.221229643381,0.479561834226,0.24010158511,0.0591069372831
0.0263873955161,0.000888004490907,0.000380352184375,0.972344247809
0.26162555527,0.0928821970535,0.0782289991455,0.567263248531
0.00490936901006,0.702881856568,0.281852859513,0.010355914909
0.484293234688,0.206594710639,0.0321027156057,0.277009339068
0.36525538081,0.091696641502,0.167623674594,0.375424303094
0.0341279237377,7.65094239476e-05,0.964810408699,0.000985158139446
0.016347927418,0.982814925685,6.69645561529e-05,0.000770182340605
0.0344847334255,0.652766400873,0.286330280899,0.0264185848025
0.00288250199038,0.925109613767,0.0569255543113,0.0150823299316
0.121135700609,0.105648828103,0.219805285957,0.553410185331
0.00105733380113,0.00433282355163,0.801468034889,0.193141807758
0.86173735045,0.0329954531706,0.0671177577963,0.0381494385828
0.0881613711711,0.00595157049408,0.0364401296288,0.869446928706
0.533060335862,0.254248848061,0.156156897756,0.0565339183206
0.412793338281,0.0277320271239,0.182116553025,0.377358081569
0.471625963198,0.151772176344,0.247471752748,0.12913010771
0.00125019797925,0.382017805707,0.00292912113733,0.613802875176
0.536165988668,0.0152755372148,0.0143570144907,0.434201459627
0.0966983597822,0.209815905717,0.268860035946,0.424625698555
0.000882418179293,0.934701134615,0.0633405519207,0.00107589528475
0.248107246998,0.137969547512,0.528570520792,0.0853526846976
0.0118415613042,0.982120466222,0.000492226753982,0.00554574571976
0.148761855957,0.773007020597,0.0252991112382,0.0529320122081
0.424948374603,0.301749089925,0.120949544784,0.152352990688
0.662086831662,0.0825025321895,0.14907039961,0.106340236539
0.0212189919233,0.974968020528,0.0031173593376,0.000695628211381
0.0483526272161,0.36407187539,0.0987278954188,0.488847601975
0.0878343218666,0.456047955972,0.450172869921,0.0059448522397
0.961309768794,0.0333564433486,0.00486596443505,0.000467823422405
0.243388820985,0.119918587823,0.492403825483,0.14428876571
0.704178311116,0.189819890588,0.0981869580985,0.00781484019799
0.0367434543015,0.700722747242,0.0562307000651,0.206303098391
0.454788719747,0.0098496419863,0.0335255177977,0.501836120469
0.496063460923,0.4760036973,0.0196398831942,0.00829295858251
0.889001137364,0.0364488272593,0.0418771007005,0.0326729346767
0.0631775522892,0.00198308217153,0.0588113949716,0.876027970568
0.0351638996807,0.093361446732,0.811803908743,0.0596707448442
0.108962315644,0.695277797061,0.0737365493795,0.122023337915
0.348719129981,0.16482459043,0.430593357283,0.0558629223067
0.825889467325,0.00294835130178,0.162133275719,0.0090289056547
0.512647093607,0.0861508759297,0.128643898906,0.272558131557
0.474541940813,0.0515839929615,0.0169565716695,0.456917494556
0.302838117393,0.171456995164,0.226957590457,0.298747296986
0.446670548281,0.266916126817,0.258833534361,0.0275797905406
0.338371398932,0.218537236255,0.0790691981763,0.364022166637
0.188934007813,0.175458395432,0.536686671008,0.0989209257474
0.0358331481789,0.246600865522,0.17899548836,0.538570497939