0.0766977197819,0.00202773285325,0.828091954792,0.0931825925726
0.0788038120392,0.0170424624354,0.746165949068,0.157987776457
0.972203034455,3.92278516461e-05,0.0257296542013,0.00202808349205
0.979593644871,0.00189333466911,0.0166997424518,0.00181327800841
0.281690373715,0.05119103427,0.495858226504,0.171260365511
0.123418596281,0.280471810862,0.106986326341,0.489123266516
0.120772297182,0.340642175495,0.375372386426,0.163213140897
0.325635453933,0.15430552227,0.0152501845912,0.504808839206
0.0262783522936,0.00155565538476,0.132387868866,0.839778123455
0.164018078583,0.364421814761,0.217388241636,0.254171865021
0.281431990693,0.228693037066,0.101132684897,0.388742287343
0.312931153435,0.226096095266,0.437973640871,0.0229991104282
0.292474482141,0.187290022097,0.315678000519,0.204557495243
0.135229229386,0.816604547482,0.0149874058481,0.0331788172847
0.0168948978039,0.0678655625643,0.910464768963,0.00477477066847
0.0274468054096,0.698697889835,0.195236128579,0.0786191761758
0.125165985741,0.610835649709,0.0977250979882,0.166273266562
0.13570303945,0.221271548018,0.440966207938,0.202059204593
0.0501736108666,0.285830725868,0.650950636156,0.0130450271093
0.570468645257,0.00219732508958,0.00593850227227,0.421395527381
0.345373168249,0.0368231689176,0.0433777147128,0.57442594812
0.0923236406794,0.0905131365031,0.716666883248,0.100496339569
0.169918886277,0.00509080596138,0.584187835185,0.240802472576
0.00490374724099,0.164358868472,0.012410926112,0.818326458175
0.049358643284,0.225180848179,0.160363253567,0.56509725497
0.03236116642,0.00411076866267,0.931970413354,0.0315576515632
0.514053519748,0.0869361024882,0.393780987462,0.00522939030238
0.202744705531,0.235131206924,0.201749057552,0.360375029993
0.0766895715525,0.432820585628,0.459003850883,0.0314859919365
0.0329595489254,0.707733241785,0.143751216244,0.115555993045
0.431159235164,0.0322810126944,0.0370578092506,0.499501942891
0.0493534346326,0.885331546419,0.062445798726,0.00286922022231
0.234222503073,0.656603974508,0.0401210492975,0.069052473122
0.00398751625348,0.317726002085,0.0526962591234,0.625590222538
0.0746042108219,0.307295282758,0.00172836336539,0.616372143055
0.176918846094,0.0416063865903,0.142234742651,0.639240024665
0.0952746751295,0.142563533565,0.751935861255,0.0102259300511
0.229233947709,0.198246784988,0.410003981559,0.162515285744
0.258679962292,0.154439543709,0.168359639314,0.418520854685
0.500818536982,0.472236488764,0.00456924668576,0.0223757275685
0.0280765991316,0.00687759811365,0.0528565290059,0.912189273749
0.764125222805,0.00176132670113,0.102440641983,0.131672808511
0.122929859508,0.528965902126,0.208928493828,0.139175744538
0.391818827464,0.0809799216481,0.0151257663799,0.512075484508
0.623113828742,0.241963621342,0.104068831672,0.0308537182443
0.0141195945013,0.0401157216493,0.0543310556349,0.891433628215
0.194081947988,0.0942154970562,0.120713438492,0.590989116464
0.108584060858,0.825759065286,0.0106578135825,0.0549990602735
0.444355676255,0.0308160367652,0.155495697064,0.369332589915
0.47629380109,0.243869755769,0.0817494707835,0.198086972358
0.978016601418,0.0129692725156,0.00696154691463,0.002052579152
0.763388748604,0.000744993177919,0.0052417725009,0.230624485717
0.245607378387,0.0712085739507,0.610739593263,0.0724444543989
0.140457840314,0.615004871065,0.0637110138178,0.180826274802
0.0143124109888,0.959388597948,0.00219047092473,0.0241085201381
0.227841198655,0.0439131455779,0.67571333286,0.0525323229073
0.000487117467393,0.00689099450412,0.000674332414453,0.991947555614
0.289310334774,0.0295737644028,0.464860376916,0.216255523908
0.778680507668,0.024064215549,0.0865870482486,0.110668228535
0.132033933432,0.0352268214431,0.711445394928,0.121293850197
0.196332391414,0.146902550455,0.553303239157,0.103461818974
0.0400754094236,0.105440547369,0.00607069155699,0.84841335165
0.0203484162608,0.293561589868,0.0229739747912,0.66311601908
0.0009988891584,0.00481960857036,0.00232397046718,0.991857531804
0.817212045985,0.0630464064928,0.0966655103089,0.0230760372133
0.432983794394,0.145958354727,0.368894379479,0.0521634714
0.294102199055,0.187449007089,0.387628706513,0.130820087343
0.392416126278,0.206122455741,0.393595275127,0.00786614285446
0.0484844890747,0.590367026013,0.237478250267,0.123670234645
0.0738551413222,0.563837943301,0.303368443186,0.0589384721912
0.00991242761051,0.206786579633,0.690866308981,0.0924346837751
0.363330756901,0.0421598747114,0.294093610514,0.300415757873
0.351642490911,0.101968178415,0.497827923373,0.048561407301
0.19230169882,0.378670231338,0.275941429074,0.153086640768
0.179251668136,0.79331798558,0.0157863004424,0.0116440458425
0.397343601586,0.180957347771,0.262961808605,0.158737242038
0.0704108997781,0.757746852187,0.020182855481,0.151659392554
0.0997587756142,0.608301970485,0.0358639513459,0.256075302555
0.0509394302065,0.675698300006,0.260945639116,0.012416630671
0.000519364207067,0.00107997110038,0.019887458216,0.978513206477
0.021271362501,0.029258387116,0.504499027354,0.444971223029
0.193822958554,0.00775108794509,0.749984269836,0.0484416836658
0.0401885222615,0.00938475955711,0.935700575865,0.0147261423165
0.2308061118,0.180667074902,0.00652855123145,0.581998262067
0.451638839058,0.307819098427,0.0941977737279,0.146344288787
0.294015485119,0.04549179457,0.0557860777759,0.604706642535
0.239722406397,0.00414537033165,0.678007756238,0.0781244670328
0.0214666009601,0.647948344012,0.319751925811,0.0108331292165
0.163479116054,0.0658336552682,0.202728551425,0.567958677253
0.176196964249,0.617255024555,0.177751248497,0.0287967626993
0.375387765736,0.53949488995,0.00680893288926,0.0783084114251
0.0139061276785,0.895282773496,0.0756602133423,0.0151508854834
0.712992547436,0.026742751895,0.0541108352414,0.206153865427
0.0991781150127,0.096313298596,0.531561971793,0.272946614599
0.682977676603,0.162984907897,0.018680631064,0.135356784437
0.817931518232,0.0626573982182,0.0333394727278,0.0860716108216
0.0163587278489,0.902119940423,0.0189730708885,0.0625482608396
0.139040169861,0.328410632206,0.0268786098889,0.505670588044
0.332426609974,0.522493935524,0.127712326259,0.0173671282428
0.0255088271131,0.0752388678447,0.00816969140485,0.891082613637
0.788021510469,0.0306032984997,0.105564714956,0.0758104760751
8.66175787595e-05,0.781343081447,0.218269664017,0.000300636957513
0.0167437104084,0.958102847552,0.017787712583,0.00736572945687
0.170426596804,0.109929853745,0.584307393584,0.135336155867
0.215563565786,0.553019511208,0.168241763469,0.0631751595359
0.0531881219208,0.75466770319,0.0952652583234,0.0968789165657
0.00804494652504,0.308113982293,0.654732712077,0.0291083591056
0.060929853715,0.636109108527,0.151547819062,0.151413218696
0.0044660688793,0.802193487965,0.0304637185717,0.162876724584
0.100635664252,0.257057543338,0.626373453171,0.0159333392386
0.170571471287,0.197468451485,0.565102281926,0.0668577953017
0.82871264805,0.152787586931,0.00305086587561,0.0154488991427
0.0105430569077,0.870906757695,0.00146311900233,0.117087066395
0.391572048142,0.317847472477,0.0197885380669,0.270791941314
0.00268214895496,0.804543377095,0.173741950349,0.0190325236011
0.0542474945191,0.668391068342,0.265639401713,0.0117220354256
0.0599595329598,0.402011191604,0.0698551917752,0.468174083661
0.566225288468,0.0569365148651,0.322121968745,0.0547162279219
0.000815539056041,0.0141251780371,0.0132954043515,0.971763878555
0.00845782722593,0.988865485927,0.00205620998071,0.000620476866715
0.350748502678,0.367280115803,0.154062485887,0.127908895632
0.0619641500617,0.345038732258,0.404831294364,0.188165823317
0.290706668224,0.706922412638,0.000537771285449,0.00183314785208
0.192898584525,0.624305066485,0.161899826029,0.0208965229607
0.0452203657627,0.150167060016,0.726414657636,0.0781979165848
0.0168612158012,0.18529420857,0.0125613412198,0.785283234409
0.0856258959373,0.0854650236976,0.702697660811,0.126211419554
0.504498414878,0.185313167072,0.2225118686,0.0876765494506
0.725978450631,0.0653588406904,0.108831505773,0.0998312029064
0.164049106279,0.687895446603,0.020473736275,0.127581710842
0.432457909398,0.170374042493,0.105922261583,0.291245786526
0.17374225926,0.11110489298,0.0612422635765,0.653910584183
0.224896961683,0.492379741111,0.187728276849,0.0949950203568
0.199047977301,0.449531672866,0.0386216658504,0.312798683983
0.102559642839,0.160586361545,0.657452455931,0.0794015396854
0.0905273852492,0.236877798009,0.325052911655,0.347541905087
0.1595048356,0.0274775731684,0.0664299967137,0.746587594518
0.155260654107,0.348405827056,0.0252717186148,0.471061800222
0.0245899112808,0.063658651298,0.834709608286,0.0770418291354
0.024608887033,0.00480050994038,0.00121684549865,0.969373757528
0.80069752413,0.108648436434,0.0168612713088,0.0737927681269
0.562792590384,0.119327118473,0.0690891324373,0.248791158706
0.550366251908,0.00984095499017,0.375578651458,0.0642141416441
0.487494073449,0.0357607416116,0.462251037183,0.0144941477567
0.505794477828,0.0187886141425,0.226104217613,0.249312690417
0.292289069576,0.330678662686,0.264464641531,0.112567626207
0.0667588361457,0.262627858749,0.0104486680488,0.660164637057
0.524518048732,0.377549111459,0.0542826548203,0.043650184989
0.50432151163,0.0621597338195,0.40633183088,0.0271869236699
0.0150246349836,0.979866864899,0.00102650489317,0.00408199522428
0.0704372998999,0.845441676178,0.0361158171993,0.048005206723
0.00310510530705,0.442780828529,0.511724663011,0.0423894031527
0.025818770849,0.010263795696,0.12064596309,0.843271470365
0.303010246932,0.0306149674785,0.138464285152,0.527910500437
0.317998123327,0.305019967773,0.373878907487,0.00310300141375
0.0363107083393,0.948676623538,6.21153267342e-05,0.0149505527956
0.119151850324,0.144472997369,0.0792225627484,0.657152589559
0.130434528376,0.565591788886,0.0662792742681,0.23769440847
0.0104972242876,0.438373573596,0.000344285106163,0.55078491701
0.314453019804,0.474645363685,0.124484971515,0.0864166449947
0.608053120741,0.156325906934,0.122887677684,0.112733294641
0.171738912238,0.632201178191,0.179157142997,0.0169027665742
0.0721857925229,0.335401335375,0.141359377907,0.451053494196
0.58717270523,0.0283992860249,0.207184153839,0.177243854905
0.183031259938,0.0400530368838,0.276111383116,0.500804320062
0.734690084908,0.147530364628,0.0673449447423,0.0504346057224
0.0898629720068,0.369561390383,0.180868200288,0.359707437322
0.166351399521,0.152413810124,0.0985714244408,0.582663365915
0.799358961249,0.0902697122579,0.00757730702674,0.102794019467
0.486630230578,0.348221962821,0.0407893051058,0.124358501495
0.984456523564,0.00250009058157,0.00169674955884,0.0113466362959
0.118453287056,0.718313892736,0.0647366896711,0.0984961305372
0.0556270808968,0.465766410754,0.44990566041,0.0287008479391
0.0261433506105,0.298796573164,0.671158965451,0.00390111077455
0.222338920432,0.354481515998,0.247819722452,0.175359841117
0.382233699419,0.0403994627948,0.142435842908,0.434930994878
0.000502279133837,0.964354925958,0.0342189578341,0.00092383707439
0.0895978889494,0.242594899142,0.579426819792,0.0883803921166
0.0556400931064,0.0234735683045,0.0143465241388,0.90653981445
0.476596184753,0.324128662787,0.107299026755,0.091976125705
0.833074510801,0.00322765052616,0.0259630880538,0.137734750619
0.0815092578835,0.483942404301,0.116948359679,0.317599978137
0.994153763086,0.000755512033523,0.00420368304884,0.000887041831469
0.0376286705582,0.429347663597,0.263183603344,0.2698400625
0.015151962683,0.123033787684,0.614651295962,0.24716295367
0.142177077516,0.0878786334014,0.198272205026,0.571672084056
0.996961552235,0.00269888670185,0.00033242675274,7.134310122e-06
0.212139805581,0.0852927188645,0.267313439931,0.435254035623
0.0177188498118,0.190208894959,0.00621207430318,0.785860180926
0.13284284447,0.0747323055713,0.0120350529956,0.780389796963
0.337512484746,0.173909535577,0.0628115677877,0.425766411889
0.224447662965,0.0909119342248,0.679766331284,0.00487407152613
0.12483739047,0.283876223228,0.221791026429,0.369495359873
0.0453734571812,0.365500472957,0.237058739177,0.352067330685
0.121524032284,0.639664544852,0.142954555122,0.0958568677424
0.33442569364,0.157109901908,0.125294340266,0.383170064186
0.250478982986,0.13845894683,0.425279130572,0.185782939612
0.589372298996,0.00890155532817,0.254199362043,0.147526783632
0.0394633460687,0.133351501662,0.0870585983357,0.740126553934
0.136058290837,0.192997436755,0.65598987175,0.0149544006586