0.0645671168605,0.00501815658299,0.849496293555,0.0809184330012
0.00569026259083,0.00261760703914,0.00357978300134,0.988112347369
0.00242065502407,0.141931525754,0.786130493284,0.0695173259379
0.562788476678,0.0566273314029,0.107831154823,0.272753037095
0.0629848899905,0.228544773088,0.0164265935113,0.69204374341
0.158690679778,0.0765153156131,0.304387885288,0.46040611932
0.241656558076,0.405881303634,0.158727798012,0.193734340277
0.00124791460551,0.998007167821,0.000577006461636,0.000167911111868
0.0513969147145,0.815113993892,0.0448796843728,0.0886094070204
0.131806099111,0.0425490532995,0.154917849882,0.670726997708
0.000468907693626,0.354633697421,0.451722315491,0.193175079394
0.108246037691,0.653242401309,0.223148123913,0.0153634370876
0.0255994319358,0.225339539939,0.037079992153,0.711981035972
0.0201984155316,0.0459962828327,0.926980222994,0.00682507864176
0.744508576227,0.0328856234338,0.0804716641951,0.142134136144
0.0959840076869,0.049299819984,0.733082534689,0.12163363764
0.0302572214201,0.095886312816,0.130748618135,0.743107847629
0.000537189722712,0.0235003619575,0.00143999819687,0.974522450123
0.892835945278,0.0684231889935,0.0241245585341,0.0146163071945
0.0526259703855,0.0242838252847,0.122750176894,0.800340027435
0.470176971194,0.13513218181,0.0533570395895,0.341333807407
0.64072084058,0.0170043452618,0.291747574049,0.0505272401095
0.412678342909,0.0264011472113,0.0107438545745,0.550176655305
0.207292279746,0.0297442325586,0.0661228247722,0.696840662923
0.257495735785,0.3532686949,0.137330596576,0.251904972739
0.289740440863,0.382392139449,0.113367910005,0.214499509684
0.0921832035288,0.44428668421,0.0120252353772,0.451504876884
0.151207069399,0.0432116354067,0.657644852759,0.147936442436
0.122182250126,0.287376485506,0.513221680415,0.077219583954
0.808659674458,0.173324189596,0.0108697009004,0.00714643504544
0.0964854651639,0.0611058102094,0.794431604391,0.0479771202362
0.0553716057303,0.00430422666638,0.92930475264,0.0110194149636
0.517137363832,0.0105135029769,0.191622773094,0.280726360096
0.00305624250699,0.109440499063,0.638808023839,0.248695234591
0.0643510678446,0.204469919734,0.70259663553,0.0285823768915
0.0956888646413,0.304712084627,0.398069777799,0.201529272932
0.304192994825,0.171244860432,0.285121991357,0.239440153386
0.581510211371,0.0484186417671,0.342657914645,0.027413232217
0.363749147038,0.163445466862,0.306110710893,0.166694675208
0.120601412452,0.581735457857,0.228267155928,0.0693959737638
0.145805691402,0.605816046115,0.128753632808,0.119624629675
0.0844823330415,0.770267191264,0.0516207589951,0.0936297166996
0.000374232314133,0.105216559835,0.88290904759,0.0115001602605
0.144493835778,0.045155041092,0.673641671713,0.136709451417
0.00617002698633,0.00772017343906,0.981850629557,0.00425917001787
0.0828680503398,0.311136621347,0.501309499522,0.104685828791
0.0166765331007,0.265612429223,0.717429966996,0.000281070680299
0.117403836592,0.524841536913,0.057627746343,0.300126880152
0.765301087511,0.0655681582261,0.0247543193902,0.144376434873
0.0119878837786,0.516052532336,0.000682881596095,0.471276702289
0.138303195558,0.312426568462,0.243653547161,0.305616688819
0.0784861297676,0.110019487662,0.0216351498939,0.789859232676
0.0136084448242,0.420735034114,0.0509325752256,0.514723945837
0.00266389980652,0.123613720757,0.000733946430283,0.872988433006
0.0672434499934,0.0491460824041,0.43247360666,0.451136860942
0.204329575024,0.371783271575,0.342622752817,0.0812644005837
0.68375515367,0.13237969459,0.165639104944,0.018226046796
0.861491913952,0.018168313304,0.0846861269972,0.035653645747
0.560068914855,0.0338102013122,0.0082095462613,0.397911337571
0.0505764856471,0.765552048789,0.0902509480418,0.0936205175222
0.0565567771305,0.049786926581,0.612592914053,0.281063382236
0.0202773130189,0.958927085922,0.0165918180799,0.00420378297971
0.0663963662251,0.397871514708,0.0506911250894,0.485040993978
0.679373603849,0.101593128858,0.119219959747,0.0998133075457
0.0681952789802,0.0302931175943,0.0180086818188,0.883502921607
0.73347684746,0.0445542844445,0.0727538293771,0.149215038718
0.109988997122,0.0232583649116,0.574423211242,0.292329426724
0.173080266549,0.297106437069,0.042540068342,0.48727322804
0.702107023877,0.173086133877,0.0220956292044,0.102711213042
0.119625476889,0.0262956174202,0.128668780515,0.725410125175
0.159253385564,0.587055243109,0.202116479168,0.0515748921587
0.230779922722,0.0024759759358,0.54751261344,0.219231487903
0.322562133031,0.310146763772,0.328574181882,0.0387169213143
0.0128938913462,0.902836289697,0.0579193022766,0.0263505166803
0.766546858264,0.0819521943792,0.0460375557472,0.105463391609
0.0016163219621,0.090817506334,0.00158416270845,0.905982008995
0.138002314894,0.118868245382,0.138041956378,0.605087483347
0.231182857765,0.0485659301433,0.102874932663,0.617376279429
0.711065265475,0.0915996478004,0.148635726717,0.0486993600069
0.932602674977,0.0439851328215,0.00656599486921,0.0168461973323
0.000851618072897,0.353266036499,0.625654748832,0.020227596596
0.446794088468,0.0834100123426,0.451478358385,0.018317540804
0.16557965225,0.28487335357,0.0858979007258,0.463649093454
0.740753177868,0.191860418769,0.0520873525819,0.0152990507812
0.0973347983957,0.191129672081,0.243409249762,0.468126279762
0.525351017235,0.0661434968977,0.176653478715,0.231852007152
0.365971659847,0.117773736601,0.369731198443,0.146523405109
0.0112180666156,0.163087660557,0.0385100703602,0.787184202468
0.00186375590819,0.00755813489284,0.960868832219,0.0297092769805
0.053165683839,0.273305608467,0.56857464257,0.104954065123
0.0922018385127,0.0022226221093,0.650864345761,0.254711193617
0.759135106258,0.0593385520672,0.0312915773386,0.150234764337
0.169979006548,0.287742718335,0.114499349523,0.427778925594
0.794823539319,0.0639842277047,0.0144812354541,0.126710997522
0.505985752452,0.345833458349,0.0841836105966,0.0639971786027
0.452522523378,0.0488493579106,0.348340992385,0.150287126327
0.114990909069,0.0669833432161,0.75015327034,0.0678724773742
0.114164231797,0.271223485441,0.219043076688,0.395569206074
0.126785563095,0.752980202787,0.00141059512238,0.118823638995
0.217480574906,0.0945884105482,0.457606578507,0.230324436038
0.229728462896,0.0339325626623,0.608705396955,0.127633577487
0.0916540362839,0.0436389242501,0.262315558309,0.602391481157
0.576762180171,0.00162509390139,0.420150509275,0.00146221665255
0.0994801791926,0.472948400504,0.178063250686,0.249508169617
0.30158942133,0.116753050503,0.120134365748,0.461523162419
0.100355089936,0.00316344071608,2.8384915974e-06,0.896478630856
0.842223410216,0.153637788357,0.00124247801465,0.0028963234124
0.111280130137,0.0378561331228,0.00690875756518,0.843954979175
0.0344750993247,0.10437276607,0.0587993360869,0.802352798519
0.185720332749,0.0842660559953,0.556378320177,0.173635291079
0.388560852454,0.274104578057,0.265345827558,0.0719887419306
0.291903603091,0.063312730972,0.13547457244,0.509309093497
0.0284536879352,0.0382967460562,0.163977372082,0.769272193927
0.0362669177213,0.818209929309,0.0450939338247,0.100429219145
0.0296302377307,0.282160460767,0.0819171145101,0.606292186992
0.0892946163183,0.00568219436221,0.0543115352128,0.850711654107
0.470159758522,0.0691998400041,0.254757839427,0.205882562047
0.20813596342,0.130468327046,0.520332250611,0.141063458922
0.281314059737,0.0248724700799,0.67801478783,0.0157986823536
0.152954761327,0.234580500383,0.0446007235403,0.567864014749
0.00966523032827,0.231113921115,0.540209366532,0.219011482025
0.114687743221,0.0373346966847,0.757131723733,0.090845836362
0.491750099247,0.0477446064804,0.444576609631,0.0159286846413
0.138915031282,0.30964254035,0.0863425457616,0.465099882606
0.0104101302934,0.0675923478414,0.71697872626,0.205018795606
0.0285571319733,0.198848672704,0.251366839617,0.521227355705
0.383065274022,0.0972608235921,0.436394068463,0.0832798339224
0.0091281093045,0.955672459175,5.41218493025e-06,0.0351940193357
0.0221420874173,0.00316469654632,0.890838265161,0.0838549508755
0.523900665027,0.190698567053,0.205154590464,0.0802461774558
0.047030328542,0.707083757243,0.00856816863816,0.237317745577
0.320681407297,0.21459457138,0.0805932973811,0.384130723941
0.1020796577,0.255979744306,0.612033678759,0.0299069192345
0.967288200491,0.00500694842288,0.00171230643577,0.0259925446504
0.00738953995611,0.0048046442048,0.964301336611,0.0235044792278
0.0539311422963,0.0751724227116,0.0114236796325,0.85947275536
0.175569314242,0.148470250548,0.648906066644,0.0270543685655
0.170958732285,0.0882452103196,0.628532532383,0.112263525012
0.0452735006123,0.313185307261,0.639490784668,0.00205040745845
0.874756311199,0.0180100907038,0.0382147277886,0.0690188703085
0.535836933529,0.370948457859,0.0493741151819,0.0438404934306
0.264469878045,0.176734947405,0.0255206397872,0.533274534763
0.00531594265914,0.0798832076909,0.7445409848,0.17025986485
0.100369420973,0.345531025202,0.308471478576,0.245628075249
0.265787359635,0.500717401203,0.174895408018,0.0585998311437
0.134843266985,0.841108965559,0.00259914299642,0.0214486244601
0.225557972076,0.58429502368,0.111825385333,0.0783216189112
0.00281617492008,0.260583052601,0.735898835554,0.000701936924892
0.0931596464013,0.568141860971,0.220284521617,0.118413971011
0.288533439645,0.617421928997,0.0066619578682,0.0873826734899
0.503918151519,0.0432640789357,0.450062766344,0.0027550032013
0.32732616282,0.220218244116,0.434068679718,0.0183869133454
0.0986062670517,0.116226160376,0.287665369247,0.497502203324
0.11575476382,0.05904577544,0.206665071339,0.618534389401
0.0346819250076,0.080905699521,0.628618506016,0.255793869455
0.0564105447006,0.56694504467,0.0062016102765,0.370442800353
0.227058631045,0.554639981031,0.0196184677792,0.198682920145
0.72479212209,0.0664888099572,0.0303859574493,0.178333110504
0.969221843559,0.027140695735,0.0023666442448,0.0012708164615
0.0207088741702,0.854988282511,0.0270284788676,0.0972743644512
0.166023987694,0.161446486522,0.071889475608,0.600640050176
0.0025951886645,0.174297142426,0.0272027119558,0.795904956954
0.156054359696,0.00437397092689,0.817730628188,0.0218410411885
0.161097686758,0.219786705258,0.307828870104,0.311286737881
0.807778654709,0.0644198572722,0.00538128122853,0.12242020679
0.610003790068,0.0878667951953,0.110551296278,0.191578118459
0.0271652414867,0.305023931522,0.561877101245,0.105933725746
0.0735721423883,0.737677241058,0.0367056884223,0.152044928132
0.539339909604,0.0265952144145,0.306812064586,0.127252811396
0.12888929953,0.0207754278189,0.762144566585,0.088190706066
0.135836825436,0.370013540199,0.360200236543,0.133949397822
0.146502615666,0.0864087762724,0.39049733611,0.376591271951
0.443914531131,0.259757325007,0.284760161001,0.011567982861
0.0066254899478,0.00539610482857,0.503959343391,0.484019061833
0.159356964089,0.517683905465,0.10420479161,0.218754338836
0.288850827608,0.0779970763544,0.58970279267,0.0434493033674
0.497476175546,0.0080224585669,0.26908103498,0.225420330907
0.105060332329,0.047626736863,0.364983569302,0.482329361506
0.0989959368014,0.886799914442,0.00632903490209,0.00787511385442
0.0530081718714,0.116834300655,0.744855978431,0.0853015490426
0.0806256490784,0.180080747342,0.177641085422,0.561652518157
0.169351692757,0.0179225815408,0.167698544405,0.645027181298
0.0115192666583,0.0773539626324,0.0256769568097,0.8854498139
0.484726621786,0.133966372263,0.030204487348,0.351102518602
0.177280780882,0.157588909853,0.305951223919,0.359179085346
0.500489690184,0.067668100248,0.39110672037,0.0407354891977
0.232663919652,0.0452988285137,0.642027211585,0.0800100402496
0.0423242869317,0.847814160268,0.0853043361527,0.0245572166475
0.0261348191239,0.725355570415,0.0246133443463,0.223896266115
0.0836335490292,0.198674995005,0.668728723351,0.0489627326156
0.222024671091,0.0246737939093,0.536136342891,0.217165192109
0.814706738309,0.00870401067709,0.173858339651,0.00273091136295
0.259487842466,0.113211039552,0.122919330431,0.50438178755
0.00302786334905,0.891030814947,0.0526626483555,0.0532786733487
0.458942561985,0.170345276334,0.192435871851,0.17827628983
0.486278893535,0.083583641023,0.212059019905,0.218078445536
0.62124249004,0.0490010047021,0.0138238927366,0.315932612522
0.481211058006,0.057230667968,0.00864903980443,0.452909234222
0.5255845857,0.121550436907,0.100754482,0.252110495393
0.259388840928,0.0998729790591,0.384440572784,0.256297607229