0.257478010479,0.0531213723407,0.484218531119,0.20518208606
0.511963695154,0.0300329477259,0.450631344674,0.00737201244646
0.850274848517,0.0207137157684,0.00987168548595,0.119139750229
0.208937345971,0.110486928187,0.640398600022,0.0401771258196
0.7010851496,0.188079460332,0.0759876249218,0.0348477651465
0.246760695338,0.189933684506,0.493005487262,0.0703001328946
0.137341276628,0.186553657725,0.18863921207,0.487465853577
0.0746945430091,0.247408847691,0.661752036713,0.0161445725867
0.356532293929,0.160576151667,0.00936324453216,0.473528309872
0.089833783863,0.618335198806,0.185687949165,0.106143068165
0.913574311727,0.00126192823047,0.0829716793894,0.00219208065349
0.535492212392,0.0933511204885,0.164964156169,0.206192510951
0.67077015254,0.0305304371414,0.211435726541,0.0872636837781
0.253481928421,0.0265491499766,0.713118141526,0.00685078007579
0.353600663183,0.0768593212973,0.547839030133,0.0217009853869
0.354199533385,0.274110028778,0.262479552696,0.109210885141
0.000861698692144,0.000129856922214,0.733128333048,0.265880111338
0.000105589448667,0.894138205799,0.105521293763,0.000234910988967
0.145816543957,0.12188125688,0.127752928043,0.60454927112
0.0167427287923,0.401692061419,0.109749536161,0.471815673628
0.140641414478,0.604711031686,0.118744417124,0.135903136712
0.0269867834607,0.925930428456,0.0057262581926,0.0413565298906
0.311962804357,0.0253325972303,0.00228673569535,0.660417862717
0.24512076104,0.274095340956,0.0706734788992,0.410110419105
0.956669872142,0.0080163123185,0.0348368121529,0.000477003386757
0.0234165930609,0.0146302403401,0.0628915334379,0.899061633161
0.00751903395631,0.812342286928,0.175097860938,0.00504081817772
0.103987783429,0.110200317885,0.585082049175,0.200729849512
0.0254150972852,0.0553510691422,0.774362972041,0.144870861532
0.504521572712,0.0026183739826,0.276859018052,0.216001035253
0.0697633301521,0.900494824488,0.0128753248302,0.0168665205293
0.829925325686,0.0211853858714,0.00428536106726,0.144603927376
0.197313441874,0.0320568904342,0.758367394024,0.0122622736683
0.315883514185,0.127930667806,0.284816173866,0.271369644143
0.596730309249,0.189663070165,0.150619713556,0.0629869070301
0.409821789692,0.0613163647803,0.261902262879,0.266959582648
0.0809274464924,0.065077921591,0.275060097489,0.578934534427
0.0251075647291,0.0161922783241,0.0169351217504,0.941765035196
0.0309000833754,0.726372392379,0.194812306639,0.0479152176065
0.915761374976,0.00595970094597,0.00213081347783,0.0761481106007
0.00670250753496,0.310449191817,0.558676015156,0.124172285492
0.41190155952,0.14118471834,0.345653120012,0.101260602127
0.74947699152,0.111618876402,0.106250142402,0.0326539896757
0.823990740211,0.0155504367384,0.0752509212033,0.0852079018469
0.0389101628832,0.18635347298,0.394138448355,0.380597915782
0.211136979111,0.00673386810072,0.313763611928,0.468365540861
0.141582464729,0.0133406866956,0.60950977614,0.235567072436
0.206388732715,0.424581311515,0.246702845307,0.122327110463
0.313823761236,0.296984430326,0.156680932669,0.232510875769
0.696035360847,0.0931878856147,0.143358512716,0.0674182408224
0.767762797412,0.022397384909,0.191410463679,0.0184293539992
0.305603077122,0.556687197188,0.0786448615327,0.0590648641565
0.245961114148,0.527720227954,0.0388610781574,0.18745757974
0.0826457103633,0.127168397423,0.355229935125,0.434955957088
0.0104965379669,0.457794325561,0.488382695581,0.0433264408919
0.000639609503135,0.525962590476,0.000337172384784,0.473060627636
0.0165531842314,0.083908889202,0.897182433782,0.00235549278449
7.83347217469e-05,0.00119928395412,0.941359936878,0.0573624444465
0.0252588189945,0.00523722360247,0.531769842628,0.437734114775
0.0362808535314,0.691552810279,0.0144424853702,0.25772385082
0.00568194846602,0.00423008966981,0.967795567544,0.0222923943197
0.0221752307506,0.94534303754,0.0258227400109,0.00665899169847
0.489297597319,0.138698550874,0.102133284133,0.269870567674
0.218307992646,0.373139840047,0.403744847434,0.00480731987278
0.000484454725398,0.00059046238253,0.00388594292729,0.995039139965
0.0358282461189,0.451332952812,0.400053662276,0.112785138793
0.0115560217275,0.619525227787,0.294613233695,0.0743055167906
0.0692656514825,0.677088480642,0.114275231964,0.139370635911
0.466613479883,0.140669342311,0.140417153054,0.252300024751
0.0581947681484,0.160150794195,0.276707478641,0.504946959015
0.0178841560102,0.0600498925114,0.661761845637,0.260304105841
0.107783851879,0.342340779704,0.496437621243,0.053437747174
0.018288576995,0.542708696127,0.266341784824,0.172660942054
0.187963167624,0.068489434662,0.476956066262,0.266591331452
0.24489433616,0.130358121373,0.530769873328,0.0939776691385
0.34116994964,0.188047903817,0.0191404654922,0.451641681051
0.100561330553,0.388358258618,0.226632012193,0.284448398637
0.0356952476593,0.523752481781,0.399214879249,0.0413373913111
0.0178654631907,0.268070640483,0.136872489584,0.577191406743
0.105854053725,0.212253978625,0.6316129475,0.0502790201498
0.256560339533,0.156180128599,0.280652023106,0.306607508762
0.913102339309,0.0204812043962,0.0469621290633,0.0194543272318
0.200556220381,0.654724450797,0.0560910464336,0.0886282823883
0.0145952176845,0.257862454823,0.00288723348543,0.724655094008
0.824500891154,0.000928151498998,0.172987636013,0.00158332133396
0.127311009924,0.490863598816,0.339095489659,0.0427299016009
0.89903980196,0.000986683187745,0.00546512932762,0.094508385525
0.133797264289,0.067251696807,0.0864843104007,0.712466728503
0.150701677794,0.41118380588,0.36122420651,0.0768903098159
0.31510471526,0.0947837114891,0.25568566725,0.334425906001
0.125532897021,0.74796569064,0.0439630924701,0.0825383198694
0.00264533696858,0.0317502508171,0.0595892975163,0.906015114698
0.0929419221366,0.113628310016,0.78421349212,0.00921627572792
0.0196732423653,0.236708558298,0.521088762872,0.222529436464
0.184225461941,0.0292850707699,0.416577409812,0.369912057477
0.0722854104826,0.910801418123,0.010135233798,0.006777937596
0.0725486381319,0.22079388484,0.0526784392669,0.653979037761
0.0135778725348,0.943237968937,0.00152380461644,0.041660353912
0.0197518390229,0.827811379595,0.0253985127463,0.127038268635
0.33283566048,0.148290463755,0.11164729478,0.407226580985
0.662268853283,0.299574445713,0.0244938988001,0.0136628022039
0.0607952050894,0.0519072587104,0.0487909513855,0.838506584815
0.156209315545,0.571972288061,0.264231417628,0.00758697876519
0.0563847065235,0.031400019343,0.585229167271,0.326986106863
0.149185521145,0.000387956624576,0.0101870696129,0.840239452617
0.148170329931,0.612845231477,0.000377426625519,0.238607011966
0.907433078119,0.0556214890895,0.0358001267739,0.00114530601785
0.183823317785,0.0630316836197,0.411122093976,0.34202290462
0.100521776248,0.199600036607,0.54302714157,0.156851045575
0.656988352459,0.0826599150736,0.0701659822155,0.190185750252
0.205831472269,0.0226344608554,0.691087486078,0.0804465807977
0.0640951994496,0.12687433576,0.365915795755,0.443114669036
0.477252596761,0.096325450684,0.37457091144,0.051851041115
0.0487542230903,0.834551470855,0.0955927914034,0.0211015146512
0.554157064485,0.272846271,0.0548027879262,0.118193876589
0.0299934473436,0.291827136131,0.282771003969,0.395408412556
0.486817077998,0.209231262289,0.216117125638,0.0878345340753
0.237737809406,0.709380691885,0.0245183217928,0.0283631769156
0.0398889536176,0.69483033318,0.0289273456606,0.236353367542
0.060499237087,0.0426564582439,0.802904708316,0.0939395963531
0.0684058306482,0.604642920432,0.325171313051,0.00177993586878
0.372938749162,0.348228857727,0.19269615636,0.0861362367509
0.0663316326358,0.664568899309,0.231720701626,0.0373787664298
0.1202940874,0.0243391464097,0.775735007898,0.0796317582928
0.409462889378,0.0816982218507,0.121358575678,0.387480313093
0.020806997823,0.607042545227,0.346212153771,0.0259383031786
0.0517518440462,0.451741781958,0.0758464707507,0.420659903245
0.0236127590826,0.184254867722,0.0809371545906,0.711195218604
0.0921404101315,0.00927850487785,0.806740858468,0.0918402265231
0.494643928542,0.41493959556,0.0577928590949,0.0326236168035
0.227759327078,0.099511901514,0.250383640038,0.42234513137
0.452954203197,0.489827523982,0.00973859499142,0.0474796778296
0.0580395822777,0.277986487578,0.634936850824,0.0290370793208
0.0334449766403,0.184433816223,0.533993136878,0.248128070258
0.459555240672,0.0587569995095,0.259825013247,0.221862746571
0.486776587773,0.298615088309,0.0803525648714,0.134255759046
0.434011342851,0.070307937374,0.402699207795,0.0929815119801
0.142417916809,0.140179716545,0.698223427244,0.0191789394021
0.197802458,0.0461955118608,0.167069146639,0.588932883501
0.0349995122427,0.479434471642,0.0344766814387,0.451089334676
0.115185301138,0.291733394658,0.586203986358,0.00687731784609
0.208357577942,0.0277686247028,0.570573238258,0.193300559098
0.928713223557,0.0296898323,0.00758950023002,0.0340074439127
0.686296267085,0.141577567167,0.0856907826144,0.0864353831337
0.601314196519,0.227214291187,0.132192493228,0.0392790190661
0.0635000208109,0.534250189869,0.139365358195,0.262884431126
0.0422548630503,0.096404559383,0.712414603525,0.148925974042
0.203126555813,0.0316207247953,0.459118490806,0.306134228586
0.154640765667,0.776370229168,0.0351902134182,0.0337987917472
0.00845669955989,0.0753391254917,0.898052776389,0.018151398559
0.354578598589,0.579535627662,0.0268232901962,0.0390624835523
0.459420846111,0.207069282317,0.101394466343,0.232115405229
0.0153588696141,0.57085464849,0.331962463187,0.0818240187083
0.0966793327971,0.533803921494,0.32971801085,0.0397987348588
0.055997985697,0.812282015052,0.0509806628972,0.0807393363541
0.121045250892,0.763865061527,0.112719466144,0.00237022143718
0.99025511357,6.34982973032e-06,0.00947639307149,0.000262143529061
0.266626857983,0.230485369182,0.352537169315,0.15035060352
0.00164262512736,0.951544611948,0.0226290456926,0.0241837172325
0.0141255890747,0.553203757257,0.0112303099317,0.421440343736
0.11247728019,0.370673608198,0.152875705345,0.363973406267
0.623276983905,0.217899613276,0.033362005137,0.125461397682
0.0159940308507,0.140014831535,0.184251092841,0.659740044773
0.20535466835,0.277423983277,0.384848054544,0.13237329383
0.10422789677,0.19704658293,0.0426666376519,0.656058882648
0.208323439093,0.404491839066,0.126295617399,0.260889104443
0.131307907482,0.425782442374,0.0389802153053,0.403929434839
0.198938466203,0.284054497841,0.214543326005,0.302463709951
0.6585128109,0.284283528283,0.0014478633876,0.0557557974289
0.0366434790564,0.821585057513,0.00514428594777,0.136627177483
0.042926642932,0.297559624366,0.031398619991,0.628115112711
0.0947372004656,0.020046099112,0.860072422544,0.0251442778786
0.397453868971,0.209467047799,0.211567444083,0.181511639148
0.0969400853441,0.788908966182,0.0570319953693,0.0571189531046
0.108922235021,0.58078689644,0.0776287847788,0.232662083761
0.195161933483,0.0169757569488,0.374881611259,0.412980698309
0.00344203539781,0.0603638728147,0.916316791935,0.0198772998523
0.0909695417083,0.600976513504,0.139439496168,0.168614448619
0.0120367694394,0.176327959952,0.588574581165,0.223060689443
0.134769159439,0.00759050002544,0.00255416106517,0.85508617947
0.00911722794746,0.479933856433,0.00595222299946,0.50499669262
0.0411472585002,0.0120074867998,0.847370014109,0.099475240591
0.0633222638872,0.0456756227258,0.656530550575,0.234471562812
0.0546585851721,0.13548148603,0.662016568586,0.147843360211
0.000704766336024,0.190721116744,0.516588565981,0.291985550939
0.000156426612481,0.0211370649816,0.0290190391643,0.949687469242
0.134276925887,0.628027429099,0.0426797561437,0.19501588887
0.129161714065,0.378484875715,0.336881418543,0.155471991676
0.0526382543365,0.134029065646,0.00493148579439,0.808401194223
0.432886423067,0.274145558166,0.178243350195,0.114724668572
0.0796916683936,0.0667968421344,0.782262856438,0.071248633034
0.342220246493,0.104096947555,0.389895286455,0.163787519497
0.100851723979,0.244278913144,0.0827537504186,0.572115612459
0.109014036985,0.0819602575948,0.70282730263,0.10619840279
0.0303805904766,0.145228858646,0.238034275014,0.586356275863
0.748613779546,0.0282847182742,0.156357096446,0.066744405734
0.0101934247204,0.432213993061,0.481189920117,0.0764026621025
0.962693683755,0.00458445426072,0.00234991793326,0.0303719440507
0.549491736257,0.0585957150101,0.026306435168,0.365606113564
0.143317377577,0.328823185997,0.356965916183,0.170893520243