0.92909745279,0.0106017577405,0.0344654700189,0.025835319451
0.0921013414312,0.648379792022,0.113537053598,0.145981812949
0.0401470914834,0.0528750880245,0.324054810578,0.582923009914
0.102222326366,0.062283067324,0.211069969813,0.624424636496
0.51981252097,0.031511631606,0.40415575583,0.0445200915939
0.0175493211208,0.203081710268,0.741987783629,0.0373811849819
0.000409038854117,0.00503444610471,0.953782892928,0.0407736221131
0.1006243076,0.780001398016,0.0945483320699,0.0248259623146
0.0266414469506,0.0708903053137,0.897483121795,0.00498512594061
0.2165594461,0.0744063434688,0.609493278017,0.099540932414
0.189460051154,0.785169696591,0.0156524337198,0.00971781853548
0.0268093286435,0.00337601594409,0.964929864309,0.00488479110323
0.0346648033619,0.915472467764,0.0212612923874,0.0286014364865
0.202251975398,0.63027007862,0.161239970992,0.0062379749891
0.0752225533239,0.469686405369,0.000446214454107,0.454644826853
0.481120701386,0.00126776387802,0.0045690856925,0.513042449043
0.159751104127,0.0931962046022,0.0437932830893,0.703259408182
0.22874915606,0.533892569164,0.193005402186,0.0443528725906
0.468781430737,0.116723506451,0.332166634189,0.0823284286219
0.0275666448736,0.740572808118,0.093630785879,0.138229761129
0.975665687377,0.022980455286,0.00110804064442,0.000245816693038
0.346956442819,0.184484483834,0.402437847845,0.0661212255022
0.565352915602,0.168851098286,0.122770978766,0.143025007346
0.0521264090819,0.00266662177045,0.647757936236,0.297449032912
0.0467731967043,0.00751536807041,0.0480924027911,0.897619032434
0.274862062343,0.284102733025,0.24542158288,0.195613621752
0.157594728476,0.0131580972532,0.585061443497,0.244185730774
0.0360284374905,0.714024931489,0.11978674087,0.13015989015
0.195483506832,0.0287188432051,0.368938261957,0.406859388007
0.00361615658825,0.133543537115,0.0226705250586,0.840169781238
0.0583353696657,0.0030789049311,0.912115530372,0.0264701950309
0.205302614628,0.0500296841983,0.364592930667,0.380074770506
0.02847668774,0.0916576178294,0.0339455430942,0.845920151336
0.0450849462025,0.422868975034,0.274276533029,0.257769545735
0.264139137363,0.556609320342,0.00818720013436,0.171064342161
0.133146735839,0.079017457753,0.739664024922,0.0481717814858
0.445038625674,0.0237736794923,0.507489100879,0.0236985939542
0.148288503619,0.0113354211238,0.101440533829,0.738935541429
0.185527294744,0.0485471880792,0.423256283053,0.342669234124
0.241436281165,0.419511852548,0.289749179928,0.0493026863603
0.0101698268659,0.0149245691052,0.942659204852,0.0322463991765
0.524994183868,0.0216363291041,0.208386547882,0.244982939146
0.488989449989,0.0112157902385,0.116029222344,0.383765537429
0.0706203951514,0.198559156088,0.723950696362,0.00686975239905
0.77646799641,0.192136842328,0.031205256601,0.000189904660767
0.0581142893252,0.2825584449,0.038490008251,0.620837257523
0.17078304438,0.509035578089,0.00180778386955,0.318373593661
0.916941794562,0.0352220028995,0.0336306123041,0.0142055902349
0.243792588268,0.0663312444499,0.0417863496135,0.648089817669
0.0300672945514,0.144236744447,0.750906574211,0.0747893867907
0.317206549275,0.389310915061,0.115094425148,0.178388110515
0.967151733736,0.0175704078176,0.00467708925453,0.0106007691919
0.209861417114,0.637383909841,0.0689789826488,0.0837756903954
0.198788565301,0.164598335472,0.614273476555,0.0223396226713
0.00188194924334,0.715627118207,0.281040927842,0.00145000470796
0.387929214665,0.362646120683,0.0604190230191,0.189005641633
0.105043649398,0.439377300855,0.40865983918,0.0469192105664
0.501880252013,0.0588290806158,0.322913628582,0.116377038789
0.149517561143,0.0444295479826,0.481336082392,0.324716808483
0.54887118013,0.0606224600962,0.315031533926,0.0754748258476
0.290775252731,0.079782569162,0.11825660495,0.511185573157
0.404136402174,0.0192757057065,0.149166578241,0.427421313879
0.209208617916,0.283996931509,0.477303854406,0.0294905961695
0.410481082578,0.160498528852,0.236752812413,0.192267576157
0.571917124909,0.127501819092,0.0266887765263,0.273892279473
0.415208239543,0.115712296239,0.315282897917,0.153796566301
0.0153735817351,0.888059695234,0.0879797126946,0.00858701033638
0.43658953793,0.00488992867411,0.144859316282,0.413661217114
0.843648502913,0.0262056260878,0.0255237906662,0.104622080333
0.23671143381,0.202692702671,0.135419860699,0.425176002819
0.350276344386,0.364376988276,0.159819818582,0.125526848756
0.0299088962995,0.060744720653,0.416885870863,0.492460512185
0.00430224694426,0.695069107953,0.022828201282,0.277800443821
0.397618121004,0.505258926783,0.0845535170286,0.0125694351846
0.00924868533068,0.0104097313826,0.36097193752,0.619369645767
0.197972453264,0.664820736666,0.128592818293,0.00861399177633
0.0171872932784,0.576257295995,0.352842875483,0.0537125352444
0.0890963065718,0.0935541217482,0.810471977218,0.00687759446186
0.203978643219,0.0198231006203,0.279018194809,0.497180061351
0.542273512768,0.329457482082,0.0697670469671,0.0585019581833
0.718775722356,0.0584993563474,0.135325795282,0.0873991260147
0.79534229686,0.0551294830513,0.00593456199171,0.143593658097
0.0851087167063,0.348682462033,0.534185314679,0.0320235065822
0.176531178467,0.031853403357,0.0578812842623,0.733734133913
0.161980359183,0.18349263298,0.0167658349371,0.637761172901
0.193039139279,0.138413788127,0.233528760924,0.43501831167
0.0710995441301,0.301008047794,0.026964195423,0.600928212653
0.0994988658498,0.00689757270744,0.292590503707,0.601013057736
0.880935002814,0.0158019546342,0.101532119722,0.00173092282967
0.000370967601168,0.910315111014,0.000239680700398,0.0890742406846
0.518185566671,0.025577619939,0.148909862962,0.307326950428
0.496885087005,0.247431355811,0.0669132390961,0.188770318088
0.0181738538241,0.011045231175,0.0546098828246,0.916171032176
0.877221237753,0.0702351812338,0.0202733478134,0.0322702331993
0.0461696343881,0.447598895896,0.208816067051,0.297415402665
0.038452072357,0.306323694482,0.630914833448,0.0243093997132
0.0685780714847,0.304134091305,0.513979332187,0.113308505023
0.126422233225,0.0421748691332,0.255053009382,0.57634988826
0.0144955550112,0.94225969812,0.0241879138478,0.0190568330209
0.484624728102,0.143467487997,0.11659923008,0.25530855382
0.99307475055,0.00565910265165,0.00049745321075,0.000768693588042
0.417865536574,0.126925077965,0.149697393651,0.30551199181
0.0414186348546,0.686173148453,0.028044270477,0.244363946215
0.0831197740846,0.165869848119,0.694904065283,0.0561063125132
0.0855777789273,0.00777294299979,0.165631946224,0.741017331849
0.00572287944078,0.0391811534143,0.0784053670281,0.876690600117
0.229533885521,0.625252834214,0.0577090689361,0.0875042113296
0.615313061636,0.345231505632,0.00447545965038,0.0349799730819
0.146810117081,0.0951019585472,0.614813139887,0.143274784484
0.0129591400316,0.281656514971,0.0602140407278,0.645170304269
0.0393127217857,0.423607998974,0.374910588322,0.162168690918
0.0104776420022,0.0148007467981,0.0143419358361,0.960379675364
0.0687386706456,0.758153474286,0.0167657673529,0.156342087716
0.0507099554685,0.581370962433,0.283071395028,0.0848476870708
0.03352687276,0.850743622533,0.0960084816518,0.0197210230549
0.0204432026702,0.0780198499619,0.394593258765,0.506943688603
0.0458763409853,0.738434485694,0.179594109043,0.0360950642781
0.586347039735,0.0753392571864,0.287631098847,0.0506826042322
0.460573556689,0.241405052713,0.290225320126,0.0077960704717
0.0420022315481,0.909473752525,0.0185328671686,0.0299911487579
0.0462414087786,0.0543886618268,0.457225914087,0.442144015308
0.125327829188,0.0121798371294,0.309936661713,0.55255567197
0.317290506199,0.0901547616726,0.441719732138,0.15083499999
0.826223906379,0.0723556194161,0.0922678853071,0.00915258889774
0.372177378399,0.573151310296,0.00447998819153,0.0501913231132
0.90102915996,0.0154930805813,0.0479760754248,0.0355016840337
0.194157564589,0.377799454274,0.333395991529,0.0946469896084
0.173227414178,0.176437769859,0.389642279306,0.260692536657
0.0677275569027,0.415659605104,0.411328403953,0.105284434041
0.878170145924,0.0946564958593,0.00557495163559,0.0215984065812
0.0983612108784,0.104744057943,0.438283349372,0.358611381807
0.288892274132,0.0167481273908,0.655576898476,0.0387827000013
0.11965263895,0.180695065798,0.640133657351,0.0595186379012
0.213763565094,0.18139891604,0.261853247628,0.342984271239
0.442465300888,0.143985539586,0.0444044015389,0.369144757987
0.0350554784553,0.167711933945,0.244274895671,0.552957691928
0.0238414299372,0.363331033356,0.252784735725,0.360042800982
6.49636043976e-05,0.983135069283,0.00278714990836,0.0140128172046
0.672471874505,0.114919255797,0.0983591635168,0.114249706181
0.17207289149,0.696737788916,0.0519996363914,0.0791896832024
0.784067792488,0.198101831818,0.0162284458155,0.00160192987843
0.00242319049774,0.87845455511,0.0323269365401,0.086795317852
0.0747244277679,0.418432014927,0.16462805554,0.342215501765
0.000422798514806,0.895086483018,0.0278135272774,0.0766771911902
0.404527467447,0.0534995882234,0.447060348046,0.094912596283
0.117478399809,0.241890140034,0.120468232393,0.520163227764
0.0722750974505,0.272333399375,0.350881957028,0.304509546147
0.577434085196,0.152148597003,0.0361217231052,0.234295594695
0.00715780305196,0.000364796176438,0.988241382344,0.00423601842754
0.210126910896,0.461935137118,0.202759800767,0.125178151218
0.00828426204537,0.575629603317,0.414375394992,0.00171073964587
0.06646075705,0.00226030435654,0.345366316614,0.585912621979
0.872625933863,0.0059308596936,0.00763113234595,0.113812074097
0.289379127191,0.355844130485,0.214440210734,0.140336531589
0.403518131679,0.334375124159,0.204092985997,0.058013758165
0.0387534575153,0.110690853146,0.0365169067591,0.814038782579
0.000222955143166,0.989335036219,0.000102451710141,0.0103395569275
0.427976629148,0.209719665334,0.0922237410092,0.270079964509
0.0183155737806,0.348909697263,0.59707898678,0.0356957421763
0.00636482164207,0.0135703250013,0.92480958682,0.0552552665367
0.153108868021,0.0697385877536,0.584849967012,0.192302577214
0.280685290812,0.180775662206,0.144908808873,0.393630238109
0.0313258656147,0.0593670109579,0.364234530077,0.545072593351
0.22423081235,0.0440478924207,0.311322002752,0.420399292477
0.311197963231,0.464800006074,0.0622766087293,0.161725421966
0.020480153852,0.510516073022,0.467988469462,0.00101530366355
0.456546161825,0.00933355687229,0.531764310199,0.00235597110407
0.034338723048,0.00232771916215,0.929891083552,0.0334424742375
0.35116696286,0.188507676133,0.103358815869,0.356966545137
0.0615245419261,0.0385448061543,0.412739253501,0.487191398418
0.168099015413,0.36525037208,0.153469756552,0.313180855954
0.107255630976,0.479594832491,0.374986727375,0.0381628091577
0.00702085069188,0.121755294408,0.32852325636,0.542700598541
0.429801734126,0.309056340673,0.161734394011,0.0994075311897
0.0438309978052,0.00328401444942,0.149847106388,0.803037881358
0.0720624714752,0.114573365504,0.249559891803,0.563804271218
0.00605850191829,0.0602740481692,0.0164115015069,0.917255948406
0.00194124543827,0.196883301141,0.0774245718398,0.723750881581
0.0792913689374,0.228483514177,0.355541956011,0.336683160875
0.0462526571331,0.0547736935643,0.810217654251,0.0887559950518
0.00165104946008,0.996565554108,0.00136519182316,0.000418204608514
0.0916474358063,0.629465980376,0.236822481483,0.0420641023351
0.065502811758,0.560078573773,0.0758816138829,0.298537000586
0.0308989891596,0.133220058481,0.0491097068373,0.786771245522
0.00249757750817,0.919397930737,0.062675621423,0.0154288703323
0.320150407133,0.263842600131,0.319164817024,0.0968421757129
0.0503017514513,6.97584475597e-05,0.00309845611468,0.946530033986
0.879914194544,0.0812039858833,0.000904388594957,0.0379774309774
0.491301138864,0.0550390437241,0.069756697668,0.383903119744
0.0220312925505,0.529421247083,0.158117119907,0.29043034046
0.157707501598,0.135952290548,0.281904842253,0.424435365601
0.225112885208,0.317759494685,0.152667501198,0.30446011891
0.270950324985,0.0759311091997,0.242916945937,0.410201619879
0.747613905479,0.154041656122,0.0157631234173,0.0825813149822
0.402920026411,0.0416829471347,0.0813738508462,0.474023175608
0.0203325903387,0.164707451089,0.0609413438946,0.754018614677
0.608599758267,0.0021854754661,0.235239265212,0.153975501055
0.265950419717,0.106939055467,0.356914783511,0.270195741305
0.40467759875,0.0871664768585,0.30036412284,0.207791801551
0.162709947903,0.141067803065,0.427080259431,0.2691419896