0.00694694120507,0.924817413956,0.027489380614,0.0407462642249
0.234247854539,0.139050933544,0.19910914991,0.427592062007
0.15739007654,0.302189609108,0.0315959602722,0.50882435408
0.445311964681,0.0178146354671,0.387411360637,0.149462039215
0.124458542937,0.0419037389818,0.00677183180464,0.826865886276
0.0193662496561,0.00449755210044,0.0327937509344,0.943342447309
0.0476457807091,0.662860290161,0.0607204208552,0.228773508275
0.0132363314447,0.401088808384,0.0170111100521,0.568663750119
0.474741390334,0.291936401358,0.109983541879,0.123338666429
0.0491940229523,0.575310322745,0.00521459754096,0.370281056762
0.489690554039,0.000552645825151,0.0817762967555,0.427980503381
0.029373316266,0.0505009284711,0.886408650271,0.0337171049917
0.142488188308,0.0227054649669,0.790640347038,0.0441659996873
0.142504612494,0.119276605319,0.618219231412,0.119999550775
0.499620893177,0.0478042054248,0.447631178062,0.00494372333641
0.0183686602798,0.450769795284,0.518351856087,0.0125096883498
0.185534675103,0.0497123105096,0.336731184519,0.428021829868
0.140015876226,0.139600155671,0.00903851859656,0.711345449507
0.114729112602,0.598315033702,0.0976057705154,0.189350083181
0.00284563793927,0.685403894498,0.305843743382,0.00590672418069
0.235785494476,0.525046366883,0.182169316844,0.0569988217972
0.13073611573,0.0208028216717,0.11989361593,0.728567446669
0.102555014164,0.0334738963532,0.0874419910918,0.776529098392
0.645338769145,0.13795904778,0.162394757671,0.0543074254044
0.0016656320894,6.37859722452e-05,0.0944631990049,0.903807382933
0.796494768007,0.0576636195868,0.00925602432852,0.136585588077
0.33946219756,0.0362827559199,0.50434679104,0.119908255481
0.455329322133,0.343370135887,0.0603610670272,0.140939474953
0.105968232322,0.425016162144,0.456326628812,0.0126889767229
0.821343840425,0.0220404469256,0.0697076188495,0.0869080938001
0.845118951679,0.0516661081053,0.054205680414,0.0490092598015
0.0285276297079,0.00225304207343,0.788071842088,0.181147486131
0.757140974707,0.0413296525792,0.173051470479,0.0284779022351
0.0146486146752,0.256112154687,0.294072426366,0.435166804272
0.272402908169,0.00266148888908,0.667301742834,0.0576338601083
0.574973762831,0.0348204191676,0.0188222871287,0.371383530873
0.487564971115,0.18261430432,0.0438764174401,0.285944307124
0.335600845699,0.114269789942,0.0171272498185,0.533002114541
0.0242242864452,0.0159783418007,0.822085515822,0.137711855932
0.0146052587167,0.910603928986,0.0622225327756,0.012568279522
0.147250798933,0.278906785147,0.189048869587,0.384793546332
0.199028064007,0.436378135053,0.0350540045595,0.32953979638
0.80780575807,0.0257130836926,0.0297052766434,0.136775881594
0.862290410261,0.00108161552713,0.0504511546504,0.0861768195617
0.10151483902,0.663278962343,0.177985181344,0.057221017294
0.00255668400689,0.734645690785,0.215344450052,0.047453175156
0.364288386419,0.00492320202322,0.628506502554,0.00228190900425
0.0816072066827,0.170262571319,0.637346095739,0.11078412626
0.0151643494422,0.282478031672,0.701342508057,0.00101511082837
0.0473116515145,0.676625553697,0.05508601532,0.220976779469
0.622785612642,0.0243903575755,0.275637926259,0.0771861035234
0.164383822548,0.617239964769,0.164937101148,0.053439111534
0.192122177637,0.705423553598,0.0936170895143,0.00883717925067
0.0253636797807,0.3814773354,0.207268630247,0.385890354573
0.0985748125938,0.639709184092,0.0075234637947,0.25419253952
0.590760777651,0.113994559642,0.270250121141,0.0249945415656
0.45306615987,0.234725650489,0.241953644192,0.0702545454494
0.0283452340348,0.464940513328,0.374494191769,0.132220060867
0.288738694021,0.320763126418,0.130096091022,0.260402088539
0.0880556382632,0.483049664904,0.169680660599,0.259214036233
0.193372996039,0.200077174975,0.592861359946,0.0136884690401
0.417086345134,0.284032175871,0.265435234735,0.0334462442598
0.309135780787,0.673521349703,0.0143657649999,0.00297710450995
0.383256053953,0.280667301952,0.0601833036621,0.275893340433
0.0413101588538,0.175828334003,0.0603577123768,0.722503794767
0.0439184974628,0.171301166053,0.782721265412,0.00205907107238
0.413320713767,0.331487754969,0.0434924362729,0.211699094991
0.0108126192017,0.0583311955703,0.0416897660783,0.88916641915
0.0696454132677,0.476603877507,0.332886145326,0.1208645639
0.295225425706,0.381999967608,0.291626124485,0.0311484822012
0.0367209282079,0.343304570882,0.312400466116,0.307574034795
0.044632142945,0.172955367398,0.612685709518,0.169726780139
0.616921352931,0.00220192516457,0.20082460042,0.180052121484
0.0950699005411,0.00254293565714,0.0100074122369,0.892379751565
0.214793963055,0.603985490871,0.131393743831,0.0498268022431
0.786275310952,0.0523327879832,0.0776001140373,0.0837917870275
0.00745642404492,2.45428727938e-05,0.992371468888,0.000147564194555
0.112072636367,0.747820350404,0.0610806946781,0.0790263185509
0.415033211132,0.293097121779,0.0368978313101,0.254971835779
0.141680685603,0.187942669431,0.249256084097,0.42112056087
0.560375722151,0.0740513127645,0.337554250713,0.0280187143711
0.282448698706,0.129477099936,0.44670716709,0.141367034268
0.0392030667391,0.0490593830025,0.79219224747,0.119545302788
0.0472267590725,0.0454309215676,0.609809725365,0.297532593995
0.180946288418,0.398712210329,0.294531763976,0.125809737276
0.457172777383,0.241885290455,0.140822391157,0.160119541005
0.208745339902,0.297154239872,0.487729954429,0.00637046579641
0.289889189137,0.247082846215,0.383570274496,0.0794576901527
0.334888846577,0.0530857915661,0.0725269038551,0.539498458002
0.0145441223106,0.00254860366087,0.00218781723932,0.980719456789
0.932605197228,0.0201720628974,0.0218376603513,0.0253850795235
0.0235726674301,0.877398936434,0.0899098906171,0.00911850551912
0.0178620888301,0.978741483471,0.00252258672502,0.000873840973824
0.0440806042459,0.00496286384475,0.76268333397,0.18827319794
0.00139247646877,0.559210641402,0.32500956668,0.114387315449
0.0842029416539,0.0406529774802,0.624755751516,0.25038832935
0.00865084062349,0.967259377556,0.010197184327,0.013892597494
0.0314730264378,0.0941980734384,0.833692255198,0.0406366449261
0.128708564985,0.644722772736,0.16051702496,0.0660516373188
0.295777330769,0.173419365451,0.230887355461,0.299915948319
0.320460505594,0.411928519797,0.192762550977,0.0748484236326
0.865532661184,0.0204210391184,0.0380687910919,0.0759775086059
0.785410808305,0.0858471591377,0.0557353710214,0.0730066615358
5.75592982013e-05,0.995813016973,0.00101791621126,0.00311150751731
0.193252474139,0.0175065313817,0.433582261517,0.355658732963
0.0137429767296,0.0102096617865,0.0719679974149,0.904079364069
0.972074609125,0.00268537670169,0.0152240343733,0.0100159798
0.000513656019562,0.925567598606,0.0738741320201,4.46133546452e-05
0.0773857918682,0.670468331675,0.139562281955,0.112583594503
0.010940172766,0.929199797024,0.0445095084016,0.0153505218083
0.324371657827,0.477974268903,0.0805890986902,0.11706497458
0.00025539733539,0.425348769798,0.548622612416,0.0257732204507
0.0461661068359,0.927486086349,0.00103844750258,0.0253093593128
0.588083676513,0.0790577057158,0.13868525842,0.194173359352
0.688363771968,0.0605037099137,0.0299308091931,0.221201708925
0.157984414091,0.0513431065399,0.0649760695817,0.725696409788
0.0569968254779,0.227076048804,0.511389669078,0.204537456641
0.0450889421939,0.160504141952,0.194831411117,0.599575504738
0.042833644008,0.225384101847,0.281624802638,0.450157451507
0.443243047439,0.017074910779,0.376032749195,0.163649292586
0.208345206762,0.578606420247,0.191664228129,0.0213841448613
0.103407868443,0.149633026819,0.627049880511,0.119909224226
0.305457989054,0.238885313643,0.112972529915,0.342684167388
0.112512347763,0.225237914228,0.432427281116,0.229822456892
0.442749946627,0.216491807913,0.332578143354,0.00818010210572
0.566502330869,0.160694025979,0.252507774003,0.0202958691488
0.149182866136,0.631387257814,0.00810863545524,0.211321240594
0.0750055521999,0.00317707397545,0.739107594609,0.182709779215
0.316629495028,0.301730735734,0.0222004524103,0.359439316828
0.0635859614488,0.855107901591,0.00457652051237,0.0767296164483
0.594758257555,0.0666366722067,0.0646873946747,0.273917675564
0.0527234129148,0.54923139021,0.129221275666,0.268823921209
0.978650764826,0.00183382610162,0.00540315226086,0.014112256811
0.25605548631,0.631884565767,0.0248398080667,0.0872201398562
0.299707918577,0.000440365032971,0.0295690192488,0.670282697141
0.154251373177,0.0197352716163,0.00941195025044,0.816601404957
0.343257808096,0.0237180593342,0.199126441106,0.433897691463
0.103698709634,0.0469185261978,0.847215539014,0.00216722515421
0.110277029054,0.294755960187,0.116889401752,0.478077609008
0.230918432453,0.313562586871,0.374037967371,0.0814810133046
0.0151982854286,0.52910069192,0.0524127839094,0.403288238742
0.0812386701325,0.381317554186,0.263792679003,0.273651096679
0.0111214812358,0.0760220447145,0.330498086887,0.582358387163
0.184625521613,0.529846551766,0.277516595498,0.00801133112239
0.00181349709717,0.00130026370789,0.0554362707,0.941449968495
0.144710275412,0.206381430937,0.447371210067,0.201537083584
0.271552723914,0.261364103202,0.308877662817,0.158205510067
0.0310331887155,0.00186322221183,0.0658511883005,0.901252400772
0.402144326872,0.00376250520913,0.547928774414,0.046164393505
0.144255237448,0.178898870318,0.169193316684,0.50765257555
0.0956450140573,0.179107736607,0.71029896943,0.0149482799057
0.534702632292,0.232261470562,0.166672833311,0.0663630638344
0.886977127283,0.000170436235141,0.0476757656003,0.0651766708816
0.839962378944,0.00362632923413,0.147719080484,0.00869221133861
0.0638368133258,0.0463977098498,0.860153523534,0.0296119532906
0.342365432575,0.199152651904,0.212789719832,0.245692195689
0.750957614714,0.00732102456762,0.0369934324098,0.204727928309
0.718251838602,0.129736058967,0.100411058569,0.0516010438618
0.444686636256,0.174180105021,0.0337133575297,0.347419901193
0.368047123655,0.59857515717,0.022969218959,0.0104085002155
0.00154157366854,0.161900958416,0.750811079971,0.0857463879446
0.146277862713,0.579207247519,0.130760963227,0.143753926541
0.664949939511,0.022001431346,0.152027586476,0.161021042667
0.084346306389,0.0463466589396,0.857697098839,0.0116099358327
0.782082151504,0.0830702153861,0.0236319041382,0.111215728972
0.0254052830158,0.267613361695,5.59255308236e-05,0.706925429759
0.113445270228,0.816213715419,0.0622999322304,0.00804108212283
0.00167964725324,0.334008516031,0.0820815012954,0.582230335421
0.327650526887,0.0312674800084,0.503136347448,0.137945645657
0.212587900034,0.06371434795,0.0242535482653,0.699444203751
0.0433798253918,0.0976424144738,0.0645808316125,0.794396928522
0.0881525592208,0.277109525402,0.355103452521,0.279634462856
0.0907997927083,0.338297381762,0.126586051357,0.444316774173
0.478387424452,0.35243977142,0.0728060035512,0.0963668005766
0.403747367912,0.065973542047,0.265356326299,0.264922763742
0.0492652665764,0.773128633723,0.0143879529914,0.163218146709
0.107674804692,0.0972304902393,0.530308434275,0.264786270794
0.189726375042,0.0244163574284,0.0423646170206,0.743492650509
0.179449820436,0.015524274296,0.241376260526,0.563649644742
0.0308500504122,0.0795914315619,0.848175408585,0.041383109441
0.0331599435504,0.22142235721,0.720997199476,0.024420499764
0.11046652912,0.447624717171,0.231591436989,0.21031731672
0.207942902897,0.708987097144,0.000665760901908,0.0824042390575
0.802658759623,0.111563149724,0.0130169726406,0.0727611180124
0.215127751556,0.315939398578,0.331527054582,0.137405795284
0.622678911652,0.269908571734,0.0458422725006,0.0615702441142
0.186156780007,0.389902031574,0.369533285143,0.0544079032758
0.444420094768,0.320305624019,0.154441245803,0.0808330354102
0.0405804563491,0.0488289066145,0.0657472895827,0.844843347454
0.00736851687901,0.840499356224,0.106401991063,0.0457301358333
0.139321237691,0.0207156149502,0.00299495857127,0.836968188788
0.0278743932627,0.881718976472,0.0519431581934,0.0384634720721
0.000202946557078,0.000121291175189,0.999654147709,2.16145590764e-05
0.245319688838,0.502788456122,0.151265189739,0.100626665301
0.216720952536,0.0337041951636,0.031008723174,0.718566129126
0.0327752080521,0.00418024649765,0.642681492488,0.320363052962
0.0545392760339,0.267159376337,0.652490147681,0.0258111999484
0.119140425489,0.216771970046,0.608383101941,0.0557045025245
0.0271992883027,0.266792302938,0.118112104102,0.587896304657
0.747957419177,0.0722481655521,0.0641978708192,0.115596544451