0.0523256442173,0.581521532195,0.126156601914,0.239996221674
0.124126917603,0.46752026778,0.305365202313,0.102987612305
0.0950120142996,0.0770442309162,0.498871244927,0.329072509857
0.0487235913151,0.289053637888,0.0367188260775,0.625503944719
0.688433312575,0.0961481627124,0.206019610435,0.00939891427778
0.27405918594,0.0185296347019,0.300855400138,0.40655577922
0.205865284547,0.508795314038,0.056672474433,0.228666926982
0.817830331585,0.0159180289791,0.164808466585,0.00144317285014
0.136124695046,0.546634443311,0.268200773772,0.0490400878712
0.133105161324,0.188389424365,0.299696640007,0.378808774304
0.73481406392,0.112551669671,0.0185669186445,0.134067347765
0.131123422621,0.830412047717,0.0124969885389,0.0259675411232
0.140349531952,0.355011572527,0.316660019462,0.187978876059
0.667094764842,0.0903567773885,0.00530463794972,0.237243819819
0.176642611724,0.053000945844,0.364180454614,0.406175987818
0.937362579547,0.0181129471826,0.0399920192239,0.00453245404695
0.111158089911,0.02795415671,0.829787113131,0.0311006402479
0.637529792612,0.184026642427,0.164139650658,0.0143039143023
0.0590133960766,0.0163672878583,0.765008222963,0.159611093102
0.410777298929,0.218179460826,0.025929522653,0.345113717592
0.00567491499459,0.569540633553,0.381964003477,0.0428204479751
0.710960664437,0.147990617237,0.129084019788,0.0119646985384
0.156105158616,0.223358412026,0.244603661044,0.375932768314
0.700823341995,0.122067115441,0.121634103739,0.0554754388247
0.0262871899353,0.00556785402135,0.829181794427,0.138963161616
0.4572625258,0.0501338407725,0.434248532774,0.0583551006531
0.677166057603,0.269139834733,0.0341713339387,0.0195227737256
0.711512142206,0.00748343474068,0.276571462276,0.00443296077762
0.0560282115658,0.0193977279456,0.336539571803,0.588034488686
0.0367024043736,0.897428984388,0.0281491741206,0.0377194371176
0.336241391563,0.0395993278687,0.403365201061,0.220794079507
0.0439097774764,0.0229945119265,0.779116582376,0.153979128221
0.0184491900804,0.010351380151,0.91999795951,0.0512014702588
0.117772997191,0.380734760583,0.0684463952717,0.433045846955
0.547481542895,0.0395274156141,0.401689587388,0.0113014541025
0.0268742697889,0.306156713513,0.212828194186,0.454140822511
0.138977708655,0.702097919408,0.0876364417368,0.0712879302
0.755172445544,0.159417576866,0.0549606115869,0.0304493660031
0.0746576216629,0.1741073081,0.440636182492,0.310598887745
0.229100156258,0.0467717239583,0.652720532778,0.0714075870055
0.388991521483,0.159631575292,0.363170393847,0.0882065093776
0.306600897066,0.622738538385,0.0331039067841,0.0375566577647
0.269283562511,0.164485352729,0.127783709369,0.438447375391
0.0540522052333,0.00748836471045,0.493577814441,0.444881615615
0.749076380141,0.00778729683448,0.195391579027,0.0477447439974
0.390822167046,0.0452698170205,0.117107231792,0.446800784141
0.206757704868,0.325291350279,0.430721959826,0.037228985027
0.00912361164272,0.818533874859,0.152026603864,0.0203159096346
0.00112680385047,0.992728330816,0.00309358163491,0.00305128369872
0.00829781916639,0.426697100563,0.00436094740472,0.560644132866
0.0368251299643,0.335912865635,0.316639199514,0.310622804887
0.300413754504,0.0166378963373,0.177836347294,0.505112001865
0.15456432175,0.639819807363,0.15438867123,0.0512271996569
0.044112630498,0.7228422429,0.184690135283,0.0483549913189
0.0165242323252,0.0309764552599,0.0570812799159,0.895418032499
0.0662458665314,0.0391477623407,0.0416851764523,0.852921194676
0.0855651557846,0.00770568905887,0.323082354758,0.583646800399
0.0529135591715,0.0321376714612,0.898677946989,0.0162708223781
0.623060500868,0.257949673061,0.0199950610668,0.0989947650043
0.97552645687,0.00185019104536,0.0171197871481,0.00550356493668
0.0203335898994,0.908692918988,0.0435527045161,0.0274207865969
0.212359630557,0.0278966820203,0.707562939,0.0521807484225
0.038668816157,0.159464083365,0.0522624096579,0.74960469082
0.221123994714,0.60115186036,0.0366491483105,0.141074996615
0.516364634959,0.0308613934847,0.289389035468,0.163384936089
0.0211571160004,0.421988300767,0.544455351438,0.0123992317947
0.124691591626,0.32633628118,0.501239937574,0.0477321896194
0.314713809042,0.361073510443,0.220589016899,0.103623663616
0.823557036302,0.0459303635674,0.015508528311,0.11500407182
0.109087796384,0.128576365273,0.405785456162,0.356550382181
0.0764044094109,0.0167272653538,0.0976802018716,0.809188123364
0.0709881579077,0.704384027942,0.0223864261421,0.202241388008
0.985855068751,0.00541914878875,0.00527111369126,0.00345466876909
0.00829607291947,0.401602589703,0.0116542231082,0.57844711427
0.0952352045284,0.0970385776992,0.672121594714,0.135604623059
0.0108124899134,0.00893052091593,0.665246420817,0.315010568353
0.449227759464,0.306109025444,0.156149589674,0.0885136254185
0.0893489061817,0.442618083202,0.364839507128,0.103193503488
0.0032781431681,0.889952144631,0.105893462075,0.000876250126208
0.160211105531,0.549728055222,0.248185355611,0.0418754836372
0.0108268874252,0.860052697498,0.0764387435027,0.0526816715736
0.314743178787,0.253943304294,0.301291186772,0.130022330146
0.167778532528,0.0499736712699,0.197290605716,0.584957190486
0.397758178805,0.0600664666254,0.00867556986662,0.533499784703
0.599336961396,0.00359254396522,0.395774325832,0.00129616880707
0.455491381078,0.00129037237402,0.524018020836,0.0192002257117
0.432893046465,0.0529348690093,0.0708058936074,0.443366190918
0.126967771864,0.111343739145,0.722054775567,0.0396337134228
0.010116245272,0.834305709812,0.136529745887,0.0190482990289
0.198725129348,0.188248379547,0.33121635083,0.281810140275
0.257379639711,0.601045086646,0.0716288322228,0.0699464414194
0.0348678792672,0.00335127234387,0.162184094554,0.799596753835
0.0497392326047,0.745183442885,0.171957428559,0.033119895951
0.23338109585,0.58678986905,0.0416906799871,0.138138355113
0.126482037706,0.266914745273,0.429614022212,0.176989194809
0.0494297259178,0.934336072188,0.0110953015338,0.00513890036057
0.626703072215,0.0668331763862,0.000774202015123,0.305689549384
0.0892843348515,0.0463208613492,0.816885504266,0.047509299533
0.32047806077,0.458433630257,0.136916011521,0.0841722974513
0.105567180321,0.0363468710541,0.788178651747,0.0699072968781
0.178559253609,0.18514658787,0.251540559996,0.384753598526
0.0654081434749,0.650983790334,0.106909820329,0.176698245862
0.0369665640513,0.824530834568,0.129985033015,0.00851756836563
0.0815625566923,0.884347557433,0.00651035816722,0.0275795277078
0.225365535824,0.694120039141,0.0697134625704,0.0108009624649
0.00713510711196,0.00699572660982,0.861415351121,0.124453815158
0.291861695562,0.260648519919,0.42743199584,0.0200577886786
0.0471004304723,0.0511098508329,0.029021652459,0.872768066236
0.00308325261372,0.280990176235,0.177056650615,0.538869920536
0.177072114741,0.180614527382,0.270689976577,0.371623381299
0.186873521868,0.00556151655851,0.802887759651,0.00467720192302
0.381209836288,0.545455465851,0.0352542325104,0.0380804653503
0.00390931647933,0.155972097571,0.380624491914,0.459494094036
0.000181435102479,0.000856991491075,0.00245981596803,0.996501757438
0.780229694305,0.067171149714,0.0978600921959,0.0547390637846
0.0366522480363,0.454090822279,0.0565676298608,0.452689299824
0.0301436547601,0.40726082385,0.307577784426,0.255017736963
0.197054668994,0.343179803844,0.330414393662,0.1293511335
0.688489194986,0.0167657988915,0.225006987383,0.0697380187395
0.179989420829,0.378675213107,0.4263402297,0.0149951363644
0.411948692779,0.251249502748,0.170980749497,0.165821054975
0.315394677219,0.0701722304547,0.207165215496,0.40726787683
0.637994681041,0.0309085141448,0.318042902812,0.0130539020026
0.0492517367998,0.0871419102959,0.804552821381,0.0590535315235
0.512111493353,0.376603426981,0.0592374455378,0.0520476341286
0.788074792761,0.00158702268156,0.00334865985275,0.206989524704
0.592815171298,0.266730319546,0.0726186890334,0.0678358201227
0.491154976786,0.128101363153,0.263639756261,0.1171039038
0.00539161575556,0.984371365286,0.00994543953192,0.000291579426783
0.000209538422785,0.0237159147563,0.478178429489,0.497896117332
0.0561374757465,0.933370951921,0.00829790864449,0.00219366368774
0.0741249959618,0.256919863911,0.383838980025,0.285116160102
0.0463857119651,0.0279107790931,0.0255072091188,0.900196299823
0.023618436646,0.217234496342,0.733610654133,0.0255364128788
0.031831267194,0.193263384926,0.488758954365,0.286146393515
0.109317953927,0.0147174765436,0.0202706415105,0.855693928019
0.998165331446,0.000681152416134,0.00100547521706,0.000148040921179
0.222880262008,0.653461189707,0.0591806811186,0.0644778671671
0.331183899864,0.248847751252,0.39171034984,0.0282579990439
0.194466869194,0.269673482425,0.103575827714,0.432283820667
0.966181925242,0.0264000939039,0.00346341585332,0.00395456500096
0.10373152001,0.178604540334,0.551120813446,0.166543126211
0.00160614471265,0.44360338285,0.508999162043,0.0457913103941
0.578001010291,0.14640746731,0.268554597608,0.00703692479213
0.783017088015,0.0862940425115,0.0558427158795,0.0748461535942
0.411103051262,0.0303864390493,0.00612019718986,0.552390312498
0.412530584535,0.0874480470019,0.139574734788,0.360446633675
0.145317478915,0.143135430799,0.376822753022,0.334724337264
0.108151338707,0.256986268269,0.135273850791,0.499588542232
0.303275023114,0.599459440185,0.0727695546798,0.0244959820208
0.934311058163,0.0434711886971,0.00374243376369,0.0184753193761
0.00244035612678,0.946295341821,0.00488426361069,0.046380038442
0.130380404069,0.00943008472832,0.818156612309,0.0420328988937
0.00414055060792,0.862576025371,0.129903620505,0.00337980351602
0.113611557712,0.508620721713,0.312496095426,0.0652716251484
0.689292671533,0.157990565912,0.0894493046734,0.0632674578816
0.294705528812,0.432927822706,0.0569910813195,0.215375567163
0.0898297196535,0.268190639653,0.535964227254,0.106015413439
0.720927068985,0.143590969239,0.054779603436,0.0807023583398
0.343245988544,0.551319048569,0.0824992907684,0.0229356721185
0.00501108524177,0.327854225789,0.616082572081,0.0510521168888
0.0363311891546,0.0219885796503,0.827592563201,0.114087667994
0.0206903088747,0.760207699295,0.0399031746164,0.179198817213
0.098997541037,0.42333811036,0.0583216323173,0.419342716286
0.576125867901,0.121247401405,0.0478943545041,0.25473237619
0.0832077299314,0.614129478619,0.244412765623,0.0582500258266
0.172581306663,0.259712552738,0.33483528315,0.23287085745
0.902585090073,0.0674109373157,0.0147999091532,0.0152040634578
0.0933133066051,0.77683000243,0.11672440839,0.0131322825756
0.201082892152,0.164686063678,0.616145888962,0.0180851552081
0.878742945932,0.00425975356103,0.0881153290874,0.0288819714199
0.253533040887,0.10058362218,0.441554943193,0.20432839374
0.0528351562418,0.0107208961111,0.866213250184,0.0702306974631
0.277136047683,0.700164421412,0.0028887693772,0.0198107615275
0.0913589569189,0.523797902754,0.193719507456,0.191123632871
0.433455455654,0.0969639321536,0.402346295716,0.067234316476
0.0165414767309,0.0250431826562,0.862427902012,0.095987438601
0.306081094135,0.250943504424,0.321645318225,0.121330083217
0.150511638062,0.0915557835881,0.193368680274,0.564563898075
0.0466086244317,0.906693612862,0.0184734784788,0.0282242842271
0.0932714391129,0.721686684759,0.0970060821601,0.0880357939683
0.0947091754187,0.598644171426,0.11615982294,0.190486830215
0.00202847015583,7.05432111496e-05,0.0640490791822,0.933851907451
0.0469912038791,0.170664839963,0.530698815554,0.251645140604
0.00608813218179,0.171070236862,0.308136776694,0.514704854262
0.278921388704,0.539743790649,0.00471241504043,0.176622405606
0.0963887371478,0.261849149293,0.378347057894,0.263415055666
0.188649181617,0.32837611968,0.113606535263,0.36936816344
0.0387490684233,0.76390354536,0.136967899259,0.0603794869574
0.00835759406271,0.0823455839267,0.0428902564151,0.866406565595
0.0312483963438,0.231287562371,0.0792246429283,0.658239398357
0.824160873946,0.0103959668361,0.0943278574309,0.0711153017865
0.501743922427,0.278167618357,0.0698039220085,0.150284537208
0.0165863460957,0.0338693852902,0.945749078308,0.00379519030572
0.485501789458,0.0987742357159,0.108998054009,0.306725920817
0.307165564509,0.246927104022,0.224491132584,0.221416198884
0.726475349136,0.0212332680238,0.234687195535,0.0176041873046
0.589348167832,0.0768035804122,0.075186035687,0.258662216069
0.0509805272032,0.210317849323,0.00471571508313,0.733985908391
0.521589306661,0.176544548535,0.0686869594019,0.233179185402