0.307684492658,0.181985412475,0.00304790428871,0.507282190578
0.286733246548,0.63007967471,0.0337162470431,0.0494708316989
0.281666217952,0.225136490316,0.141414122285,0.351783169447
0.122391936224,0.554772623217,0.21553157707,0.107303863489
0.0375880795118,0.00680999950517,0.269952468805,0.685649452178
0.0826005306467,0.172465862241,0.417234695557,0.327698911555
0.555899734076,0.147719920682,0.0438634005545,0.252516944688
0.910954677513,0.0703393691071,0.0104504481385,0.00825550524129
0.547245771212,0.0687822604673,0.299032631685,0.0849393366357
0.0173412348592,0.0112655159448,0.898491539502,0.072901709694
0.0527835216645,0.397163531864,0.416124154018,0.133928792454
0.00727442883722,0.0156536219799,0.280442640457,0.696629308725
0.979704630155,0.0186391708489,0.00158506007951,7.1138917022e-05
0.577813483967,0.284661718874,0.0666601291393,0.0708646680201
0.0165946813902,0.370906343606,0.0379954482505,0.574503526754
0.58010956678,0.0178140987338,0.362831690961,0.0392446435256
0.69274463152,0.164339179849,0.112410453167,0.0305057354637
0.00205794936554,0.1574538178,0.780764610847,0.059723621987
0.19766384012,0.553167768149,0.0650883152665,0.184080076465
0.65126102384,0.0622752215177,0.22895698409,0.0575067705521
0.0391644617441,0.013158201062,0.788610889221,0.159066447973
0.195678433531,0.277656621215,0.0794504580631,0.44721448719
0.0884499326241,0.169680746513,0.684951454925,0.056917865938
0.0363301422371,0.00669834072209,0.955525985815,0.00144553122559
0.0591779707708,0.394226707084,0.109693610935,0.43690171121
0.558076616525,0.351018139709,0.0157310103287,0.0751742334373
0.0134628480814,0.0594158216669,0.134738953829,0.792382376422
0.21851324967,0.00645022285513,0.505545370249,0.269491157226
0.132634767169,0.279345126748,0.00783503734945,0.580185068734
0.444381137898,0.337317579374,0.212747735567,0.0055535471605
0.0365139548871,0.122673464996,0.0468270618695,0.793985518247
0.290420046445,0.0969039626843,0.251100296529,0.361575694342
0.117060586113,0.0614716587424,0.511973343975,0.30949441117
0.85939970587,0.0437906354256,0.0294637446144,0.0673459140901
0.00315291439318,0.24468394944,0.363811798548,0.388351337619
0.860965616461,0.0299849492207,0.0443202448597,0.0647291894583
0.00968163836575,0.633692523173,0.240841571547,0.115784266914
0.214138473693,0.046487459204,0.580307190312,0.159066876791
0.0373055181349,0.536630285209,0.379437031703,0.0466271649533
0.0363934477828,0.106494482428,0.710474770256,0.146637299533
0.0100142099928,0.323345532392,0.368794567907,0.297845689709
0.12675001,0.021633440173,0.068624260471,0.782992289356
0.17515995064,0.625629878611,0.0437567074218,0.155453463327
0.257906031856,0.407757852372,0.0454626328936,0.288873482878
0.00813413051678,0.97928526935,0.00576740453434,0.00681319559912
0.54676139991,0.0537881716827,0.233859539854,0.165590888553
0.526976413674,0.0468774111141,0.412512795433,0.0136333797798
0.0782076830995,0.0358042742518,0.199079210985,0.686908831664
0.536715406272,0.244546237556,0.0609875119866,0.157750844185
0.124224652286,0.130946110515,0.110023868059,0.63480536914
7.24649980552e-05,0.825963061313,0.137001544928,0.0369629287613
0.360856031909,0.419180001551,0.175385979197,0.0445779873426
0.177519221172,0.0942436384053,0.649425642332,0.0788114980901
0.281193712512,0.618121359435,0.0681758953979,0.0325090326553
0.0918302383103,0.0609156844129,0.0103111097488,0.836942967528
0.635145339742,0.253198040513,0.107255934106,0.00440068563918
0.320706279559,0.0168500747292,0.105301655597,0.557141990114
0.610708982542,0.292810010123,0.0497749108811,0.0467060964539
0.210919276205,0.327695251598,0.306837653329,0.154547818869
0.243082210795,0.283237766352,0.415951265879,0.0577287569732
0.105027405371,0.0695904539143,0.757599274787,0.0677828659277
0.10322973284,0.182336875778,0.150267336166,0.564166055216
0.0179019521513,0.0121881317022,0.917261246472,0.0526486696748
0.162257179784,0.182824992349,0.501547604791,0.153370223076
0.0507557883124,0.395018656556,0.00475113459494,0.549474420537
0.0315921003339,0.32216584207,0.437962420945,0.208279636651
0.559526388962,0.0208932199415,0.0654820266465,0.35409836445
0.0826310569134,0.840321539449,0.0608200869632,0.0162273166741
0.522082252435,0.135161911579,0.11279077462,0.229965061367
0.480603934179,0.0617377632005,0.40759524414,0.0500630584803
0.128253436533,0.140559737475,0.188403153013,0.542783672979
0.175101731711,0.0273959570357,0.187058366654,0.610443944599
0.0603684685758,0.326615400231,0.502577864135,0.110438267058
0.855095242305,0.0361016420418,0.0159791666599,0.092823948993
0.455537214453,0.486600793861,0.00559392378422,0.0522680679023
0.035202763002,0.168760147736,0.699320366425,0.0967167228365
0.0830753398064,0.0438338900765,0.424495424819,0.448595345298
0.155938799108,0.364500732799,0.0051874853277,0.474372982765
0.0324623186387,0.401705255538,0.390402821384,0.175429604439
0.384400189068,0.110560358831,0.105556000486,0.399483451616
0.629607368215,0.136259293985,0.121407425557,0.112725912244
0.312556269544,0.272576108978,0.193105903122,0.221761718355
0.815944228173,0.0425289778905,0.116098088123,0.0254287058132
0.0866619535564,0.420561554006,0.436667612434,0.0561088800039
0.0884038394083,0.0226959959454,0.3110715749,0.577828589746
0.381345810583,0.404484662144,0.0614719823742,0.152697544899
0.609507490084,0.0635038445587,0.0609004558075,0.26608820955
0.0123400844626,0.0535500467993,0.223742876395,0.710366992343
0.184082183468,0.352632252796,0.123564772659,0.339720791078
0.156402607926,0.020524353958,0.820801887687,0.00227115042836
0.0502277053776,0.65257806113,0.054370367536,0.242823865956
0.0259325407773,0.0286339362305,0.0595217395576,0.885911783435
0.000668584899664,0.511931973224,0.0855614657229,0.401837976153
0.110674718032,0.648956522826,0.110961157353,0.129407601789
0.743160046749,0.106943672306,0.00727508814475,0.1426211928
0.426558633652,0.363920184569,0.0268804031625,0.182640778616
0.0988041089254,0.774772094672,0.0503101670945,0.0761136293084
0.785432277282,0.0550897407782,0.152930122728,0.00654785921237
0.346188341324,0.011233168098,0.13626073473,0.506317755848
0.82496042802,0.123575969833,0.0162743197694,0.0351892823774
0.0655720681771,0.474147032051,0.209921781448,0.250359118324
0.0389803667323,0.213546927379,0.481003321587,0.266469384301
0.0137275577241,0.0525366499726,0.000592528508345,0.933143263795
0.0512898353659,0.192124070601,0.217269859483,0.53931623455
0.524338563324,0.110976961138,0.005590518205,0.359093957333
0.769518530463,0.0909442364271,0.0788640096974,0.0606732234128
0.161595679469,0.0437788860984,0.388328647543,0.40629678689
0.256371260285,0.58851456543,0.101697624327,0.0534165499584
0.078514777042,0.338301074016,0.0068692545449,0.576314894397
0.445235381673,0.224117382008,0.311511443509,0.0191357928097
0.140608825073,0.0492088239161,0.65283884902,0.15734350199
0.0201186807005,0.124996540673,0.0328073315877,0.822077447039
0.0275087346768,0.96205171946,0.00280990803222,0.00762963783117
0.0117003742087,0.218438180159,0.720101295867,0.0497601497653
0.0811526613323,0.0740726133425,0.00478428320553,0.83999044212
0.00523899801306,0.890910546074,0.0861594710902,0.0176909848229
0.714306118259,0.141664091933,0.0145337139599,0.129496075848
0.344298111286,0.214662446508,0.115274598639,0.325764843567
0.15199738276,0.309351429177,0.263025140895,0.275626047168
0.0791364808365,0.22911926694,0.448029203436,0.243715048787
0.629674694154,0.211609820418,0.0168746815765,0.141840803852
0.0266643371777,0.00850140607574,0.0470810446479,0.917753212099
0.039470204493,0.936482366742,0.0126808545742,0.0113665741908
0.0588230121538,0.00292049195061,0.0367687567529,0.901487739143
0.0325973033773,0.00762439716352,0.435723114725,0.524055184734
0.643870719254,0.122235830908,0.102657897638,0.1312355522
0.0708016377745,0.196707375898,0.38120771534,0.351283270987
0.111428339728,0.0901248182377,0.603028303395,0.195418538639
0.0306280632378,0.018131969982,0.0177065995315,0.933533367249
0.208868610434,0.0221752885647,0.321125612004,0.447830488997
0.092044262094,0.456420394845,0.164386781355,0.287148561706
0.0675866792643,0.265203462147,0.014359315811,0.652850542778
0.212865458519,0.205111671682,0.190953175188,0.391069694611
0.525882947281,0.148817737426,0.26245186061,0.062847454682
0.549530110427,0.302035822785,0.0776980715219,0.0707359952661
0.0178060755189,0.110807877803,0.295988418054,0.575397628624
0.292574308123,0.625777411604,0.0575513806054,0.024096899667
0.0202161599716,0.0348364971986,0.774679244186,0.170268098644
0.0394379370874,0.653692009707,0.15812858867,0.148741464535
0.587182672028,0.0160455889367,0.336919089951,0.0598526490843
0.171692935222,0.0223337092708,0.786051042417,0.0199223130909
0.124338706754,0.0624516915749,0.439621828342,0.37358777333
0.156586564625,0.0723499462019,0.644795161009,0.126268328164
0.01270942549,0.251115775037,0.0111589929633,0.725015806509
0.160180820842,0.802928714274,0.0339194517666,0.00297101311702
0.00867501055814,0.0126589121253,0.862464845004,0.116201232312
0.00843410830428,0.235941507484,0.479905867468,0.275718516744
0.0130088891448,0.486625980704,0.0451279902722,0.455237139879
0.0719731275874,0.34495151428,0.538978591109,0.0440967670241
0.451765518588,0.0679657681561,0.0850510016803,0.395217711575
0.0189419100729,0.250554200144,0.273402651875,0.457101237908
0.0183053985683,0.0016587697263,0.00523792217665,0.974797909529
0.38500549884,0.352642486776,0.148067752815,0.114284261569
0.138942346552,0.642044165933,0.0295116220135,0.189501865501
0.1984933559,0.599967807455,0.0904280249899,0.111110811655
0.202291169217,0.398977500104,0.0631612962621,0.335570034417
0.0685688337805,0.0323751815453,0.344513993587,0.554541991087
0.0141091955751,0.467765036975,0.311590909025,0.206534858425
0.0473548052228,0.328855821972,0.378309829783,0.245479543023
0.184238259242,0.441031333424,0.219914123582,0.154816283752
0.152382545906,0.0667438787023,0.00372471447752,0.777148860914
0.00184458507776,0.0108268117017,0.896468507238,0.0908600959821
0.854280236286,0.0223827042237,0.0631259397962,0.0602111196943
0.0289063186043,0.833390119146,0.0906397413819,0.0470638208673
0.0468351923512,0.845809338114,0.0161138577661,0.0912416117686
0.360766367443,0.0335437055903,0.203778401921,0.401911525046
0.0269575152881,0.188391709558,0.168366983884,0.61628379127
0.567979019183,0.220121016203,0.190936258122,0.0209637064928
0.368731370202,0.00779428515212,0.566867614012,0.0566067306333
0.223719988633,0.00726994927881,0.75084054329,0.0181695187977
0.235809432259,0.399792123255,0.0178957456552,0.346502698831
0.000881959156793,2.49428437607e-05,0.000868648656917,0.998224449343
0.0124699082876,0.0816419852513,0.163715396308,0.742172710153
0.120927987238,0.312403347463,0.562662072687,0.00400659261237
0.587529051479,0.406917303141,3.02405014562e-05,0.0055234048786
0.193219428438,0.0039761249088,0.788152479388,0.0146519672647
0.100560900927,0.123193473655,0.278117787276,0.498127838142
0.0301326197626,0.0557931245422,0.302486460552,0.611587795143
0.0585236625342,0.232544573237,0.0246893635169,0.684242400712
0.0637897902903,0.886050838969,0.0150493214784,0.0351100492623
0.00349836004638,0.027954774621,0.934648282253,0.0338985830799
0.199334000823,0.139870035488,0.384067611067,0.276728352623
0.0126630239745,0.0239482921019,0.921497678179,0.0418910057449
0.138109820643,0.836644783543,0.0200619618598,0.00518343395368
0.00687508957876,0.654644507309,0.0643791128912,0.274101290221
0.0787261159431,0.0014855027967,0.90048501111,0.0193033701503
0.844794744485,0.0341412526994,0.0187169445818,0.102347058234
0.337455765301,0.192371760749,0.252068807436,0.218103666515
0.172897213714,0.0055502888603,0.6182031681,0.203349329325
0.156469398124,0.397039447139,0.166150758471,0.280340396267
0.170047687444,0.208205189337,0.219536489242,0.402210633976
0.312948294323,0.0297428642996,0.509355272527,0.14795356885
0.251390171424,0.0289528216401,0.663581115693,0.0560758912433
0.173594335386,0.182902581702,0.321387653452,0.32211542946
0.0532384435365,0.382688995019,0.273651794532,0.290420766913
0.00798591378188,0.0853831996163,0.270885419881,0.63574546672
0.597968200622,0.155403821142,0.0750191052516,0.171608872984
0.0395633209169,0.287136325687,0.238772684624,0.434527668772
0.16853390327,0.21682097894,0.00782322076427,0.606821897025
0.436948893164,0.161415052992,0.259291935137,0.142344118707