0.000786027257795,0.0821882040395,0.213739590857,0.703286177845
0.015905622834,0.0588247535833,0.458948554081,0.466321069502
0.0410055744416,0.0436532499535,0.886522814562,0.0288183610426
0.600663694608,0.0944484512011,0.248672210533,0.0562156436577
0.646863557116,0.0904997090851,0.0982028222596,0.164433911539
0.0524734468938,0.938315909865,0.00808279130576,0.00112785193519
0.468471197191,0.227520260077,0.271076250665,0.0329322920675
0.170397201567,0.158030304806,0.627802810212,0.0437696834149
0.0599135163743,0.844632890357,0.0501988134951,0.0452547797734
0.615021916269,0.162594389513,0.16985931319,0.0525243810285
0.139661371015,0.00447151915048,0.780321122167,0.075545987668
0.0204128398305,0.0516207725356,0.0155441970124,0.912422190622
0.011446320342,0.0129808063024,0.0489755659648,0.926597307391
0.00807055884627,0.933070177097,0.0279534576096,0.0309058064476
0.141055639501,0.136137331361,0.676359904533,0.0464471246054
0.216772271881,0.0328259574317,0.678349382699,0.0720523879886
0.206858546343,0.340154156011,0.430960001254,0.0220272963914
0.0595499332591,0.15675167866,0.0801351434416,0.70356324464
0.647067512647,0.348069488442,0.00377015090135,0.00109284800906
0.00412891601111,0.429757552625,0.457057818726,0.109055712638
0.0254035404926,0.149992570774,0.0305162963354,0.794087592398
0.419199280866,0.184327303851,0.141020174994,0.255453240289
0.338220080464,0.213670158785,0.0501929896953,0.397916771056
0.0302175425403,0.00302460649098,0.704139315639,0.26261853533
0.0452574556555,0.0329610501873,0.0336228122273,0.88815868193
0.0153412776872,0.941128595935,0.0422768523576,0.00125327402061
0.0057128377184,0.252628264514,0.30210963974,0.439549258028
0.575782937521,0.0128964289249,0.289551073393,0.121769560161
0.177346554558,0.0151447327471,0.304635113185,0.50287359951
0.267432763988,0.625883217376,0.0802248954972,0.0264591231385
0.718800424748,0.11592073331,0.0115350212443,0.153743820698
0.254472392274,0.429898274343,0.0397410598339,0.27588827355
0.0486812740746,0.789870046731,0.0533263720381,0.108122307156
0.174301374724,0.0146928599918,0.00667074126425,0.80433502402
0.0364081646381,0.221684889621,0.598663643283,0.143243302458
0.0145758925698,0.0540996680368,0.71512527167,0.216199167723
0.03923601274,0.00967263407864,0.480147050244,0.470944302937
0.376957669277,0.399503306669,0.122559840632,0.100979183422
0.247065476028,0.0182402374418,0.054866694653,0.679827591877
0.00177490154486,0.0776541275488,0.004854545519,0.915716425387
0.540123996725,0.0590193582294,0.389733742451,0.011122902595
0.0871158140735,0.0346362325008,0.255916110515,0.622331842911
0.00216107164441,0.18582337419,0.1891267814,0.622888772766
0.184818960308,0.173464238621,0.164120382688,0.477596418383
0.0745102387829,0.118677587683,0.0644177491315,0.742394424403
0.16743367497,0.531668505395,0.101751433205,0.19914638643
0.674546540895,0.00799078413928,0.00976169593972,0.307700979026
0.0342902843105,0.131652069545,0.512045408987,0.322012237158
0.01579912253,0.0387785070211,0.00437520441194,0.941047166037
0.285282497815,0.363044762474,0.265313810532,0.086358929179
0.0434084028137,0.583400330633,0.370552929834,0.00263833671956
0.874467029377,0.00868351551148,0.0359370100354,0.0809124450761
0.0169580045317,0.0105781950965,0.0590649245813,0.91339887579
0.79638202457,0.014971502713,0.155911023662,0.0327354490547
0.575020705768,0.166997044428,0.0116241085737,0.24635814123
0.292255962142,0.498988907138,0.0776575910127,0.131097539708
0.111820527074,0.0195678742489,0.0814735961636,0.787138002514
0.199794523083,0.587103671051,0.17182241807,0.0412793877962
0.0638618840123,0.640480345532,0.120887037114,0.174770733342
0.548704180839,0.0578260173655,0.189061266465,0.20440853533
0.444423930712,0.05907729022,0.196893609252,0.299605169816
0.18280058777,0.00233364601163,0.783355073948,0.0315106922703
0.0928642908133,0.321236773912,0.249208081894,0.336690853381
0.06232492168,0.0217886611018,0.10511807219,0.810768345029
0.527911125502,0.286674078579,0.120365617417,0.0650491785015
0.346069191895,0.256724292206,0.0433638462064,0.353842669693
0.00281952773051,0.0627626946686,0.880182315953,0.0542354616482
0.0872347522105,0.137745627693,0.258335537237,0.516684082859
0.00493379734533,0.522289841983,0.464973447368,0.00780291330293
0.298415564918,0.412797633407,0.16575015784,0.123036643835
0.119077324565,0.415340686483,0.0375864731663,0.427995515785
0.581827163994,0.229571119983,0.0270372045908,0.161564511432
0.328472196589,0.270709520668,0.0499281817077,0.350890101036
0.0555750466859,0.0346189032463,0.407513607981,0.502292442087
0.0580323796458,0.13422574806,0.799756028318,0.00798584397573
0.499482986949,0.136499038026,0.0232301494483,0.340787825577
0.102180138624,0.628817571633,0.159512727373,0.109489562371
0.334093300742,0.246364551292,0.129611024225,0.28993112374
0.029896660347,0.353901792961,0.292013132009,0.324188414683
0.490079695591,0.0318473486863,0.219966892914,0.258106062808
0.0918419558874,0.0355515300763,0.59991475684,0.272691757197
0.881688051468,0.0322000754259,0.0435844466184,0.0425274264875
0.22224055776,0.061344434217,0.640056289963,0.0763587180596
0.571844860148,0.198722575052,0.0513565788822,0.178075985918
0.00478778846357,0.17242216751,0.39807559392,0.424714450106
0.169118578257,0.139794534517,0.678126118833,0.0129607683931
0.239624779659,0.735622475915,0.011088290463,0.0136644539627
0.246063440197,0.360171748461,0.150786637425,0.242978173917
0.418022565186,0.226609961386,0.304879060413,0.0504884130151
0.81457459402,0.0832698781104,0.012596015766,0.0895595121038
0.24360435634,0.273022803299,0.475499717569,0.00787312279151
0.0804982161799,0.22099316916,0.297447853061,0.401060761599
0.863176935967,0.00695806141376,0.0164302255306,0.113434777088
0.248121403388,0.300963034531,0.041182523675,0.409733038406
0.0384524699431,0.40719204247,0.545634364013,0.00872112357376
0.224009752927,0.229357936281,0.15683185175,0.389800459042
0.146561961956,0.214773424915,0.149966023076,0.488698590053
0.000748469044599,0.983965848748,7.51971258595e-05,0.0152104850816
0.197835119368,0.149377200656,0.0439159148691,0.608871765106
0.0215573664253,0.600221344767,0.377968582753,0.000252706055343
0.0208000381782,0.0271497121084,0.947691511254,0.0043587384593