0.0492147322256,0.0551807598112,0.808183257754,0.0874212502094
0.00727458432383,0.891053554813,0.00241404087344,0.0992578199896
0.735346254492,0.0735969071597,0.16841327572,0.022643562628
0.246592416807,0.198692405289,0.469111613315,0.0856035645893
0.079336018441,0.286546307514,0.133801785618,0.500315888427
0.630361750553,0.19672728494,0.100507604938,0.0724033595688
0.00236339737133,0.000202899022523,0.995360706796,0.00207299681065
0.178329895817,0.0729609797759,0.0176311476918,0.731077976715
0.0640883787644,0.078404154022,0.76906687266,0.0884405945531
0.171793171306,0.434329451218,0.0536698495291,0.340207527947
0.0888519941343,0.00209678529904,0.90186674512,0.00718447544699
0.0890509532486,0.356117382381,0.116077103751,0.438754560619
0.0481339272837,0.0801623639447,0.000509181731948,0.87119452704
0.203814294431,0.297130303213,0.254871081486,0.24418432087
0.00100431922348,0.990898034163,0.00298615811657,0.00511148849692
0.0489070700622,0.141023341345,0.776004579923,0.0340650086698
0.0632783500677,0.0818829878531,0.170153478819,0.68468518326
0.246773353511,0.608520034902,0.0312499406046,0.113456670983
0.291788032312,0.64576627679,0.0210655291196,0.0413801617785
0.110832516495,0.0641610694078,0.261867006552,0.563139407545
0.674315742477,0.136976898799,0.0630196486837,0.125687710041
0.412873473318,0.0800275063545,0.240408076274,0.266690944053
0.218497563608,0.0797054791691,0.602241590541,0.0995553666816
0.107165391278,0.805079655423,0.00379430831923,0.0839606449798
0.831550259289,0.104263844607,0.0431768283668,0.0210090677376
0.0330249399404,0.25629223305,0.63849476288,0.0721880641293
0.285733360931,0.319304669745,0.36770984279,0.0272521265344
0.34631325681,0.540813196798,0.0936340175868,0.0192395288047
0.413644432622,0.0905661204876,0.492873397472,0.00291604941773
0.00808016525058,0.03367215641,0.0548334544935,0.903414223846
0.0469878815493,0.506879660657,0.267215167742,0.178917290051
0.00741465922337,0.209670039101,0.767747373317,0.0151679283588
0.0284468767576,0.836502171708,0.11272416343,0.022326788104
0.0750668481062,0.645245355531,0.0710179473361,0.208669849027
0.236880348701,0.0489939824993,0.596539078442,0.117586590357
0.045461063182,0.00460518596743,0.857838005131,0.0920957457194
0.0323211045373,0.68696936648,0.203947867252,0.0767616617306
0.00888296099142,0.160462387054,0.637786681861,0.192867970093
0.310330268266,0.389106771218,0.219886063745,0.0806768967711
0.141612898661,0.130342328778,0.536638483383,0.191406289177
0.0693781503074,0.787275021156,0.0999077291297,0.0434390994067
0.239098199264,0.557949533307,0.0798537575787,0.12309850985
0.0804748296383,0.688019208731,0.184660816855,0.0468451447765
0.584849181753,0.142199087398,0.170117872507,0.102833858342
0.956125271536,0.0137944135596,0.00710861053054,0.0229717043733
0.473537800422,0.260820668192,0.0843794765775,0.181262054809
0.58414624321,0.318087660665,0.0673765435819,0.0303895525428
0.0228562559198,0.930254144772,0.0297868914914,0.0171027078164
0.0224858669181,0.0945382548874,0.135503932899,0.747471945296
0.0608612346344,0.0723204116612,0.629922394094,0.236895959611
0.187941876356,0.127712284999,0.0283764410277,0.655969397618
0.553665158472,0.298143054497,0.143175052774,0.00501673425723
0.81262081642,0.0399213376033,0.101402785021,0.0460550609556
0.571094072795,0.0450490310162,0.0895290316852,0.294327864504
0.108746380656,0.660970105814,0.214787587418,0.015495926113
0.237451276636,0.011824493943,0.726984949624,0.0237392797972
0.00730298349119,0.461340807673,0.476957076678,0.0543991321569
0.0260360334065,0.0265751011936,0.00236824102376,0.945020624376
0.452122077149,0.162561578962,0.190031415398,0.195284928492
0.004379763976,0.000215038755552,0.994996877771,0.000408319497391
0.223497545928,0.349661740968,0.0905232750449,0.336317438059
0.338997776414,0.156242654199,0.0085053798145,0.496254189573
0.220771076168,0.362086787697,0.261623269925,0.155518866209
0.237037256829,0.298860867365,0.0581206612364,0.405981214569
0.00558018574604,0.993648080429,0.000661389375224,0.000110344449586
0.0758024375513,0.460713813545,0.393649269506,0.0698344793983
0.156247145584,0.650939867588,0.13959095737,0.0532220294581
0.023610373673,0.21600524393,0.140558244071,0.619826138326
0.219777889165,0.345952811092,0.0828537765221,0.351415523221
0.104823234282,0.130927652225,0.597941975607,0.166307137886
0.793312228436,0.0878231359623,0.113573631162,0.00529100444014
0.722031300378,0.00641060773796,0.079854553454,0.19170353843
0.0800429840574,0.0282277229741,0.289413574504,0.602315718465
0.45027426171,0.133676166854,0.134970210993,0.281079360443
0.197424105446,0.0528512383385,0.0614496726996,0.688274983516
0.00834024780702,0.976596433108,0.00385773288093,0.0112055862043
0.284919008865,0.341144474292,0.216586203675,0.157350313168
0.0197517579896,0.332078283371,0.221654261541,0.426515697098
0.175867783814,0.617735379829,0.0270735865551,0.179323249803
0.265989737925,0.698355174364,0.0160446983439,0.0196103893673
0.281271064582,0.690695046931,0.00625455486916,0.0217793336179
0.0007821333888,0.173217738381,0.816932475288,0.00906765294138
0.42815370698,0.0175975165324,0.190622825279,0.363625951209
0.381609691529,0.613581755189,0.00122653904084,0.00358201424051
0.0649016420844,0.221879241056,0.550697922485,0.162521194375
0.0608106541287,0.0226571251175,0.0684815903497,0.848050630404
0.186451251111,0.60547609641,0.148981485858,0.0590911666209
0.00297525117225,0.0948535644998,0.898237371915,0.00393381241263
0.225794644221,0.201542077392,0.378028732456,0.194634545931
0.297742093353,0.387842743416,0.169829791633,0.144585371597
0.000185073056876,0.263032860193,0.0909758009627,0.645806265787
0.0660698413342,0.152311367651,0.543106123437,0.238512667578
0.0552804057269,0.149686585425,0.520307210336,0.274725798512
0.345887810924,0.0143161206129,0.0283214223197,0.611474646144
0.0301949085222,0.578765579838,0.380457176106,0.0105823355338
0.89494554718,0.0725637472898,0.000762789265014,0.0317279162655
0.154120666583,0.478299946736,0.233768719457,0.133810667224
0.688165472588,0.143484817727,0.0637911582466,0.104558551438
0.0180347728661,0.834139632401,0.0936424897713,0.0541831049612
0.299876729994,0.572644738596,0.0853474011709,0.0421311302392
0.336109990323,0.127790968937,0.482887780206,0.0532112605335
0.0036580340099,0.00332147954196,0.459540676496,0.533479809953
0.147649651676,0.511546818267,0.287089427058,0.0537141029988
0.0116625117776,0.0330778729283,0.0166022696201,0.938657345674
0.373701914739,0.155484555553,0.239545226542,0.231268303166
0.0464525055979,0.845547077203,0.0352432746178,0.0727571425808
0.07710060065,0.0832403173055,0.342153052813,0.497506029232
0.64783039686,0.292137675706,0.0199528798992,0.040079047535
0.767069169333,0.00818797735343,0.162387987335,0.0623548659786
0.813737849756,0.00142213802547,0.0035769944948,0.181263017723
0.00886015853046,0.253851799117,0.0188851803365,0.718402862016
0.112799805948,0.471847274687,0.208897061369,0.206455857996
0.00188745631143,0.0218786774266,0.185534823892,0.79069904237
0.818298098401,0.0156132586647,0.0561859723062,0.109902670628
0.00374109731901,0.00170977110011,0.993944015545,0.000605116036237
0.445802840595,0.17789224506,0.256541400501,0.119763513844
0.046609095479,0.100930625156,0.0504098138776,0.802050465487
0.0783454522201,0.26790874158,0.557097202555,0.0966486036444
0.240279694785,0.153883549675,0.562654076038,0.0431826795018
0.143647690083,0.813732058101,0.0259461991485,0.0166740526668
0.56941286611,0.0998491018105,0.189824096579,0.140913935501
0.362888788972,0.00739224193742,0.00815733427788,0.621561634813
0.0961083676754,0.34794531112,0.533431643547,0.0225146776576
0.0721509399927,0.679134934839,0.229836637793,0.0188774873757
0.123826382231,0.640715371717,0.208123129526,0.0273351165249
0.568817744582,0.0539024232533,0.121113133699,0.256166698466
0.0450104715516,0.0209746296372,0.925337724637,0.00867717417373
0.798881273025,0.158241427189,0.020267449661,0.0226098501249
0.252270366492,0.46566197537,0.175697229659,0.106370428478
0.468716258,0.028406947437,0.430912134906,0.0719646596566
0.00123374195617,0.903546917799,0.0933467877381,0.00187255250694
0.10374333295,0.0802329146135,0.452705345906,0.363318406531
0.333787321132,0.551897492985,0.0342828757668,0.0800323101163
0.0109650185913,0.0738993739615,0.830311225456,0.0848243819915
0.124041971251,0.00220318459123,0.0196222993956,0.854132544762
0.0085418207455,0.0471614322402,0.233120971015,0.711175775999
0.193230740464,0.39696453494,0.337552485483,0.0722522391133
0.114816453807,0.526505875855,0.0597058986032,0.298971771734
0.00464365570728,0.376392030122,0.0427641496211,0.57620016455
0.0158221096736,0.384780157729,0.550291806658,0.04910592594
0.410359270132,0.0671705413265,0.382028856552,0.140441331989
0.114138210363,0.289658420629,0.425503693217,0.170699675791
0.00964481785976,0.0021465667013,0.43079763608,0.557410979359
0.240024561241,0.557111420343,0.0409649228319,0.161899095584
0.111080004688,0.0358394582316,0.819787328365,0.0332932087157
0.04744689217,0.407088402245,0.536322537797,0.00914216778797
0.0842009156733,0.343497548655,0.418707087854,0.153594447818
0.161522389958,0.0940198759758,0.696325229571,0.0481325044951
0.612834280512,0.0982600091577,0.170283168333,0.118622541996
0.0632863248962,0.675388167868,0.113324813002,0.148000694234
0.452971832071,0.0827020951721,0.0619982769551,0.402327795802
0.870113616979,0.0873513964842,0.0306910848275,0.0118439017089
0.128361797364,0.358701271249,0.113969718624,0.398967212764
0.0600153255073,0.375469736501,0.562793520404,0.00172141758756
0.580169129556,0.0263029973962,0.0761422832498,0.317385589798
0.0707233663495,0.296080847775,0.291041783475,0.3421540024
0.0068060500324,0.053124929996,0.0187385423484,0.921330477623
0.425258254991,0.0444961921469,0.0843162997038,0.445929253158
0.0216441094982,0.58387891576,0.0182572176065,0.376219757135
0.915737913256,0.0153882162018,0.0452201550261,0.0236537155158
0.0180203392524,0.453297946998,0.213753326282,0.314928387467
0.260913126335,0.264486312332,0.0426612370387,0.431939324295
0.945336820973,0.0100883205598,0.0193188101841,0.0252560482831
0.0917015662956,0.839157723311,0.0175008983248,0.0516398120682
0.0691588426941,0.0176795481237,0.688284778092,0.22487683109
0.148137827308,0.779275162527,0.0563070752642,0.0162799349014
0.382470672248,0.604236703768,0.00398595989609,0.00930666408804
0.0283380395134,0.696996774274,0.0917111492688,0.182954036944
0.0797812525071,0.0550315787535,0.00840624351039,0.856780925229
0.338378785907,0.518189122585,0.0422602922436,0.101171799265
0.162845702692,0.16944607434,0.368947312088,0.29876091088
0.0988590426274,0.135648364544,0.732807062903,0.0326855299258
0.254571110282,0.513547381172,0.0201764324385,0.211705076107
0.565159608295,0.416718040887,0.00854257697266,0.00957977384565
0.53465239078,0.0102568469402,0.0830676942574,0.372023068022
0.115144898925,0.244858802238,0.177410741589,0.462585557247
0.0829884080075,0.574455626057,0.341253369252,0.00130259668354
0.118148949368,0.737659872587,0.120698958441,0.0234922196031
0.27017630013,0.52555199101,0.199883984394,0.00438772446637
0.718567131379,0.116821639364,0.0265429891136,0.138068240143
0.834464074387,0.0380741569769,0.103395895755,0.0240658728812
0.277712321643,0.366198467145,0.285401537645,0.0706876735672
0.0497467708754,0.0571972012568,0.442072802755,0.450983225113
0.091761692001,0.547107658268,0.151109751771,0.21002089796
0.040851419505,0.378477433924,0.28311427148,0.297556875091
0.490343235794,0.087154784596,0.199890103154,0.222611876455
0.0827247418119,0.603849572486,0.228443650129,0.0849820355726
0.0326684496693,0.0115763610763,0.30553056856,0.650224620694
0.034827336234,0.344482327945,0.608293522903,0.0123968129184
0.0354495122498,0.136810628898,0.185541159807,0.642198699045
0.0538049018004,0.865735671873,0.0722106792053,0.00824874712164
0.0752737855826,0.302518465281,0.502093897217,0.120113851919
0.530973457537,0.179461186644,0.191681036881,0.0978843189388
0.866922996321,0.104767033211,0.0175412444561,0.0107687260116
0.464426844999,0.0192981731688,0.49060881735,0.0256661644822
0.189738038208,0.41607044929,0.231890106888,0.162301405613
0.12077849136,0.3226048173,0.243735250349,0.31288144099
0.332413575938,0.262215642684,0.0627512877542,0.342619493624
0.438428086785,0.0429661878113,0.482786755724,0.0358189696797
0.344980466209,0.140075083163,0.389202445868,0.12574200476