0.408626360561,0.417435688028,0.069360010069,0.104577941343
0.193403509987,0.525438870586,0.235463058525,0.0456945609017
0.888222516521,0.0856983131332,0.00073899751503,0.0253401728304
0.0839916629577,0.312318481944,0.5649189198,0.0387709352982
0.314485610084,0.574583694047,0.0816933535389,0.0292373423304
0.0260682717019,0.095652491943,0.797502274376,0.0807769619793
1.6781408714e-05,5.82818758343e-05,1.72572652847e-05,0.99990767945
0.24696902374,0.00188178383748,0.736020568893,0.0151286235296
0.951757446074,0.0318161042141,0.0159706131211,0.000455836590604
0.751495248491,0.0830899654008,0.122040927638,0.0433738584698
0.715831558481,0.244433634784,0.00294774430775,0.0367870624269
0.0281368987923,0.00173694701579,0.0019259957219,0.96820015847
0.750744524378,0.0958734305852,0.0651018880568,0.0882801569799
0.35260756174,0.273915501454,0.0339547306425,0.339522206164
0.0428815279478,0.22215522218,0.698907657232,0.0360555926404
0.301230977537,0.503684268454,0.0938353946886,0.10124935932
0.117296111224,0.297451071269,0.49631000939,0.0889428081169
0.622514638589,0.0715752414867,0.287270582669,0.018639537255
0.17059923199,0.18738686741,0.0653140848367,0.576699815763
0.0603369578576,0.096678780648,0.202466621396,0.640517640099
0.206496607896,0.563254039367,0.00276271512489,0.227486637612
0.0620717816666,0.147226535999,0.639199628843,0.151502053491
0.0449222786401,0.112548350123,0.434177011834,0.408352359403
0.0702700914472,0.0380494840758,0.692985008442,0.198695416035
0.988625442223,0.00619375004664,0.00310500662484,0.00207580110525
0.00211988587112,0.0714861640588,0.908416212448,0.0179777376221
0.131979537893,0.100940101853,0.685540929259,0.081539430995
0.905292254851,0.0622804896858,0.00574363133996,0.0266836241233
0.155090732921,0.0145779807544,0.361458033169,0.468873253156
0.889842734926,0.00817425689805,0.0902367460873,0.0117462620885
0.0286650147858,0.167674368332,0.390620771878,0.413039845004
0.399708073742,0.192481191051,0.0190598468897,0.388750888317
0.0919408647693,0.311780183752,0.347721144723,0.248557806756
0.0682745414989,0.500016093585,0.0678372003761,0.36387216454
0.817926698229,0.111493027038,0.0379500260799,0.0326302486528
0.23241970604,0.136392132754,0.588935118384,0.0422530428226
0.0834170544349,0.0538135947332,0.50224341762,0.360525933212
0.271656698357,0.11291642206,0.0497191852741,0.565707694309
0.0308823718275,0.783903134919,0.0500974170794,0.135117076174
0.0883444085547,0.0263709103133,0.837297523998,0.0479871571343
0.0960078111813,0.227765239117,0.654645661853,0.0215812878484
0.148336004608,0.767425316611,0.0433777438489,0.0408609349325
0.849807388389,0.0337392534456,0.0775062184004,0.0389471397646
0.194845770853,0.230045078751,0.559426601673,0.0156825487236
0.609853936031,0.194781997577,0.010685247658,0.184678818734
0.477746234398,0.422444176713,0.032931174175,0.0668784147142
0.0345407263545,0.338080769977,0.0963481244107,0.531030379258
0.00691541571313,0.050553161542,0.0222680200162,0.920263402729
0.984898970293,0.000682085107911,0.0125472743444,0.00187167025504
0.299286525734,0.488804213857,0.0948444985939,0.117064761816
0.143786053741,0.180577127443,0.236482279551,0.439154539264
0.883854599928,0.027694672283,0.0263986513032,0.0620520764853
0.317367796554,0.277459376043,0.229579226874,0.175593600528
0.0328179593838,0.191105991771,0.604840872902,0.171235175944
0.0467796221073,0.0340981236078,0.438702053683,0.480420200602
0.315187105659,0.339637600319,0.208765503169,0.136409790854
0.111774006756,0.536346601046,0.137789318404,0.214090073794
0.0696107180516,0.0133648842808,0.882472636029,0.0345517616385
0.980513729068,0.0112042698492,0.00546315749672,0.00281884358639
0.111821714695,0.0266928522619,0.639107757431,0.222377675613
0.382330883863,0.175162148459,0.0626192661649,0.379887701513
0.625112881388,0.170539538334,0.199622629725,0.00472495055347
0.265999965916,0.306168686257,0.0698976194815,0.357933728346
0.293967033726,0.516334367493,0.0682714072187,0.121427191562
0.00303716063639,0.994365475989,0.000259075501022,0.00233828787371
0.431758722631,0.469155340856,0.0961115050169,0.0029744314969
0.128835749995,0.609576000977,0.185350692078,0.07623755695
0.402095321717,0.291407703738,0.297606496276,0.00889047826995
0.268661706923,0.0799451378655,0.508297311597,0.143095843614
0.15033259149,0.308804335708,0.346281868432,0.194581204371
0.251400512873,0.272550513815,0.297121423695,0.178927549617
0.24914725397,0.447069584333,0.000889589310832,0.302893572386
0.0018508232078,0.00254608370187,0.424026024051,0.57157706904
0.020880990096,0.00770671059459,0.025625320341,0.945786978968
0.000458378492854,0.727285579497,0.231368094576,0.040887947434
0.721308822401,0.264237796879,0.0131123035472,0.00134107717281
0.124213551852,0.127116887883,0.560933184755,0.18773637551
0.0424574203601,0.42280364303,0.0542761746211,0.480462761989
0.420144316982,0.0801936002812,0.0318224123378,0.467839670399
0.967553080772,0.00153178220685,0.00866947895414,0.0222456580671
0.4847111117,0.244413228007,0.141696069276,0.129179591018
0.325440627626,0.0520345824182,0.0968038459361,0.52572094402
0.933214159862,0.0373119913103,0.0158108407,0.0136630081281
0.263564527159,0.296235291504,0.329452912435,0.110747268903
0.603760172426,0.182734200195,0.0214963699536,0.192009257425
0.593552938111,0.330132295566,0.0243207207587,0.0519940455639
0.0920576876849,0.120435569166,0.673432166177,0.114074576972
0.259522640851,0.141907038483,0.424893768699,0.173676551968
0.397266841313,0.00583674294781,0.406870431741,0.190025983998
0.0426936353128,0.512747777569,0.0508970660533,0.393661521065
0.0457164294297,0.52937938537,0.30051589876,0.12438828644
0.00344599714845,0.136151056097,0.856682179202,0.00372076755255
0.00691823692914,0.226882935912,0.212480921923,0.553717905236
0.436306447304,0.391084696611,0.000549926120636,0.172058929965
0.334933609774,0.015672315255,0.56843882454,0.0809552504308
0.156184499678,0.635594290337,0.199882845066,0.00833836491887
0.218645699642,0.124039587307,0.5505505932,0.10676411985
0.0348116760607,0.0271123760074,0.0296944338105,0.908381514121
0.217565497273,0.596430060466,0.0579976699382,0.128006772323
0.00212048568263,0.00917122702527,0.000768661019221,0.987939626273
0.171086705133,0.438230070992,0.381851292254,0.00883193162165
0.785134583712,0.0975935582341,0.116133459432,0.0011383986224
0.915501598781,0.0138194086194,0.000239527738605,0.0704394648611
0.0871901298747,0.338799113403,0.512387418442,0.0616233382804
0.268649156631,0.00905290366032,0.131552659224,0.590745280485
0.0070008567184,0.255626410475,0.0848461519595,0.652526580847
0.0116602912165,0.0752093343156,0.043964620199,0.869165754269
0.00910599111413,0.797295304217,0.00869138954289,0.184907315126
0.670201912445,0.016530894597,0.0637953710706,0.249471821888
0.21323337764,0.0204351710761,0.0912035752368,0.675127876048
0.0956346691276,0.220507656299,0.458294997671,0.225562676902
0.0436417122134,0.174513164134,0.105236691329,0.676608432324
0.580041210326,0.283665779031,0.132560040552,0.00373297009093
0.138811682293,0.0446633280196,0.508731837728,0.30779315196
0.15597150975,0.483131898177,0.337800098778,0.0230964932947
0.568255915325,0.313220529262,0.107194195577,0.0113293598358
0.0305261315267,0.0358020435112,0.0354528392795,0.898218985683
0.000567421721813,0.957865108238,0.0035475192446,0.0380199507952
0.326690389963,0.278718501056,0.187110540889,0.207480568092
0.116348906053,0.254104264964,0.364528292586,0.265018536397
0.0444311640619,0.247429389245,0.587557617325,0.120581829369
0.0606216105704,0.00945359522273,0.894911412331,0.035013381876
0.0473958724632,0.345168310534,0.555831280795,0.0516045362071
0.0572670287843,0.140258168429,0.199494804267,0.60297999852
0.0825228802626,0.662841267397,0.243049475701,0.0115863766392
0.303015499995,0.254155826373,0.419116484272,0.0237121893596
0.938525191259,0.0130835774549,0.0334357031408,0.0149555281451
0.0786594100267,0.279526371265,0.0358300184091,0.605984200299
0.0531687710494,0.0501700352017,0.323296047356,0.573365146392
0.0689905990939,0.527908136857,0.206503174919,0.19659808913
0.0598194976134,0.191577041561,0.561014198553,0.187589262272
0.531176525902,0.00175205364143,0.0851025817263,0.38196883873
0.162515682994,0.147374942465,0.0700473636037,0.620062010938
0.125258412106,0.196593400753,0.555804121052,0.122344066089
0.00196699427745,0.978180658153,0.00610294026676,0.0137494073031
0.00904550539842,0.64136362145,0.101574349791,0.248016523361
0.318657064766,0.268826878501,0.114931023148,0.297585033585
0.415839271225,0.107512027305,0.0201186847782,0.456530016691
0.118841444815,0.0848298436675,0.371391293646,0.424937417871
0.561973128405,0.0776735515877,0.101432671568,0.258920648438
0.556405205183,0.0606685139362,0.115064302336,0.267861978544
0.0147020375576,0.0186936747635,0.695340177166,0.271264110513
0.580713938915,0.0149174145364,0.0332645587387,0.37110408781
0.5885025044,0.00776276053464,0.114442336394,0.289292398671
0.00407617312057,0.314545433076,0.678569883375,0.00280851042832
0.015042824012,0.0783813063176,0.881272765771,0.0253031038992
0.00103274311826,0.822352192344,0.100626740394,0.0759883241435
0.457825567787,0.103528101575,0.276396981378,0.16224934926
0.21578418856,0.000424324711348,0.783575569222,0.000215917507221
0.011888359466,0.703376329232,0.00749984852423,0.277235462778
0.0959233589169,0.693493038342,0.0752835184216,0.135300084319
0.81469603144,0.0304813494269,0.140024087384,0.0147985317492
0.974637540409,0.00157722395886,0.00583320401035,0.0179520316218
0.347252325733,0.0788362928545,0.540576298736,0.0333350826765
0.628462457125,0.0624626510444,0.0487214590538,0.260353432776
0.835049177666,0.111839790999,0.0396534148786,0.013457616456
0.146661857721,0.0160308817325,0.020072689938,0.817234570609
0.871033672106,0.0189901253147,0.0940492447215,0.0159269578579
0.0360034638491,0.703372764161,0.243713803927,0.0169099680633
0.664095735418,0.0604269073622,0.143723552619,0.131753804601
0.0193649759923,0.0360086822296,0.761268063137,0.183358278641
0.454875188952,0.0748242202036,0.339252327454,0.131048263391
0.336436483192,0.409638987205,0.103315833405,0.150608696199
0.44142092278,0.077811645586,0.0687442768858,0.412023154748
0.103795885233,0.0337581896258,0.0616481241768,0.800797800964
0.00566007526872,0.777206235429,0.215043701434,0.00208998786855
0.28585082642,0.374436407162,0.180769618194,0.158943148224
0.0224982058561,0.83024467125,0.0803535365388,0.0669035863551
0.00651041344171,0.0443439329342,0.933387147917,0.0157585057075
0.220930754278,0.662299443944,0.0902384514067,0.0265313503718
0.142826713987,0.239998592655,0.17165042882,0.445524264538
0.0146278245716,0.949314941071,0.0302531852779,0.00580404907939
0.00197785602906,0.00944570510879,0.940697596386,0.047878842476
0.086166386424,0.133161733345,0.143102210641,0.637569669589
0.141438079672,0.0803060854597,0.567669675189,0.210586159679
0.158046766027,0.0963523024114,0.593647454944,0.151953476617
0.242985999751,0.34806671375,0.0945299410982,0.314417345401
0.00844902572157,0.661865904814,0.00792975789329,0.321755311571
0.000124016171583,0.121203706112,0.849488805929,0.0291834717868
0.118292649913,0.275745338514,0.324597258732,0.281364752842
0.105443938217,0.0384861846013,0.627244397504,0.228825479677
0.287586750077,0.63112038087,0.0481373067816,0.0331555622715
0.0184200272392,0.711325796955,0.223196696946,0.0470574788589
0.205979581472,0.0834020217949,0.689332476247,0.0212859204857
0.240024867284,0.403911422029,0.261249336025,0.094814374662
0.00733894196911,0.267519055618,0.705252102187,0.0198899002258
0.310170064913,0.0466687014998,0.154607976142,0.488553257445
0.285086382349,0.00829220414371,0.567701469789,0.138919943718
0.646410008612,0.0547957326978,0.174709266254,0.124084992436
0.135864931926,0.01002668504,0.00124628159809,0.852862101436
0.00297611009241,0.266743739684,0.661347548464,0.0689326017592
0.0612744092564,0.215532230189,0.677091188606,0.0461021719483
0.0223769220466,0.913894384227,0.0416415626105,0.0220871311162
0.0223383960584,0.769089494019,0.207274293223,0.0012978166993
0.229225244133,0.573570913673,0.0941285241079,0.103075318087
0.0138830898877,0.306951766788,0.00269972478364,0.676465418541
0.15686019793,0.0814346586215,0.130035696253,0.631669447195
0.830894596598,0.155808493351,0.0020555840439,0.0112413260072
0.0166182737284,0.0455068680618,0.105516701591,0.832358156619
0.362512190449,0.0933168777234,0.185188073532,0.358982858296