0.0478673389703,0.318654346458,0.556360429167,0.0771178854048
0.396362174686,0.232449128443,0.0502413520529,0.320947344819
0.018998840379,0.4001326312,0.0312864648634,0.549582063557
0.0611798808829,0.331745878613,0.228838006916,0.378236233588
0.978174042183,0.00839492955789,0.0122675172147,0.00116351104488
0.46127837648,0.0804707006427,0.21212898553,0.246121937347
0.207276402415,0.593878969311,0.192265646232,0.00657898204206
0.0177086180465,0.0294497203274,0.0981477461364,0.85469391549
0.00608966834939,0.00188076571637,0.00633294283851,0.985696623096
0.410151108029,0.00455667219296,0.379300521041,0.205991698737
0.141550894025,0.85702753703,0.000511423596052,0.000910145348404
0.00614791062627,0.327133078818,0.0640698128504,0.602649197705
0.790585020079,0.174511247045,0.0225293779102,0.012374354966
0.000248638404309,0.0008579406161,0.998651015471,0.00024240550867
0.626850833841,0.250892393357,0.00977779134944,0.112478981453
0.0269471885424,0.0769050913114,0.643766256076,0.25238146407
0.0308824119524,0.290497895259,0.677918476873,0.000701215916111
0.968513458016,0.0166884665128,0.00347127586516,0.0113267996057
0.215619769574,0.0768757953439,0.0721994584609,0.635304976621
0.0257367408069,0.887141292239,0.0738482670875,0.0132736998671
0.979607950298,0.00333064073481,0.00822186074468,0.0088395482227
0.0400533981598,0.0605441839056,0.276504693097,0.622897724838
0.756797466492,0.0267333223203,0.0232781396167,0.193191071571
0.034105487059,0.917168384794,0.0487042755936,2.18525536316e-05
0.21098278239,0.0634443932978,0.437724201431,0.287848622881
0.103425685741,0.769542279968,0.0664961526931,0.0605358815979
0.395868858196,0.00082227956544,0.558776306302,0.044532555936
0.984690275234,0.00121578350528,0.0133151156087,0.000778825652005
0.687994241631,0.162944738004,0.0461499705223,0.102911049842
0.0142072774734,0.00966071463838,0.925971001389,0.0501610064991
0.0634751312939,0.870671727483,0.0508520278167,0.0150011134062
0.380716574744,0.147460320195,0.125614994099,0.346208110962
0.319031740844,0.225757340997,0.164786681734,0.290424236425
0.184421729274,0.152550727709,0.244735475723,0.418292067294
0.195087106116,0.160008188503,0.636576200996,0.00832850438488
0.0261187244598,0.0198251553816,0.852810043639,0.10124607652
0.196861587653,0.317857878319,0.0428368522808,0.442443681747
0.0168935716708,0.0859529906325,0.895690381189,0.00146305650751
0.163265888416,0.356024455889,0.454844333636,0.0258653220584
0.110924596174,0.428547133456,0.398200440226,0.0623278301437
0.0377156770052,0.888182440512,0.00105398180274,0.07304790068
0.50116589118,0.0930516519872,0.263408103319,0.142374353514
0.00813014832716,0.339772801373,0.182584455284,0.469512595015
0.523402472977,0.153477649956,0.222832938211,0.100286938855
0.970977334099,0.00377637950028,0.00372866824174,0.021517618159
0.175764905701,0.184861607568,0.628706156518,0.0106673302123
0.0446903837965,0.63277257475,0.156517891864,0.166019149589
0.000448711537464,0.00541289740736,0.0292010077822,0.964937383273
0.0086646806078,0.975492903529,0.00301276760389,0.012829648259
0.0467795386593,0.094154612677,0.651302556136,0.207763292527
0.937083970517,0.0112520532371,0.0445750021851,0.00708897406119
0.0731337508791,0.0662832775964,0.244646155148,0.615936816376
0.763915406587,0.0589739126791,0.0184390330905,0.158671647644
0.00578850407489,0.563364230911,0.326316795064,0.10453046995
0.279028335264,0.0103446057336,0.571004591508,0.139622467495
0.0223203526627,0.00913481009487,0.549072754846,0.419472082396
0.0332089249025,0.0653306890049,0.787570701084,0.113889685009
0.0113318066876,0.281065494986,0.277245541728,0.430357156598
0.017412523134,0.107865412977,0.665413630304,0.209308433584
0.596109629061,0.291934104843,0.0104205721333,0.101535693963
0.00641371146636,0.0862528220401,0.12625533136,0.781078135134
0.00277419922114,0.453389181413,0.0969415061534,0.446895113212
0.0242550528844,0.203240983574,0.761250776093,0.0112531874488
0.170090090426,0.0482453285283,0.700929728607,0.0807348524392
0.0331055684347,0.527464429119,0.254858922212,0.184571080235
0.863545205677,0.0415047326568,0.0464013241673,0.0485487374985
0.0787924798127,0.368317147145,0.25832890473,0.294561468312
0.242263684,0.186248677155,0.278084127361,0.293403511484
0.0466172382519,0.171143743352,0.539224972082,0.243014046315
0.821053827603,0.0410504003238,0.0503963497044,0.087499422369
0.0570137225202,0.933925255816,0.00284943970903,0.00621158195456
0.883718423791,0.00290093347193,0.0235081652449,0.0898724774923
0.129112104539,0.0191990164263,0.795131154552,0.0565577244835
0.600828179421,0.00475424826654,0.301580009061,0.0928375632522
0.0398833308119,0.0316127929152,0.0118846004895,0.916619275783
0.445463317749,0.0088455280783,0.0111861813558,0.534504972816
0.564367775885,0.321912988188,0.0538083356826,0.0599109002441
0.0373444660744,0.907874286386,0.0359135492461,0.0188676982933
0.0731919850788,0.0184934959245,0.00584901496465,0.902465504032
0.431906489387,0.201496361085,0.360122202225,0.00647494730307
0.56537550191,0.163356496849,0.20809805189,0.0631699493514
0.766654730559,0.221968991891,0.00839996626374,0.00297631128551
0.0590428575161,0.306479243558,0.166429430409,0.468048468517
0.454914354928,0.0711951344721,0.453120032164,0.0207704784359
0.372146992954,0.000343708856078,0.000986728371568,0.626522569819
0.0415630729813,0.387122411098,0.568695659042,0.00261885687906
0.278973088246,0.457638482703,0.129537502517,0.133850926534
0.0489370537126,0.948532827822,0.000672448798762,0.00185766966628
0.306783294443,0.12819224267,0.0345729871581,0.530451475729
0.17489032616,0.136864924231,0.346649345556,0.341595404053
0.3715774814,0.031255451313,0.0625342606359,0.534632806651
0.00278393699265,0.909871511774,0.0602807278389,0.0270638233944
0.066164650353,0.0481898472416,0.436080461218,0.449565041187
0.170665696873,0.303630838117,0.0390365482602,0.486666916749
0.189626858699,0.388414666303,0.417928295503,0.00403017949618
0.504068342716,0.112275703012,0.301791312744,0.0818646415276
0.339907574792,0.125111302598,0.150149270102,0.384831852508
0.0345157411275,0.0518425442414,0.344502821154,0.569138893477
0.0776408917331,0.316248977674,0.171894000811,0.434216129782
0.0158273779222,0.103009348835,0.838639077506,0.0425241957374
0.506391175347,0.121114126481,0.0952769276648,0.277217770506
0.366638280264,0.00218517036875,0.0666720309206,0.564504518446
0.242630259811,0.712199434631,0.0141636246745,0.0310066808828
0.214729578355,0.0260179832871,0.0184503499941,0.740802088363
0.120334573729,0.172569953369,0.0141996143867,0.692895858515
0.274515381459,0.129247168673,0.0268915116014,0.569345938267
0.780608447503,0.0764512446696,0.112368052398,0.0305722554298
0.349498936049,0.471375643329,0.0603887458329,0.118736674789
0.276433364228,0.147115019812,0.531906600962,0.044545014998
0.0600124933252,0.0844101958385,0.00410916695875,0.851468143877
0.132037910189,0.055048642864,0.6732282567,0.139685190247
0.00734979589771,0.377928084304,0.0183002602967,0.596421859502
0.56993589745,0.138059580987,0.274239747819,0.017764773744
0.0595787616582,0.876041019519,0.0283928546808,0.0359873641424
0.646525997778,0.00819290972128,0.311791065299,0.0334900272014
0.300208853622,0.409739753569,0.270202835541,0.0198485572681
0.0508890345239,0.220891334639,0.41797351404,0.310246116798
0.844571689061,0.0759721124465,0.00595561580251,0.0735005826905
0.112156445676,0.0719606628814,0.0269838623378,0.788899029105
0.00382930755147,0.00738834012956,0.378865900392,0.609916451927
0.84151820878,0.000590245902248,0.0191265880015,0.138764957316
0.413444640859,0.0736887503678,0.325859134047,0.187007474726
0.299338510244,0.257189721485,0.380167978879,0.0633037893914
0.184076725583,0.237607244401,0.557161043985,0.0211549860311
0.0466177038031,0.299390438302,0.122539090576,0.531452767319
0.00914509022069,0.0344167662829,0.914552676743,0.0418854667535
0.0941894339842,0.201113834496,0.212089829642,0.492606901878
0.250399592557,0.725516898348,0.00010865338753,0.0239748557072
0.0011889121153,0.777278232059,0.189917512995,0.0316153428309
0.025251479403,0.0287858682234,0.615160212518,0.330802439856
0.0411814312113,0.0565814815939,0.0564080381236,0.845829049071
0.230331588101,0.0347689919429,0.637635095386,0.0972643245696
0.00288781438722,0.626486740964,0.363744020797,0.00688142385149
0.100388316937,0.0202617474414,0.0437226597227,0.835627275899
0.0226898915861,0.254567691635,0.716653443552,0.00608897322706
0.0178413442485,0.0221484007621,0.399535731666,0.560474523323
0.115981050108,0.376919454573,0.230056670268,0.277042825051
0.0167068014041,0.688853586326,0.00495108010883,0.289488532161
0.534771998478,0.297883070999,0.0802256796375,0.0871192508856
0.14503160413,0.0665838610359,0.223312313837,0.565072220997
0.00466469673983,0.0558223343857,0.0231445279701,0.916368440904
0.0685840464091,0.629430246029,0.0439922746346,0.257993432927
0.0260081460797,0.752420706478,0.00821144771858,0.213359699724
0.544565514664,0.306199555034,0.0589818893994,0.0902530409024
0.00182717923378,0.358158802152,0.604350365358,0.0356636532564
0.122192013582,0.25550009283,0.581875603959,0.0404322896294
0.0012147329906,0.940262356432,0.0519629266802,0.00655998389712
0.809100540109,0.0596066557761,0.0752535721625,0.0560392319527
0.394649855874,0.0826686591072,0.40463540619,0.118046078829
0.670456012641,0.237636745652,0.0363471287345,0.0555601129721
0.00914818832032,0.0162433349494,0.971421539971,0.00318693675975
0.635163213468,0.114230795324,0.157705556831,0.092900434377
0.250680921126,0.385222848085,0.0512921140779,0.312804116711
0.660725421909,0.156751664974,0.163488048405,0.0190348647119
0.580435136432,0.241645272152,0.122152747989,0.0557668434269
0.88696570827,0.0277282998869,0.00772191580914,0.0775840760339
0.0450547778212,0.217400741871,0.70906729731,0.0284771829979
0.00910659729216,0.879041046932,0.0283179493547,0.0835344064216
0.0418863627263,0.286313170223,0.666508636516,0.00529183053469
0.0915703544906,0.202738337822,0.131205569118,0.57448573857
0.0794701334794,0.428662406322,0.101275550499,0.390591909699
0.0301420530846,0.107982275264,0.714869577889,0.147006093762
0.664428333165,0.0233695155186,0.0611776114294,0.251024539887
0.948182018044,0.0172936795692,0.0202796846567,0.0142446177303
0.0223474991745,0.0827621289993,0.127358923886,0.76753144794
0.0900082025372,0.286235896313,0.182213195968,0.441542705182
0.0024246422326,3.00770866228e-05,0.332352382592,0.665192898089
0.280486696181,0.0459621634673,0.551829746264,0.121721394088
0.24100675967,0.011866939011,0.187137528074,0.559988773245
0.0667162498382,0.337018296368,0.175957404729,0.420308049065
0.242560382817,0.498169848162,0.114160951859,0.145108817162
0.0394463357261,0.914813083116,0.0241278856566,0.0216126955014
0.226664248828,0.572090936882,0.118732837189,0.0825119771004
0.10987434037,0.384206219137,0.431450857318,0.0744685831742
0.0433927432586,0.246093037816,0.595638542655,0.114875676271
0.276529723301,0.518458639345,0.0451726924069,0.159838944947
0.325478090191,0.082131314125,0.328526475343,0.26386412034
0.0101840831766,0.0386146739599,0.42404103023,0.527160212634
0.0791850796046,0.767223921261,0.0221813617405,0.131409637394
0.241003370671,0.091041749931,0.440094324391,0.227860555007
0.113614767924,0.13888012221,0.525280435667,0.222224674198
0.855980072765,0.00464979623397,0.127749434837,0.0116206961632
0.481321180455,0.162437938037,0.157510983065,0.198729898443
0.948088397857,0.00317936890929,0.0421122863611,0.0066199468727
0.220002510997,0.266400857215,0.448490373476,0.0651062583123
0.0844865321021,0.393379127202,0.0508996213723,0.471234719324
0.00930263745033,0.20267608827,0.027396190675,0.760625083605
0.347805785171,0.00930640830239,0.454391014886,0.188496791641
0.340815535438,0.219816291802,0.0141940034636,0.425174169296
0.00674358392179,0.891437735576,0.059337554171,0.0424811263313
0.192859070084,0.0714381180173,0.499382914834,0.236319897065
0.73590964571,0.0179240223431,0.158391817705,0.0877745142413
0.343339644563,0.389417826344,0.230095039846,0.0371474892465
0.0397432869351,0.136307227486,0.0108765382328,0.813072947346
0.0115406492377,0.00931560311632,0.92695209804,0.0521916496059
0.317698516237,0.00849973928252,0.000547010670385,0.67325473381
0.545384278221,0.00365112029365,0.43561964968,0.0153449518055
0.335481178468,0.438152976326,0.0280279317056,0.198337913501
0.724857315335,0.0486371606681,0.105865184327,0.12064033967
0.155617004126,0.368599596186,0.275247686396,0.200535713292