0.619189741026,0.0444618819784,0.099656678712,0.236691698284
0.0201246102003,0.33443283622,0.0264523368507,0.618990216729
0.00535729358851,0.915814458629,0.0299022985491,0.0489259492336
0.474041105845,0.292494124748,0.141546340895,0.0919184285118
0.28878245976,0.025194790401,0.0632357946905,0.622786955148
0.440797704801,0.0813728912397,0.138640356511,0.339189047448
0.570112695153,0.132235461967,0.282832348549,0.0148194943307
0.493948820289,0.0444822762648,0.368719985702,0.0928489177442
0.556230140123,0.0165225815122,0.389659052253,0.037588226112
0.220316677551,0.218476649085,0.515263205442,0.0459434679218
0.758121281569,0.160015367996,0.0531908198,0.0286725306359
0.00971307971905,0.296093112927,0.601937719112,0.0922560882417
0.056351041326,0.448580693812,0.406817973976,0.0882502908863
0.553571118233,0.195017318888,0.0311328498738,0.220278713005
0.0418240602248,0.155984864185,0.69674829879,0.105442776799
0.0179243118523,0.617575843257,0.043001036953,0.321498807938
0.0336471476784,0.41964038371,0.285675002514,0.261037466098
0.101921741111,0.00871695590308,0.611740100765,0.27762120222
0.115439959943,0.650312543546,0.144580091807,0.0896674047042
0.0408087571278,0.151405850167,0.0016844417175,0.806100950987
0.138179304674,0.352113883015,0.348281463594,0.161425348718
0.35489887832,0.416328243166,0.220226413373,0.00854646514068
0.0162842723694,0.385864869338,0.161550819334,0.436300038959
0.444636641315,0.484743389827,0.0220453549353,0.0485746139229
0.470136668377,0.0943379582393,0.0905863214087,0.344939051975
0.994372467187,0.00070141852295,0.00342584610325,0.00150026818659
0.0927837363582,0.306280756843,0.424939138111,0.175996368689
0.0393295294788,0.0405887713752,0.900644596237,0.0194371029086
0.745870684559,0.204517030304,0.0107630830546,0.0388492020822
0.00101427977471,0.0308939873731,0.946486697967,0.0216050348849
0.013728466397,0.000479182207027,0.0315907916899,0.954201559706
0.620525245608,0.0845903665312,0.238678040055,0.0562063478061
0.0155280914743,0.0414268323737,0.919860298935,0.0231847772173
0.00366362551255,0.0885874851269,0.015491522175,0.892257367186
0.664798066736,0.0663235493022,0.13295141744,0.135926966522
0.00316272860173,0.0231489637255,0.898466500434,0.0752218072389
0.601081776814,0.0820884410052,0.174707438041,0.142122344139
0.133164419404,0.270493263292,0.545348405593,0.0509939117103
0.0138031184375,0.189717278398,0.786647087893,0.00983251527132
0.463079669142,0.0231840062161,0.124877302032,0.388859022609
0.344865615686,0.390282899391,0.250549051504,0.0143024334186
0.00264465134586,0.868185944353,0.101276771596,0.0278926327057
0.374267378719,0.0289375357,0.516029126656,0.0807659589248
0.0466238229028,0.144328495333,0.276245761761,0.532801920003
0.090097538465,0.704456196736,0.120863546932,0.0845827178665
0.650936215879,0.0224517168863,0.174636006168,0.151976061067
0.514295741799,0.0539500551029,0.365398747795,0.0663554553036
0.393285366159,0.122964367378,0.332016157739,0.151734108724
0.59291289099,0.0128611195308,0.155628417149,0.23859757233
0.305723927633,0.0596610325776,0.00156277325695,0.633052266533
0.00389732453791,0.0774956367241,0.205592897711,0.713014141027
0.104766107361,0.256446365771,0.111463652705,0.527323874164
0.28451937333,0.497526771851,0.0632847957144,0.154669059105
0.0827850825872,0.0569723812174,0.0221279937421,0.838114542453
0.148236545065,0.781969038249,0.0110680205302,0.0587263961553
0.613158110662,0.125641057531,0.103611153435,0.157589678371
0.135587019243,0.0281346655045,0.788873145393,0.04740516986
0.455941822521,0.174280928258,0.331281663724,0.0384955854978
0.215831289926,0.0592635147416,0.0501667416419,0.674738453691
0.143260212487,0.0979568465087,0.233201623207,0.525581317797
0.896156047083,0.0584292516902,0.0101118192226,0.0353028820039
0.0595742786502,0.69522105107,0.0224812121151,0.222723458164
0.0328835466885,0.0378403392755,0.594539751537,0.334736362499
0.0133242274575,0.163988500223,0.752890392643,0.0697968796766
0.210900009533,0.160323288499,0.503625147483,0.125151554484
0.0132787762065,0.942043553471,0.0267611635012,0.0179165068214
0.669257803601,0.0838308376708,0.148343869781,0.0985674889474
0.180640403041,0.449916473176,0.350326392039,0.0191167317449
0.507619747426,0.180821446743,0.0859386378771,0.225620167953
0.0625358743854,0.329531381183,0.180477058318,0.427455686114
0.0140912885217,0.0733981326943,0.880791519611,0.0317190591729
0.0210155981839,0.199669536205,0.570728805817,0.208586059794
0.0673787916188,0.094220864397,0.207311139286,0.631089204698
0.771448492899,0.0212738883545,0.00281701915833,0.204460599588
0.679556984803,0.100036642052,0.0691690200208,0.151237353124
0.142731193772,0.0320328010662,0.200845896197,0.624390108965
0.851044328671,0.0120819340245,0.00947221551557,0.127401521789
0.627536541656,0.232153981211,0.136332938203,0.00397653893049
0.0866951415398,0.121125051068,0.342639886614,0.449539920778
0.00410691587274,0.00968460555213,0.958107205264,0.0281012733109
0.0770348330456,0.00792721430208,0.568615481086,0.346422471566
0.157609525634,0.0245576512475,0.785745593533,0.0320872295848
0.154336286757,0.388362572694,0.21428228146,0.243018859089
0.0203032930337,0.0843956589638,0.883427452831,0.0118735951712
0.0301570894949,0.829901999821,0.0200479515104,0.119892959174
0.262489850863,0.433813248954,0.268202741539,0.0354941586438
0.029882481578,0.580253486515,0.357965194214,0.0318988376926
0.72685714937,0.145434877501,0.00826374456397,0.119444228565
0.114150092748,0.147541950934,0.0300897841817,0.708218172136
0.0538803818385,0.0939823236565,0.73403152609,0.118105768415
0.106454075976,0.151905949454,0.260505127714,0.481134846855
0.733563444755,0.194575706537,0.0162944965853,0.0555663521229
0.0696363748182,0.297865790438,0.452717426141,0.179780408603
0.170648913207,0.00492920058282,0.781540193968,0.0428816922418
0.180810471824,0.502894193078,0.0811859543855,0.235109380713
0.0946226183787,0.132074557076,0.446231210889,0.327071613656
0.221069002745,0.193545598281,0.255497215877,0.329888183097
0.116110804451,0.193967633807,0.16307998575,0.526841575992
0.191401980064,0.101070509778,0.692814057679,0.0147134524793
0.0256153116305,0.442092962834,0.197799560688,0.334492164848
0.274891390152,0.055689073216,0.329853999665,0.339565536967
0.00147086625234,0.144166820791,0.000856377047305,0.85350593591
0.540789449072,0.0989650241299,0.253967282821,0.106278243977
0.605961928933,0.184100898795,0.116014271859,0.0939229004134
0.367116765138,0.424191978351,0.0718548163258,0.136836440185
0.441571306095,0.0417881367199,0.0370383892254,0.47960216796
0.00574051077132,0.0142859511929,0.607628546322,0.372344991714
0.132596190448,0.0930617777931,0.260014986356,0.514327045403
0.376178427649,0.148278217523,0.451404869815,0.0241384850128
0.363556839228,0.372670626367,0.243389198096,0.0203833363087
0.0750048759313,0.515842324965,0.0100089978734,0.39914380123
0.505402425331,0.387600084727,0.00268955389376,0.104307936048
0.2070857437,0.36499857004,0.421762676554,0.00615300970625
0.137303731993,0.192132155075,0.116371462005,0.554192650926
0.437251272565,0.469971474731,0.0516605544661,0.0411166982382
0.496900553392,0.0863790478633,0.187026824175,0.229693574569
0.541745604876,0.299876075209,0.0435069397917,0.114871380123
0.196006936231,0.166824087538,0.597623304443,0.0395456717889
0.45335683401,0.0932546304883,0.00446414267167,0.44892439283
0.641945299889,0.00281550316068,0.182337067452,0.172902129498
0.277758862746,0.445687501701,0.1675804964,0.108973139153
0.759144686633,0.0995816404982,0.0632906976256,0.0779829752436
0.0860986500466,0.850819430263,0.0331272121921,0.0299547074987
0.544687866975,0.0439098747559,0.0177234792212,0.393678779048
0.0166458913675,0.0707245107086,0.804347594061,0.108282003863
0.681018747589,0.107202102888,0.0227524709552,0.189026678568
0.0530903352466,0.704828123266,0.0616821066517,0.180399434835
0.0665009245389,0.0131329376309,0.831428250047,0.0889378877831
0.127311501881,0.811782771029,0.0147209500965,0.046184776994
0.0217456101792,0.608401152215,0.293329976601,0.0765232610042
0.213164195911,0.42188067748,0.066113923619,0.29884120299
0.125840902851,0.671092443387,0.0247747587045,0.178291895058
0.0531127920948,0.822974495488,0.0191907436454,0.104721968772
0.0497064412205,0.173035416606,0.398098726713,0.37915941546
0.616460478698,0.0597313289916,0.0350204254268,0.288787766884
0.0134305934076,0.218739119803,0.741849227914,0.0259810588746
0.494817098599,0.286151680795,0.082520532539,0.136510688067
0.30029819012,0.0477523971512,0.563446184752,0.0885032279766
0.0497207841152,0.0476762356473,0.0262395635386,0.876363416699
0.602883448955,0.113064757224,0.27476055532,0.00929123850092
0.0117988321235,0.356928974679,0.578203648643,0.0530685445539
0.278329873364,0.161377000803,0.242550091699,0.317743034134
0.14075936068,0.365720443484,0.285635292778,0.207884903057
0.0663763005563,0.179796641023,0.623669726822,0.130157331599
0.0520662590317,0.488984797576,0.361568919008,0.097380024384
0.100502355295,0.0477211025279,0.324580181353,0.527196360824
0.110585992053,0.520352292645,0.338181764501,0.0308799508002
0.128173256266,0.519678203184,0.0316834676883,0.320465072862
0.181842485376,0.18779345059,0.0418523270154,0.588511737018
0.150640614489,0.576472293377,0.0348578644149,0.238029227719
0.0875305975123,0.307824659513,0.570710266848,0.0339344761269
0.105988237283,0.497841835648,0.135387231053,0.260782696017
0.00208509149516,0.0652358162073,0.0293222624199,0.903356829878
0.381367801428,0.0125245436329,0.00803830115814,0.598069353781
0.666000004437,0.0397465571852,0.116509749757,0.177743688621
0.0522219203535,0.104290387164,0.31656840912,0.526919283362
0.683442745401,0.201201256111,0.0697630527242,0.0455929457636
0.497599984475,0.0841841205863,0.118767438628,0.29944845631
0.0136225623756,0.936760829418,0.0164535048516,0.0331631033545
0.880487175811,0.0787197883866,0.0172660173157,0.0235270184863
0.942158758802,0.0267898758019,0.0266413157737,0.00441004962265
0.0249953100103,0.101708247318,0.0653844468233,0.807911995849
0.960839246838,0.0116518089171,0.00388846147716,0.0236204827679
0.195718344475,0.597462939513,0.109198976394,0.0976197396173
0.331609736229,0.0360339866053,0.214245372903,0.418110904263
0.099573193206,0.550202674305,0.202388368949,0.14783576354
0.0312527114491,0.52569125608,0.240695092246,0.202360940224
0.314036296087,0.0572468604529,0.21771728347,0.41099955999
0.551393907118,0.0646806666663,0.160643358218,0.223282067998
0.0853540514563,0.137341283968,0.586975266604,0.190329397972
0.270229892343,0.148964703753,0.0046642368519,0.576141167052
0.595693680394,0.0469849136554,0.119351080991,0.23797032496
0.197851722268,0.137291674084,0.278246598615,0.386610005033
0.768800324182,0.0525038139416,0.0643372764783,0.114358585398
0.464668158878,0.513246122381,0.000824502829587,0.0212612159113
0.103028172477,0.547261581009,0.187893266445,0.161816980069
0.178325909897,0.62579054099,0.154904867553,0.0409786815595
0.813380451854,0.0580249389281,0.0997973425016,0.0287972667163
0.00604280444635,0.534256116401,0.143045567535,0.316655511617
0.348399590735,0.531059631431,0.0747676934132,0.0457730844209
0.84043885727,0.119129496143,0.0204228166637,0.0200088299234
0.0248276861535,0.148452081157,0.0214522020263,0.805268030663
0.747981203144,0.102246794595,0.131288120616,0.018483881645
0.0348417269775,0.151588676077,0.625428287393,0.188141309552
0.00796442911957,0.0171586390832,0.0017901657635,0.973086766034
0.0747370725272,0.10046116134,0.09317168141,0.731630084723
0.0774302614469,0.175745366184,0.516022601315,0.230801771054
0.283030386878,0.15315390201,0.337418519245,0.226397191866
0.00434122612657,0.95766133407,0.00129150416373,0.0367059356394
0.110524697529,0.00533411330107,0.819612512076,0.0645286770937
0.80243880512,0.0202780071678,0.0509929240411,0.126290263671
0.0211121873521,0.332617376405,0.345848533712,0.300421902531
0.385526716114,0.442659162564,0.150907595124,0.0209065261972
0.333613553708,0.19785665248,0.166601543539,0.301928250274
0.115871983551,0.158787452368,0.723277434265,0.00206312981608
0.0322379014288,0.302659492793,0.229460873512,0.435641732266
0.0363787967013,0.17086647609,0.028783891821,0.763970835388
0.634463512383,0.175166749065,0.071536876991,0.118832861561
0.00092704024385,0.0470984097521,0.878472028399,0.0735025216055
0.0158700294186,0.0279269628895,0.145068732858,0.811134274834