0.157557043651,0.0797367224187,0.323820672316,0.438885561614
0.327069871588,0.103404064927,0.419389567075,0.150136496411
0.832374216879,0.0129266082936,0.129641768141,0.0250574066866
0.0457551156621,0.567588416253,0.380017693676,0.00663877440863
0.134344757688,0.0953593116449,0.754117335095,0.0161785955722
0.922979959749,0.017096315427,0.0422027493088,0.0177209755153
0.0272800807536,0.801293526522,0.138550349321,0.032876043404
0.0687704203709,0.0865280762293,0.628278590694,0.216422912706
0.300985699696,0.0627462855027,0.395482224424,0.240785790377
0.751157094177,0.193008871634,0.0117650362935,0.0440689978953
0.0362656353381,0.762440402425,0.0950775860894,0.106216376147
0.174836309206,0.103726212987,0.261707364542,0.459730113265
0.150340079946,0.227992472374,0.476830458133,0.144836989548
0.577661264007,0.0370292731676,0.336542207184,0.0487672556418
0.275170009802,0.397273090642,0.108877654679,0.218679244877
0.17633576997,0.0735813909497,0.0904020082867,0.659680830793
0.0318231671675,0.642377629301,0.137530231216,0.188268972316
0.0141429610474,0.0112394396633,0.00227639713971,0.97234120215
0.0263598778179,0.651999700274,0.257599039589,0.0640413823199
0.195488892715,0.0300628887377,0.765820381431,0.00862783711609
0.203399033579,0.603337932491,0.114767868884,0.0784951650461
0.00344093619562,0.0970595934507,0.897390083827,0.00210938652697
0.311981498871,0.0427472097237,0.550093853091,0.0951774383139
0.00146917445944,0.111451459062,0.148599126414,0.738480240065
0.633887928884,0.22786617902,0.0319922217844,0.106253670311
0.0196573075541,0.977409575475,0.00102213274362,0.00191098422744
0.239823518077,0.0692868082727,0.642905094988,0.0479845786623
0.0293886353642,0.316874309712,0.0602069890948,0.593530065829
0.0462950536431,0.166798793344,0.173653166909,0.613252986105
0.859904393942,0.126731104006,0.0107666421272,0.00259785992434
0.89877991914,0.0760870776847,0.0100978036025,0.0150351995731
0.348332384907,0.145743954359,0.104421841176,0.401501819559
0.113224660218,0.058063175504,0.295922203817,0.532789960461
0.314533290394,0.311617267591,0.224583115255,0.14926632676
0.950273687387,0.00436748978634,0.0145532728561,0.0308055499703
0.00662672186625,0.928819823036,0.0231990864035,0.041354368694
0.0881796650507,0.490434009165,0.113966810631,0.307419515153
0.515983677047,0.293181320922,0.0378253013201,0.153009700711
0.104161386027,0.737442585708,0.0112234149018,0.147172613364
0.976170090633,0.00340196954419,0.0121047762038,0.00832316361859
0.0421643746796,0.015286642988,0.0425560504621,0.89999293187
0.573683476689,0.0150139328269,0.00502254386689,0.406280046617
0.0374263904827,0.80108125957,0.0622362164275,0.09925613352
0.315842561697,0.432243360617,0.0544496552276,0.197464422459
0.112389324105,0.0484198889981,0.606794090615,0.232396696282
0.449029578772,0.36223938583,0.124602517495,0.064128517903
0.0824184240333,0.0866399961457,0.0329439138117,0.797997666009
0.775797048503,0.217401246609,0.00636364129651,0.000438063591717
0.033571838477,0.741556246449,0.00736166945766,0.217510245616
0.0708087444575,0.0553187701225,0.421842350313,0.452030135107
0.441213527296,0.196556937856,0.160957194663,0.201272340185
0.0120544735524,0.0468740583719,0.0606742459806,0.880397222095
0.62532211763,0.178637394546,0.0224705417146,0.17356994611
0.099657766198,0.0628190437963,0.0499857935689,0.787537396437
0.402020557495,0.0243658612759,0.113136860653,0.460476720576
0.0359071384821,0.124639418411,0.0629052282533,0.776548214854
0.0665530158205,0.104286378747,0.807625620563,0.0215349848692
0.343172356113,0.0868893061357,0.538372126963,0.0315662107884
0.173641413058,0.0414194089183,0.00207671185906,0.782862466164
0.00022507872633,0.000653125688609,1.73167917871e-06,0.999120063906
0.157628122293,0.794114251324,0.0127950411989,0.0354625851843
0.00315841028996,0.9732800625,0.023543795275,1.77319353116e-05
0.0135597499548,0.853392230128,0.0815327274934,0.0515152924242
0.000918599099008,0.0113891082119,8.92329616703e-05,0.987603059727
0.953649782305,0.0316801735457,0.00669589956821,0.00797414458135
0.334985072792,0.078989264065,0.0874158499107,0.498609813232
0.283223406972,0.0704436282187,0.319744974127,0.326587990682
0.0313945855395,0.399054150046,0.0277927426545,0.54175852176
0.375408906899,0.154332756534,0.332890394753,0.137367941813
0.0636565877514,0.763635737933,0.0515601328123,0.121147541504
0.937038052037,0.0324894054179,0.0226749944868,0.00779754805804
0.0429307331118,0.115590812685,0.548940918384,0.292537535819
0.124126970976,0.365173101906,0.496428231654,0.0142716954634
0.936228536012,0.000566435710419,0.0622910281473,0.000914000130416
0.632146120672,0.296224928372,0.0644433016719,0.00718564928383
0.00384636994582,0.287458325594,0.031878858846,0.676816445614
0.228293051998,0.156338473572,0.554160159609,0.0612083148202
0.127248641749,0.35075060821,0.491679447584,0.0303213024571
0.901183272462,0.0319102768523,0.0293399006822,0.0375665500032
0.331264723006,0.0135227993658,0.545515279028,0.1096971986
0.7114958636,0.275864414001,0.00626806138937,0.00637166100931
0.0286307438834,0.0907939366528,0.861032800415,0.0195425190492
0.0524637097383,0.780240841121,0.149419745281,0.0178757038594
0.0116184009517,0.0440906899482,0.0218173798299,0.92247352927
0.846527626376,0.0967388067173,0.0159489838076,0.0407845830994
0.122123832274,0.0369529927308,0.470158296112,0.370764878884
0.236772041723,0.492856708944,0.226004010028,0.0443672393044
0.0283466771586,0.940303313316,0.0249447117475,0.00640529777785
0.00758976481633,0.00177793599312,0.989354227516,0.00127807167487
0.000108881324437,0.0425700726529,0.950491404186,0.00682964183654
0.0120976380286,0.473122507091,0.0736332677559,0.441146587124
0.499520697538,0.0966304938594,0.0967527951828,0.30709601342
0.226669608911,0.475967074232,0.260653628817,0.03670968804
0.00464773490232,0.0552017561562,0.00257215202403,0.937578356917
0.230403008219,0.501314704564,0.0629366330387,0.205345654178
0.00395158510097,0.0453393822595,0.00673169640194,0.943977336238
0.970643932766,6.96204043662e-05,0.0274983061005,0.00178814072929
0.211445883194,0.0633367473269,0.00181184013397,0.723405529345
0.86096228353,0.0957246456265,0.0421923015732,0.00112076927064
0.0379046872219,0.338140741046,0.33908844621,0.284866125522
0.136465229165,0.103548320482,0.172720832505,0.587265617847
0.0348729602513,0.135279544429,0.638695595206,0.191151900113
0.162790468634,0.350257105353,0.0864566970951,0.400495728918
0.275963426933,0.535110929851,0.100214465969,0.0887111772475
0.0469685626398,0.435415697183,0.0261668325873,0.49144890759
0.0112372826142,0.741055718078,0.000257814737599,0.24744918457
0.0346916374601,0.0597015238457,0.0810090415172,0.824597797177
0.114755640646,0.0238511931546,0.703203080006,0.158190086193
0.147206652604,0.299068709222,0.414433962437,0.139290675738
0.0303948154296,0.861084530257,0.0738268622044,0.0346937921086
0.381042625945,0.337742083894,0.230535945069,0.0506793450921
0.760940042621,0.00386193511111,0.0196372815333,0.215560740735
0.0721098137731,0.203298953843,0.319980168133,0.404611064252
0.000437134997317,0.000967639194519,0.943415549167,0.0551796766414
0.620407386762,0.271618136205,0.104966941895,0.0030075351383
0.0705083213376,0.0112335304043,0.0118255264186,0.906432621839
0.42178859408,0.212816136018,0.278870043338,0.0865252265642
0.0412561698998,0.353326806656,0.581465066037,0.0239519574066
0.534216608974,0.0011835466073,0.0228074164209,0.441792427998
0.146412900101,0.246853585413,0.070988587755,0.535744926732
0.121772112819,0.243908825887,0.298550932587,0.335768128707
0.266304355176,0.356906847767,0.318058716469,0.0587300805869
0.0704235405564,0.0275844798518,0.617289866863,0.284702112729
0.616562496459,0.317579542249,0.027372904466,0.0384850568257
0.0137888453942,0.0115321421318,0.617454232478,0.357224779996
0.505717870543,0.259501844122,0.0694077223983,0.165372562937
0.383957038575,0.206888324398,0.330433021673,0.0787216153535
0.203516086073,0.48727432457,0.00809050063011,0.301119088726
0.0955254740054,0.643627251559,0.0186306017339,0.242216672701
0.0254726628576,0.894319039919,0.0316619106341,0.0485463865897
0.0907999902828,0.187590302348,0.303958233048,0.417651474322
0.289181271002,0.321332029121,0.381632997386,0.00785370249116
0.131309861749,0.0150189999837,0.0876150764089,0.766056061859
0.368517725642,0.075846688997,0.0359360808409,0.51969950452
0.0430756005041,0.406078081717,0.200182644319,0.35066367346
0.289524686391,0.0781531557353,0.446895911268,0.185426246605
0.0396558439053,0.265851131804,0.325219396632,0.369273627659
0.0881353148896,0.0333713501056,0.00745571384243,0.871037621162
0.256709691253,0.0116168063048,0.693725088479,0.037948413963
0.190603743192,0.413113786357,0.241125497542,0.155156972909
0.0103429816723,0.0183992511194,0.274613511755,0.696644255454
0.967007577621,0.00595730625436,0.00252426321672,0.0245108529082
0.131902648235,0.0287900698697,0.0509733400858,0.788333941809
0.0244565277716,0.78738297626,0.0375848281427,0.150575667826
0.00882878929326,0.0347257373803,0.824163746712,0.132281726615
0.0819887973959,0.309557163325,0.315047489995,0.293406549284
0.809457830196,0.1898271419,0.000190153904451,0.000524873999251
0.178360095034,0.309928748051,0.305074220485,0.20663693643
0.0948159612642,0.335700189083,0.200963554217,0.368520295436
0.0407960561844,0.30746992451,0.0488455179328,0.602888501372
0.00149873900845,0.969677056917,0.0119105586658,0.0169136454084
0.660475235716,0.18193096837,0.0496668752585,0.107926920655
0.396274830352,0.253468642055,0.185545428661,0.164711098932
0.0955329805406,0.239622558479,0.2585595151,0.406284945881
0.0614579021615,0.17417932835,0.460490897974,0.303871871515
0.605304707674,0.254106069572,0.119660711583,0.020928511171
0.00828824889394,0.19501622891,0.449120991933,0.347574530263
0.0629235739321,0.680031722057,0.0810123624014,0.176032341609
0.383679542424,0.123976904833,0.303365669344,0.188977883399
0.868322059181,0.00709723065894,0.124217005373,0.000363704787298
0.236578771641,0.609164897697,0.0543299060948,0.0999264245668
0.265371589367,0.611102169482,0.0763220417825,0.0472041993685
0.355648351118,0.0548471886751,0.204963210298,0.384541249909
0.199142905127,0.679009209871,0.0468265080103,0.0750213769915
0.00125301642559,0.385535003979,0.104131730037,0.509080249559
0.535010288635,0.0518680070977,0.116704030659,0.296417673608
0.0585559235865,0.437705547886,0.115407138319,0.388331390209
0.013146854236,0.0211217973293,0.954164785685,0.01156656275
0.0858732889811,0.00500649666588,0.641796814405,0.267323399948
0.173666414369,0.260371841071,0.387272246744,0.178689497816
0.040387828666,0.458464295601,0.106126988474,0.395020887259
0.11474897382,0.0559532924224,0.619777811326,0.209519922432
0.292718123128,0.661842652103,0.0350068903348,0.0104323344346
0.0114334637507,0.421845129726,0.359744350735,0.206977055788
0.831387846982,0.126187224992,0.0242091302259,0.0182157978004
0.391424710572,0.191320991635,0.0954310800559,0.321823217738
0.00347530393581,0.867865873322,0.029781400392,0.09887742235
0.676661886159,0.0861703742349,0.172205091296,0.0649626483095
0.270852452755,0.0516959638593,0.238949740614,0.438501842771
0.050957019233,0.862107643019,0.0227632658219,0.0641720719262
0.00265797969499,0.398047395499,0.000762496805942,0.598532128
0.00427823939561,0.89904676166,0.000534099269157,0.096140899675
0.502878155552,0.0393740326291,0.206950771251,0.250797040568
0.218448545324,0.311760622265,0.0125509194976,0.457239912913
0.146377360049,0.0255888505692,0.715427637466,0.112606151916
0.150473258758,0.00565439114881,0.841456605911,0.00241574418245
0.00159115293539,0.0388625689488,0.0703870650052,0.889159213111
0.857726519383,0.079498895629,0.0100352900211,0.0527392949673
0.0126683936651,0.951136104166,0.035807405602,0.000388096566432
0.53889827031,0.319983297048,0.000161862231543,0.14095657041
0.239408410761,0.517625978626,0.21765840401,0.0253072066027
0.121241768154,0.132690637633,0.695062288601,0.0510053056119
0.0353478347486,0.467755652956,0.0183348655415,0.478561646754
0.0308521310837,0.512832516275,0.244202082989,0.212113269653
0.00973461288528,0.157560905044,0.0272172766605,0.80548720541
0.302314810077,0.502120905518,0.0666841315871,0.128880152818
0.519135261948,0.473252092259,0.00361843851314,0.00399420728031
0.35211232674,0.0960826649928,0.149773269045,0.402031739222
0.0672970849152,0.048710639372,0.467456035497,0.416536240216
0.0651239127527,0.177513962112,0.202479862977,0.554882262159