0.0397087949127,0.290946942654,0.397848506101,0.271495756333
0.00824730845582,0.0884202233104,0.0275105911131,0.875821877121
0.483689813299,0.0939411969767,0.0136238339652,0.408745155759
0.00777174228764,0.0258943744351,0.0657671474941,0.900566735783
0.218586589968,0.224601773672,0.0707654351305,0.48604620123
0.0426298105647,0.622243489234,0.149504649236,0.185622050965
0.0312519411102,0.141057538284,0.744444292764,0.0832462278418
0.02886725707,0.2307257306,0.635656822685,0.104750189645
0.220404658133,0.00845970482149,0.763543831183,0.00759180586299
0.108034354939,0.721325016096,0.0287972975198,0.141843331445
0.0980465642071,0.215156363045,0.443691719692,0.243105353055
0.0587157438768,0.340857273378,0.281594743944,0.318832238802
0.0638451914724,0.614042067739,0.0797004644268,0.242412276362
0.0336582586787,0.0641695308488,0.88774713164,0.0144250788322
0.696429885791,0.0109906045069,0.00329041724051,0.289289092462
0.0342027605296,0.0478731555598,0.856056146778,0.0618679371324
0.0294158048366,0.152657347277,0.37297893771,0.444947910176
0.430094777696,0.194547220254,0.299392831598,0.0759651704523
0.412599783495,0.0050327133572,0.306768861492,0.275598641656
0.324778898043,0.0404853299991,0.400872492958,0.233863279
0.0787146364478,0.235293808709,0.217004599015,0.468986955828
0.00326740674821,0.00333605199453,0.155093041302,0.838303499955
0.000610857455041,0.798942853687,0.169392319786,0.0310539690721
0.497184265842,0.325350751972,0.0841989959971,0.0932659861885
0.227124839667,0.0523674092572,0.0156201993194,0.704887551756
0.170436055245,0.491906588636,0.0178962204241,0.319761135695
0.730558427494,0.038974376523,0.226074022373,0.00439317361044
0.0278040295005,0.361906572867,0.461195155584,0.149094242048
0.00683204199989,0.48831709956,0.00556069809574,0.499290160344
0.430501671183,0.0379683976935,0.465528744645,0.066001186479
0.45638890034,0.247387339318,0.118939573729,0.177284186613
0.462074202283,0.104444726011,0.0208492350126,0.412631836693
0.190471082135,0.124401030032,0.545616038898,0.139511848936
0.245506040644,0.0912194765875,0.545079240381,0.118195242388
0.195569954064,0.197102752285,0.31242231919,0.294904974461
0.401809352201,0.00374153990643,0.00225441380823,0.592194694085
0.163276847262,0.0104851134582,0.0106185924409,0.815619446838
0.210447549408,0.0104957608487,0.0190932114768,0.759963478267
0.673679528365,0.286557520228,0.0225469402597,0.0172160111473
0.311965651497,0.294241817894,0.244531672285,0.149260858324
0.0524990625087,0.311712046653,0.612185255054,0.0236036357837
0.379173549165,0.125308197412,0.0098188108241,0.4856994426
0.225447751317,0.406019779008,0.00922619804608,0.359306271629
0.0119039765969,0.0237479835945,0.504812895872,0.459535143937
0.168177844236,0.13130339073,0.100113755712,0.600405009321
0.12480668181,0.630108681299,0.121847248381,0.12323738851
0.943912325034,0.000272194932426,0.0114132692477,0.0444022107854
0.738369570143,0.09517110929,0.0625979610961,0.103861359471
0.404072171077,0.13210305824,0.442876601451,0.0209481692313
0.00250169455646,0.0743819125866,0.811403134472,0.111713258385
0.00505312131623,0.329685747007,0.120822606679,0.544438524998
0.151788916821,0.509962805289,0.250038156535,0.088210121356
0.141267768653,0.649602757025,0.170263312911,0.0388661614105
0.100714154399,0.137194445254,0.727471853628,0.0346195467186
0.659254531048,0.119461302737,0.209223958616,0.0120602075996
0.00211964575396,0.0385528636375,0.840367839584,0.118959651025
0.1985911363,0.0604376646089,0.503890808619,0.237080390472
0.0637616285576,0.750233923515,0.183008310242,0.00299613768585
0.00587690459195,0.10740977974,0.0273436961744,0.859369619494
0.211259188838,0.169475721611,0.0446064444903,0.574658645061
0.455692171043,0.494082244356,0.0474134746087,0.00281210999278
0.00365724373752,0.938654382094,0.0543592356353,0.00332913853284
0.0423654235398,0.12097095492,0.382555350747,0.454108270793
0.256540518985,0.39083124017,0.137151934298,0.215476306547
0.228861790895,0.0170256262924,0.748738807655,0.00537377515763
0.0181366924836,0.169149332652,0.556827158345,0.255886816519
0.065913536699,0.0362984630654,0.196186665498,0.701601334737
0.0853765269601,0.0507574667254,0.453443521039,0.410422485276
0.558071089743,0.160458569371,0.0184107728329,0.263059568053
0.544328590373,0.0182458106811,0.434035728388,0.0033898705587
0.623501255957,0.0033436030066,0.353099704793,0.0200554362437
0.880640749287,0.00379372111375,0.0510111739646,0.0645543556347
0.0813697585701,0.802245772586,0.0801896240318,0.0361948448125
0.15031286684,0.0407292832385,0.0192338302021,0.78972401972
0.987022758643,0.00149745140206,0.01004859912,0.0014311908346
0.0277759401755,0.429942896859,0.458526204796,0.0837549581698
0.0912764140136,0.0619344959403,0.564018066807,0.28277102324
0.153845093719,0.551920756849,0.269534135729,0.0247000137041
0.191859444849,0.0245311918019,0.38358576423,0.400023599119
0.321850362358,0.175980005511,0.15711641854,0.34505321359
0.115231747936,0.312752364947,0.141994510042,0.430021377075
0.1939320462,0.213549351153,0.168487977656,0.424030624991
0.0857789868167,0.735473798688,0.0719922240777,0.106754990418
0.0178232200371,0.0255683433286,0.0247005852767,0.931907851358
0.090702331426,0.102136460865,0.750651529375,0.0565096783346
0.552909506878,0.180776291039,0.162667671756,0.103646530327
0.111262050635,0.0189283768267,0.0325703431308,0.837239229408
0.163499489112,0.549240259754,0.0391909815975,0.248069269537
0.171859561918,0.0424542396462,0.0862430177593,0.699443180676
0.000879543493458,0.319788314725,0.678507000581,0.000825141200329
0.257399946754,0.509703762337,0.0203793008416,0.212516990068
0.0492292078807,0.781290856968,0.167186688724,0.00229324642808
0.11712033981,0.20219267232,0.369872408895,0.310814578975
0.0681284376407,0.116437735013,0.792815175963,0.0226186513837
0.418752881247,0.033805347791,0.111124535199,0.436317235763
0.377711457318,0.115806627144,0.279652885299,0.226829030238
0.0318763360497,0.071322543979,0.808657303626,0.0881438163456
0.770922491247,0.179164098491,0.0256763805192,0.0242370297428
0.229019508087,0.154018557581,0.161344112696,0.455617821636
0.224033431299,0.108970533199,0.0244037514607,0.642592284041
0.271704980292,0.219435770243,0.151168959894,0.357690289571
0.0338538441129,0.245532188147,0.322560334373,0.398053633368
0.0304785853486,0.803626699405,0.016325936904,0.149568778342
0.00173009180179,0.998044222901,0.000117911657021,0.000107773640678
0.00130123265455,0.0106992571979,0.119667049367,0.868332460781
0.0698337223874,0.506702127089,0.227451426308,0.196012724215
0.225014613283,0.321947363163,0.299813370043,0.153224653511
0.507226029237,0.197501967378,0.226829369312,0.0684426340729
0.752309753969,0.0182594435946,0.205150349758,0.0242804526783
0.28993524933,0.0880044184374,0.545606276913,0.0764540553193
8.35833332376e-05,5.06635239317e-05,0.714344530668,0.285521222475
0.00104908891778,0.0283416547083,0.000222577241575,0.970386679132
0.025087049765,0.529358241734,0.399052328458,0.0465023800431
0.00429452028485,0.0199879098448,0.00992966598734,0.965787903883
0.970971087805,0.00291515869758,0.00594374709712,0.0201700063999
0.011864536787,0.0805080761444,0.80674911571,0.100878271358
0.117700543583,0.221540198604,0.254848192783,0.405911065029
0.266417716936,0.118910828435,0.338278596004,0.276392858626
0.16462936256,0.0159956990988,0.662852123641,0.1565228147
0.0329743636388,0.0072503732265,0.839084886609,0.120690376526
0.56811171142,0.013046464357,0.0388485524596,0.379993271763
0.646053932741,0.0219148391452,0.329658189888,0.00237303822549
0.271733543714,0.0249932525523,0.54446482451,0.158808379223
0.302181671983,0.458457966756,0.177316364824,0.062043996438
0.270423136431,0.0155181533287,0.671173637374,0.042885072867
0.0236651567505,0.149739740174,0.699274539773,0.127320563302
0.034453803222,0.0183675576814,0.314748962639,0.632429676458
0.11933803247,0.241633444525,0.351291073887,0.287737449119
0.0552496239502,0.22785859913,0.1312957564,0.585596020521
0.0116507329362,0.121824629542,0.778732186797,0.0877924507254
0.0242407658218,0.00400491739274,0.620251270255,0.351503046531
0.010163247756,0.0185395258292,0.875650794035,0.0956464323796
0.0905582740646,0.526700616672,0.34752431933,0.0352167899335
0.271878297979,0.382233312913,0.149975734499,0.195912654609
0.154562615911,0.168793346252,0.323311967975,0.353332069862
0.145352299966,0.107420525957,0.419249634108,0.32797753997
0.202638263608,0.127116800086,0.518347106043,0.151897830264
0.422896495991,0.0400904477964,0.52462760534,0.0123854508728
0.215555190075,0.147373707698,0.206796153114,0.430274949112
0.209926625089,0.105988684425,0.149658200866,0.534426489619
0.265893367882,0.140428496498,0.4711729542,0.12250518142
0.754853897937,0.111823478352,0.0559522976408,0.0773703260699
0.426207050048,0.530344929934,0.0103924837416,0.033055536276
0.00715235195331,0.588376339944,0.360536107831,0.0439352002724
0.186035429282,0.387627224081,0.273135035731,0.153202310905
0.412149812076,0.064625064973,0.0455779638637,0.477647159087
0.175200943354,0.271247117113,0.205641954798,0.347909984734
0.122564866674,0.213346233102,0.432210197002,0.231878703222
0.350145233811,0.0167221961881,0.0377159870832,0.595416582917
0.00148483406729,0.979592101279,0.0188499337496,7.31309037025e-05
0.0377040237987,0.838573593715,0.0245439265268,0.0991784559598
0.179829577444,0.524161683579,0.0353116749594,0.260697064018
0.366209184447,0.0301088991548,0.593877242079,0.00980467431882
0.000975286558873,0.915760530071,0.00334232537524,0.0799218579954
0.00740102354439,0.0190215472792,0.934843521788,0.0387339073881
0.15382788408,0.113567899459,0.664427474791,0.0681767416698
0.100576161265,0.685307162203,0.0235812064424,0.190535470089
0.347595264131,0.143548587395,0.0504196386477,0.458436509826
0.00320332458258,0.800664311934,0.169695834324,0.0264365291592
0.0224589257052,0.14245696385,0.0445803836318,0.790503726813
0.296998866514,0.375072053209,0.0740279048859,0.253901175391
0.0680345695517,0.711608563792,0.0431675926453,0.177189274011
0.0866179270399,0.116122321814,0.523804740507,0.273455010639
0.16287162881,0.0952251415112,0.694968923215,0.0469343064631
0.00743745223251,0.293568259821,0.381750059878,0.317244228069
0.0213618336417,0.0531997670585,0.562726379311,0.362712019989
0.594765694083,0.259596606958,0.123327241359,0.0223104575991
0.248205721369,0.627727145749,0.105879855676,0.0181872772065
0.11302208328,0.468968363085,0.0921986302071,0.325810923427
0.188895120206,0.0544281184924,0.614476918505,0.142199842797
0.0760168879122,0.102761262325,0.269571224751,0.551650625012
2.03175484655e-05,0.377874522952,4.70943425318e-07,0.622104688557
0.291352855658,0.396580265536,0.0479483554432,0.264118523363
0.422400152412,0.0177694631935,0.373882651566,0.185947732828
0.110315719671,0.288887486357,0.554905946546,0.0458908474254
0.242221983871,0.0091109506391,0.733712626169,0.0149544393204
0.0205135830444,0.185486455429,0.0280663996721,0.765933561854
0.00322880760643,0.178047814406,0.0216359762234,0.797087401764
0.0109571413225,0.0156257112629,0.00579264680617,0.967624500608
0.124419511752,0.253149909745,0.0465542745111,0.575876303991
0.364771358947,0.00257025269042,0.0134448737866,0.619213514576
0.148189786745,0.128870229243,0.0199829319912,0.702957052021
0.83365892957,0.0167231028945,0.124542828521,0.025075139014
0.0404421172091,0.199531217745,0.110076402758,0.649950262288
0.194287897735,0.199744236243,0.365301205665,0.240666660358
0.0418308383693,0.0799599636978,0.237317106173,0.64089209176
0.0653622363465,0.0600228544342,0.712382485725,0.162232423495
0.0726742668708,0.0708229114414,0.785267844961,0.0712349767264
0.183023796864,0.100112713008,0.485113676933,0.231749813194
0.0859069422091,0.313552455495,0.0350329300479,0.565507672248
0.0554829478233,0.486024143025,0.0373682160082,0.421124693143
0.34950129307,0.00868220378077,0.367151677293,0.274664825856
0.0579996153992,0.179284579517,0.0700454490608,0.692670356023
0.0230515402947,0.141165733381,0.534990705736,0.300792020589
0.159977783697,0.0435426335258,0.793300818682,0.00317876409499
0.0686194061557,0.00151836305568,0.609642429761,0.320219801027
0.332682125633,0.0316053190835,0.0288823996387,0.606830155644
0.315288740878,0.0801107375514,0.0341420047518,0.570458516819
0.929554324378,0.0180104079498,0.0417807446833,0.0106545229892
0.0718557923329,0.0741258270365,0.67158423309,0.18243414754