0.0517346009646,0.251956786417,0.0923932351041,0.603915377515
0.0301761739543,0.0441108485961,0.392789324678,0.532923652772
0.118188942076,0.204974800984,0.413887561873,0.262948695066
0.618956743331,0.0647582686102,0.225191175996,0.0910938120622
0.0396478576004,0.170860668127,0.254685327064,0.534806147208
0.0446184545115,0.62325146959,0.259217453746,0.0729126221528
0.732534390763,0.113312704466,0.0662352373253,0.087917667446
0.086747473131,0.0700999366352,0.123906550854,0.71924603938
0.0733925511876,0.0823141302069,0.433754207877,0.410539110729
0.021093275701,0.000182051890566,0.0109869168291,0.967737755579
0.19511630075,0.132441319033,0.372365522698,0.300076857519
0.892355996628,0.0129192205019,0.00153247630151,0.0931923065682
0.462781167061,0.356806438836,0.0651170484095,0.115295345694
0.530305667805,0.173931743757,0.210432712714,0.0853298757242
0.079243545496,0.71663985841,0.144933338107,0.0591832579871
0.309675731984,0.688615256633,0.000889453191364,0.000819558191064
0.558658291118,0.00350400378339,0.204416721784,0.233420983315
0.465018785025,0.145951314249,0.152839652951,0.236190247776
0.338162665199,0.11108813814,0.441593977762,0.109155218899
0.0778842774993,0.467834196574,0.030996204767,0.423285321159
0.218600744644,0.171825599798,0.241062037847,0.368511617711
0.194507825927,0.241804184292,0.0213466632423,0.542341326539
0.434221321206,0.400686260841,0.109232897763,0.0558595201903
0.716571162706,0.104015671657,0.0685687534257,0.110844412211
0.231910055473,0.200838620274,0.563092161179,0.00415916307403
0.0889997989479,0.131811612644,0.650460059962,0.128728528447
0.209444890691,0.0016107275079,0.00775350314714,0.781190878654
0.107000186533,0.655493274704,0.214909592923,0.0225969458401
0.504195440914,0.0665478943312,0.352777471542,0.076479193213
0.0731594189193,0.0218627041967,0.278114084386,0.626863792498
0.238266343252,0.0969572458168,0.491870505157,0.172905905774
0.0105523561094,0.0144086400224,0.352148679714,0.622890324155
0.245364084513,0.148425537955,0.188029804835,0.418180572697
0.000239066688523,0.00171603018492,0.565674808273,0.432370094854
0.0472190224834,0.109895730299,0.812784259677,0.0301009875412
0.033426280453,0.291643137962,0.00860683578039,0.666323745804
0.507634375753,0.12554343666,0.0602202713914,0.306601916196
0.0219267311162,0.329697374056,0.629894391312,0.0184815035152
0.996515038859,0.000132276627952,0.00330452659459,4.81579187915e-05
0.542881471256,0.00834543439995,0.393843381807,0.0549297125371
0.0741740003623,0.403303834643,0.0941530207394,0.428369144255
0.510044303837,0.0535244174451,0.100296374578,0.336134904139
0.00543296983125,0.175238915532,0.623985791718,0.195342322918
0.301243651443,0.193886648221,0.416433857074,0.0884358432616
0.819478670791,0.0295984901862,0.118115437839,0.0328074011839
0.290767190777,0.611462911261,0.0266941467376,0.0710757512242
0.0115545314668,0.0114355225645,0.0475189812279,0.929490964741
0.249663425047,0.133007270636,0.560561417523,0.0567678867943
0.00682863096399,0.183516617795,0.00212820707909,0.807526544162
0.168943068502,0.499666223311,0.175566236404,0.155824471783
0.0733579382486,0.450552702017,0.396916583763,0.0791727759709
0.143120642111,0.787084249321,0.0405134319899,0.0292816765779
0.1313606626,0.0316736215287,0.228366610843,0.608599105028
0.663682449379,0.0941122099549,0.141196233925,0.101009106741
0.73270982895,0.0110544123714,0.233002937109,0.0232328215697
0.162619045351,0.312312255154,0.283324150735,0.24174454876
0.00863968582179,0.98186643368,0.0055347295447,0.00395915095327
0.0275724664587,0.00762763079955,0.0123866847119,0.95241321803
0.631444444606,0.0315325413907,0.0174432504648,0.319579763538
0.609116930536,0.35061163735,0.0041844540121,0.036086978102
0.0015890297771,0.47273266165,0.498642023427,0.0270362851458
0.415551821896,0.301107390304,0.01339679438,0.269943993421
0.0682863323099,0.592727498313,0.187851717004,0.151134452374
0.65595614309,0.0601816106394,0.0316786352361,0.252183611034
0.294576066931,0.135331175124,0.186299991625,0.38379276632
0.00101176364715,0.00204629088008,1.26271250206e-05,0.996929318348
0.00168735963935,0.904465699855,0.093146650928,0.000700289578017
0.0368694557733,0.334853227416,0.435282541405,0.192994775405
0.122402597613,0.02702363849,0.76581782973,0.0847559341665
0.152182458791,0.78038959909,0.0412757641004,0.0261521780186
0.451029328419,0.0552250423313,0.135938348219,0.35780728103
0.0983025626809,0.10130675961,0.223989088545,0.576401589164
0.700522724823,0.137265225664,0.0999619775245,0.0622500719879
0.0562424735773,0.158550469533,0.156148997683,0.629058059207
0.102165075535,0.472318628289,0.163651012753,0.261865283423
0.00884579733229,0.968365706768,0.00300047375273,0.0197880221468
0.0329265053215,0.847583114442,0.0617954797854,0.0576949004512
0.0783344739081,0.151342998842,0.0592247860115,0.711097741238
0.0057556465364,0.329159679387,0.430199431578,0.234885242498
0.388002245335,0.367891991134,0.0583401807935,0.185765582737
0.448150371568,0.438740569788,0.0145508231752,0.0985582354687
0.0972771626947,0.238645526775,0.478864571786,0.185212738744
0.599343992778,0.00183054341723,0.110850733485,0.28797473032
0.578006071829,0.194659142872,0.0135812976004,0.213753487698
0.370592300972,0.377885297237,0.106634721189,0.144887680601
0.0071523887654,0.951550118246,0.00112315260158,0.0401743403872
0.144483360723,0.14225511305,0.531938366595,0.181323159632
0.0827336093535,0.518799074777,0.303244557412,0.0952227584579
0.119305593136,0.270172593833,0.0479226973125,0.562599115719
0.00447537206271,0.11092011796,0.115992917592,0.768611592386
0.122460936381,0.455636363998,0.136587742747,0.285314956875
0.776129850005,0.0113330917284,0.148960425665,0.0635766326018
0.0371233672019,0.147821663586,0.478102934947,0.336952034265
0.0152078132015,0.00787637112409,0.168435267062,0.808480548613
0.653592805402,0.179026805365,0.127892439991,0.0394879492426
0.0162790334247,0.933197613922,0.00721621912692,0.0433071335263
0.0665427320393,0.418132560327,0.15627223889,0.359052468744
0.206947284837,0.551809499233,0.237230164574,0.00401305135585
0.0389883163368,0.0317186689533,0.0377982627054,0.891494752005
0.20221827611,0.579719169133,0.000770219416979,0.217292335341
0.368928398933,0.0324275543468,0.575320327889,0.0233237188309
0.0364045016251,0.144596114583,0.385554258338,0.433445125454
0.926845232574,0.0714927775345,0.000790838708633,0.000871151182851
0.0811861392072,0.331273820354,0.362428058962,0.225111981476
0.0897143333929,0.00284514189594,0.247600979989,0.659839544723
0.390752562067,0.461501567505,0.077113438516,0.0706324319125
0.307583926243,0.170809034895,0.0741388292669,0.447468209594
0.0472320247554,0.161435772775,0.647383856971,0.143948345498
0.508761050467,0.0379661935707,0.151096729662,0.3021760263
0.0236835111425,0.551892647934,0.0744792675398,0.349944573384
0.075243149025,0.351033609438,0.0359057497194,0.537817491818
0.644669349472,0.0657499800165,0.0639424822185,0.225638188293
0.0356467926925,0.0401572576212,0.899911622932,0.0242843267546
0.60400831302,0.0545343805284,0.00727099894736,0.334186307504
0.260106423963,0.622628636553,0.114503397355,0.00276154212828
0.0619940749622,0.029304832984,0.413640047045,0.495061045009
0.258469555895,0.333942860026,0.0433586808992,0.36422890318
0.0492574965999,0.0436390854579,0.595164426533,0.311938991409
0.50240005157,0.399437835793,0.0662677591572,0.0318943534801
0.612617971084,0.161069637844,0.102870814466,0.123441576606
0.434978453842,0.268691901517,0.0686596681712,0.227669976471
0.0177616335091,0.897224319156,0.079846530217,0.00516751711837
0.120096116301,0.121127554745,0.646517188669,0.112259140285
0.291368721763,0.516024629846,0.034709393965,0.157897254426
0.00385469760849,0.0113749574383,0.00189488566955,0.982875459284
0.0702539940891,0.767241809629,0.0896448792417,0.0728593170404
0.875516135253,0.00293845803198,0.0121901857576,0.109355220958
0.0343925536638,0.401172642901,0.551264631245,0.0131701721902
0.817576765459,0.147236312921,0.0183076889092,0.016879232711
0.0943065070271,0.0354512135971,0.0832407749485,0.787001504427
0.184891654207,0.0491655005698,0.0901018416457,0.675841003578
0.00572304427518,0.0837343003037,0.612609815922,0.297932839499
0.0238502326795,0.639634535097,0.307143408503,0.0293718237209
0.205333490584,0.101481436895,0.523050420543,0.170134651978
0.00502030630103,0.942266968495,0.000944688518326,0.0517680366853
0.0307555625766,0.567359652705,0.0250829647627,0.376801819955
0.0706819073529,0.0431459988232,0.496680278653,0.389491815171
0.0738090020818,0.570826855975,0.246749168451,0.108614973492
0.204254649978,0.696012070211,0.0725192128045,0.0272140670058
0.308843632178,0.144157154094,0.353844702,0.193154511728
0.242859030344,0.225137860099,0.338990932092,0.193012177465
0.198093228932,0.309209073639,0.184287318214,0.308410379215
0.134840211908,0.217681932838,0.0335769311563,0.613900924098
0.0201741063221,0.918714524851,0.0106867551517,0.0504246136757
0.158768317056,0.717862769335,0.0743298608391,0.0490390527694
0.0284240390187,0.00467078285793,0.0388181166788,0.928087061445
0.0539776217209,0.580773378184,0.235882171124,0.129366828971
0.195683545517,0.271994501193,0.129293305322,0.403028647967
0.00178229350386,0.410013692986,0.422679235985,0.165524777525
0.775822357703,0.0404829834598,0.0868678946854,0.096826764152
0.43062944042,0.0590673844415,0.361923070956,0.148380104183
0.00878897934883,0.0501150777447,0.77340133111,0.167694611797
0.884748115979,0.0564682672411,0.0587662614543,1.73553258734e-05
0.0368620168556,0.0149367644025,0.914884732174,0.0333164865677
0.28998458079,0.294726381602,0.17648088383,0.238808153778
0.285777164736,0.309330481123,0.383075906703,0.0218164474372
0.641092830516,0.00132390093569,0.344990772071,0.0125924964766
0.149523886973,0.685868519039,0.0817744310757,0.0828331629123
0.00956949071168,0.646806431454,0.00604979159782,0.337574286237
0.551538137365,0.077902503819,0.00104493150471,0.369514427312
0.0946636128517,0.084406993559,0.674206524661,0.146722868928
0.167778874638,0.0743746439165,0.595414747595,0.162431733851
0.061912388693,0.0317625006523,0.0634133314606,0.842911779194
0.285882181947,0.143759274797,0.0501184240069,0.52024011925
0.566607844294,0.172779918419,0.239667266585,0.0209449707026
0.492813521442,0.00107582160664,0.0125110975532,0.493599559398
0.000388417255025,0.125586316682,0.00177095792195,0.872254308141
0.557804937716,0.101068948355,0.315416288785,0.025709825145
0.00314590947644,0.038263498332,0.00797769883834,0.950612893353
0.713287757808,0.0047538729781,0.272981853231,0.00897651598264
0.17124215823,0.79598043109,0.0326981562017,7.92544783887e-05
0.0650087104923,0.50601122946,0.0711607776679,0.35781928238
0.00772886829601,0.711892378552,0.229654259362,0.0507244937895
0.0125772694739,0.0625208369149,0.78116545822,0.143736435391
0.771290173458,0.0333554348103,0.179312097861,0.0160422938707
0.00163777194693,0.509489422555,0.487163053409,0.00170975208892
0.263386494577,0.15631142336,0.332230809232,0.24807127283
0.0790029025091,0.787693397158,0.0215713672176,0.111732333116
0.325603897482,0.193722995584,0.0183700163428,0.462303090592
0.293872922706,0.00239395187656,0.623307180689,0.0804259447279
0.0654322328595,0.1627593331,0.192125397959,0.579683036081
0.0199504528749,0.000263839116885,0.974184074478,0.00560163353053
0.322649080022,0.394408379954,0.265871332686,0.0170712073379
0.198058130823,0.0964548873111,0.665358279937,0.0401287019289
0.265103729218,0.057056587022,0.147566603454,0.530273080306
0.125360428353,0.333418483937,0.410353633378,0.130867454332
0.13375978021,0.101946985689,0.201097128584,0.563196105518
0.189868392354,0.00789374787048,0.580442914224,0.221794945551
0.018480432123,0.501564770619,0.000179561247557,0.47977523601
0.0981868964657,0.21187851922,0.435274801872,0.254659782442
0.000761985299216,0.00290556574585,0.00648741795755,0.989845030997
0.0457913764174,0.0154124092651,0.897916593427,0.0408796208909
0.164538389115,0.0720929664288,0.557381325428,0.205987319028
0.158883640287,0.582847585792,0.0737031495403,0.18456562438
0.509439436927,0.198825715338,0.110768828775,0.180966018961
0.363993709413,0.172166240632,0.120716378505,0.343123671451
0.658614964338,0.277570734239,0.00823849550189,0.0555758059219
0.0982173428041,0.195128436345,0.537960337467,0.168693883384
0.152682143308,0.431547726525,0.100312132562,0.315457997605
0.00440895008515,0.000352969650336,0.490788032972,0.504450047292