0.00314230759991,0.0247516025653,0.372366178044,0.59973991179
0.0301499088639,0.00258309994033,0.00966837078095,0.957598620415
0.477984266896,0.165032553366,0.088275350897,0.268707828841
0.126029734773,0.04887526395,0.0487703696212,0.776324631656
0.335562607146,0.0451201198309,0.0404309206078,0.578886352415
0.669530069673,0.221717171803,0.023517872719,0.0852348858051
0.0360825366648,0.113174053109,0.692352731798,0.158390678428
0.0211593474904,0.647235100995,0.302290288968,0.029315262546
0.00445428325151,0.815254100151,0.0136865800663,0.166605036532
0.0213680528735,0.0043913425573,0.370506066234,0.603734538335
0.886109922341,0.0165797757258,0.00381868148062,0.0934916204522
0.0167721977178,0.788123382831,0.113988006336,0.0811164131157
0.0346631917613,0.0956749463913,0.0239651704493,0.845696691398
0.283813716132,0.293527867997,0.421984530069,0.000673885801467
0.0633257902694,0.610621085498,0.217308507116,0.108744617117
0.155587907543,0.602185287477,0.0778996291818,0.164327175798
0.00179150331955,0.000328690333826,0.981733752601,0.0161460537454
0.0187880709989,0.2717014933,0.152135607736,0.557374827965
0.111250877987,0.336076952217,0.390284468983,0.162387700813
0.106359236977,0.600874881625,0.106986355741,0.185779525657
0.0270662020574,0.894955263029,0.0516311964103,0.0263473385038
0.13713895174,0.0874096800952,0.695858045941,0.0795933222238
0.0585137931285,0.428155233186,0.513223307902,0.000107665783208
0.271693052941,0.00812877849105,0.0200339235471,0.700144245021
0.167337544365,0.0356903665622,0.519649008973,0.277323080101
0.106184962614,0.780042657203,0.064094380673,0.04967799951
0.119964062716,0.843160710568,0.0305109934257,0.00636423329039
0.578407493746,0.134554961156,0.25902229566,0.0280152494383
0.0773654653582,0.0822594055385,0.0283103373056,0.812064791798
0.00689376084278,0.776363292432,0.00147555794061,0.215267388784
0.036672418852,0.00269567855815,0.914014742953,0.0466171596366
0.0233803277481,0.916020600853,0.055957213121,0.00464185827743
0.516474333784,0.187581438994,0.0424596687863,0.253484558436
0.353633958309,0.0228646705405,0.128358898269,0.495142472882
0.129414040489,0.345264896119,0.405906386536,0.119414676856
0.00554707407348,0.676282948263,0.285113394561,0.0330565831023
0.0296658341574,0.13317113167,0.599310670868,0.237852363305
0.58809694459,0.159136518419,0.00487741615949,0.247889120831
0.748614036385,0.0146070138254,0.0364357639372,0.200343185852
0.209198578703,0.0409569039318,0.12878722096,0.621057296405
0.285661370624,0.0333944178129,0.621644074433,0.0593001371301
0.278226296886,0.542407610359,0.0506586877322,0.128707405023
0.000117276369084,0.4525345712,0.00310100208399,0.544247150347
0.376397020677,0.0747529758363,0.432584916485,0.116265087002
0.920597397367,0.0216014160786,0.0536781429503,0.0041230436038
0.10616097661,0.817824103725,0.00148498396837,0.0745299356965
0.50117436842,0.0355371548009,0.327019713422,0.136268763357
0.120694450284,0.0601745045081,0.176278075462,0.642852969747
0.373548091945,0.297148365717,0.0164418573044,0.312861685034
0.673664411298,0.000250276840122,0.310389775507,0.0156955363546
0.112268567378,0.086386229374,0.701585059579,0.0997601436686
0.0891366469256,0.0176927417638,0.8824226127,0.0107479986107
0.194122226183,0.702380353404,0.0386202914574,0.0648771289556
0.247221272054,0.343841950048,0.168255034156,0.240681743741
0.437601751872,0.0185186681657,0.257307440554,0.286572139408
0.705553563646,0.2322545912,0.056494658764,0.00569718638968
0.211894180593,0.241257126306,0.0431452601766,0.503703432924
0.206883523084,0.00115629725553,0.396570047113,0.395390132547
0.136073274686,0.0025528829324,0.0512794249149,0.810094417467
0.00396245259218,0.00237970597944,0.835559914153,0.158097927276
0.171953970561,0.0226336225603,0.793630315251,0.0117820916275
0.205828005072,0.143596164974,0.0548376588452,0.59573817111
0.51057835631,0.121863442441,0.341552017174,0.0260061840746
0.506391640851,0.167272966335,0.0206126837071,0.305722709107
0.0033056321511,0.0727981128449,0.00104373062986,0.922852524374
0.281641374493,0.567172585304,0.14609273402,0.00509330618208
0.221104189021,0.680901623857,0.0116583721609,0.0863358149612
0.275552446305,0.108012879411,0.104139922322,0.512294751962
0.877694968221,0.106341047455,0.00166003890876,0.0143039454151
0.806801885891,0.00730173952065,0.181774299532,0.00412207505624
0.115239850031,0.0104160359973,0.505744872914,0.368599241057
0.0443195216856,0.330264895127,0.348182367485,0.277233215702
0.712335698689,0.178533971084,0.0769229204182,0.0322074098085
0.290691231336,0.0173571187234,0.689021095671,0.00293055426961
0.0154690904734,0.0478806702224,0.920963391422,0.0156868478819
0.0749565000649,0.300433672797,0.561222870225,0.0633869569139
0.238816302469,0.00126079150673,0.759243886645,0.000679019378716
0.15440208084,0.352616890156,0.360495196585,0.132485832419
0.0687203152588,0.273504846913,0.529166110163,0.128608727665
0.335083079733,0.414160437312,0.0922006816749,0.15855580128
0.121728998339,0.0406007459592,0.29987845198,0.537791803722
0.295219683808,0.330750697756,0.285047842361,0.0889817760758
0.0213090884082,0.161968659737,0.110974711206,0.705747540649
0.00368500316511,0.0563690759066,0.237814423188,0.70213149774
0.130722290755,0.423440294079,0.12447018494,0.321367230226
0.220161536552,0.704198308591,0.0312849282106,0.0443552266467
0.201149718609,0.508955394275,0.204817542975,0.0850773441408
0.211012520095,0.489377006804,0.131569642367,0.168040830734
0.000932326886573,0.105038973519,0.869182071513,0.0248466280808
0.378395533305,0.38444724399,0.154890162834,0.0822670598713
0.510674548545,0.226251628083,0.114392351949,0.148681471424
0.00393695915438,0.906342193263,0.00702125555692,0.0826995920257
0.544628330379,0.0185176375753,0.02169441337,0.415159618676
0.147049045341,0.197172934743,0.333380157726,0.32239786219
0.119635925925,0.238707021527,0.0884604316413,0.553196620907
0.129405283382,0.462293618722,0.0188563989103,0.389444698986
0.873528503114,0.0794589106442,0.00378866190701,0.043223924335
0.138820062124,0.166844636694,0.454182591512,0.240152709669
0.113681937694,0.000153787352867,0.475006910677,0.411157364276
0.0246165521733,0.0979919779354,0.0688104792837,0.808580990608
0.0446360701957,0.888419488808,0.0516707881863,0.0152736528099
0.09150334309,0.884114167717,0.0135210292903,0.0108614599028
0.511616241953,0.236849316095,0.131619938402,0.119914503551
0.994140897364,0.00242052741634,0.00105699176401,0.00238158345534
0.854273511162,0.0346676634977,0.0496979630208,0.0613608623191
0.0234480655713,0.060149811865,0.252612343099,0.663789779464
0.00968044073269,0.763144258016,0.141120138695,0.0860551625564
0.632150433308,0.36351879218,0.00302853030058,0.00130224421144
0.531811801995,0.00437035951187,0.387279968971,0.0765378695224
0.0102335061079,0.658689204272,0.307214803936,0.0238624856845
0.947151252358,0.0168189211393,0.015452080067,0.0205777464355
0.474405067845,0.0210525950928,0.458675845856,0.0458664912064
0.150416320743,0.10518872885,0.697076103081,0.0473188473258
0.574971842442,0.183212205802,0.0075995781005,0.234216373655
0.182432703743,0.061361055238,0.586806439904,0.169399801115
0.163766232346,0.207325251799,0.605661356956,0.0232471588999
0.124235746426,0.0111881284568,0.029146350315,0.835429774802
0.19255352094,0.100978564478,0.599310224228,0.107157690354
0.0518376363914,0.0456827578526,0.88829094054,0.0141886652163
0.0633670915528,0.207956662958,0.70390777436,0.0247684711297
0.475504819858,0.0578387391114,0.390460461839,0.0761959791917
0.933257559852,0.00544351079307,0.0207533251354,0.040545604219
0.263426337008,0.0644248593804,0.103474565886,0.568674237726
0.285721863148,0.383277741187,0.310624184838,0.0203762108269
0.132183547184,0.0181360904027,0.0300722505017,0.819608111911
0.00343301091165,0.0162255072562,0.979046639916,0.0012948419162
0.446849328832,0.0549883975794,0.364882421125,0.133279852464
0.180867851191,0.611142936778,0.0305175938552,0.177471618176
0.14533423718,0.363875090128,0.227821514402,0.26296915829
0.0580444977936,0.0201896831088,0.130848153409,0.790917665688
0.845326528257,0.0425091154921,0.0900781498886,0.0220862063618
0.501488294281,0.139062422106,0.114196986297,0.245252297316
0.181581771169,0.244099682946,0.40987048308,0.164448062804
0.377064667689,0.0418290325381,0.0262672474664,0.554839052307
0.44264531468,0.471069643035,0.0710930326464,0.015192009638
0.0109179624471,0.892658118646,0.0161400262057,0.0802838927009
0.294220763291,0.280333473964,0.271403933045,0.1540418297
0.572264208748,0.000703974749411,0.333600632805,0.0934311836975
0.283130385293,0.111506626428,0.19574478476,0.40961820352
0.0516926319204,0.658206532827,0.269269760035,0.0208310752176
0.17640487548,0.263652762588,0.526623148981,0.0333192129514
0.342103651451,0.167175492085,0.00498911132917,0.485731745135
0.0160702141029,0.497580336665,0.443380548271,0.0429689009618
0.313185619624,0.317908928027,0.349845268343,0.0190601840058
0.793841560101,0.0596444357844,0.130550029142,0.0159639749723
0.00427987942079,0.0111364188184,0.984231785101,0.000351916660029
0.213404555848,0.141008968691,0.480610854008,0.164975621452
0.30567526015,0.226493026864,0.11736585064,0.350465862346
0.190353690231,0.133143921007,0.10616855483,0.570333833932
0.160765918747,0.580724232901,0.150685530109,0.107824318243
0.00122015576612,0.00648478464087,0.298562685162,0.693732374431
0.117473027526,0.406424951966,0.229944376478,0.24615764403
0.0435674215809,0.643731995344,0.305423008676,0.00727757439992
0.286041595805,0.182534676473,0.507522068338,0.0239016593847
0.363405710535,0.369226354757,0.0707639737719,0.196603960936
0.0847293805856,0.0103460473299,0.898925429507,0.00599914257786
0.113824783817,0.374845707726,0.353775352095,0.157554156361
0.0227846952094,0.0157967954272,0.719652513839,0.241765995524
0.0231894143522,0.437909090705,0.513659111805,0.0252423831381
0.39071887524,0.0325784276035,0.379632313591,0.197070383566
0.0284879474773,0.0242916063638,0.184444885711,0.762775560448
0.0520057468666,0.72291632126,0.180483175818,0.0445947560553
0.493659188946,0.0373988126155,0.161078421542,0.307863576897
0.0365740401741,0.275479649406,0.492118489551,0.195827820868
0.38416364969,0.0954717451315,0.474277450122,0.0460871550573
0.108555417653,0.49196911136,0.0579906417663,0.341484829221
0.217945958909,0.32755502658,0.373771625664,0.0807273888463
0.0479035825399,0.0677747905386,0.220366761058,0.663954865863
0.196858722876,0.051596344455,0.234318803406,0.517226129263
0.995610692063,0.000679868463969,0.00337492860012,0.000334510872578
0.509680816884,0.0610763875661,0.373150594325,0.0560922012244
0.0275161241249,0.0292101675942,0.865288108423,0.0779855998583
0.0383672311287,0.460004672522,0.36760421753,0.134023878819
0.0327130007632,0.0299899402117,0.918114192026,0.0191828669994
0.320692786286,0.0409372787881,0.0811095729072,0.557260362019
0.0363645882497,0.864386269833,0.0937816513567,0.00546749056111
0.0240182325186,0.114630512109,0.581422935174,0.279928320198
0.011240391414,0.0635229181465,0.454164762253,0.471071928187
0.170547190571,0.271098673961,0.300404109147,0.257950026321
0.0887599922002,0.164908423365,0.621386758688,0.124944825746
0.00120547827295,0.928375478982,0.0646794375769,0.00573960516761
0.0071754860219,0.000134628268,0.000654715008349,0.992035170702
0.00964811698015,0.0804947161595,0.701599369062,0.208257797798
0.0998639367273,0.460020722226,0.0676070945573,0.37250824649
0.332284687554,0.282161714146,0.345390476961,0.0401631213386
0.316665032227,0.456172791716,0.0818448044018,0.145317371656
0.218969082386,0.0689448462334,0.667009844238,0.0450762271422
0.0979938937524,0.236268209572,0.637851127188,0.027886769488
0.353330247121,0.305156210688,0.0401174880223,0.301396054169
0.06938781015,0.367573557279,0.286540661361,0.27649797121
0.303059063868,0.603794608586,0.0238048721344,0.0693414554119
0.366884195059,0.380341221142,0.0516307780269,0.201143805772
0.019054195111,0.764195048593,0.026039387962,0.190711368334
0.560711161722,0.272254013531,0.15143814655,0.0155966781964
0.0563156763013,0.0243160612655,0.492724350797,0.426643911636
0.390824106661,0.0434559612119,0.471356011562,0.0943639205652
0.539651508345,0.000267339068488,0.00215341505269,0.457927737534
0.0366633763679,0.345582222688,0.255758967511,0.361995433433
0.00151018668263,0.968662058799,0.0140793033201,0.0157484511981
0.994207872854,0.00162789844158,0.00216009972262,0.00200412898139