0.0097411617998,0.700599513221,0.105458287483,0.184201037496
0.0224897717689,0.017435428098,0.00308849907658,0.956986301056
0.0429326276502,0.571062248324,0.301949110152,0.0840560138733
0.636345653025,0.0464746289633,0.0214203077216,0.29575941029
0.106745972878,0.164300829252,0.611345767393,0.117607430476
0.530838367068,0.0955211183139,0.323965856475,0.0496746581427
0.00992812380437,0.969744316986,0.00596881025216,0.0143587489575
0.218366810915,0.0405458800586,0.03429299738,0.706794311646
0.753905544604,0.000344507938767,7.65950703158e-05,0.245673352387
0.36524623883,0.108929597355,0.432774377271,0.093049786544
0.207300595688,0.256564137976,0.17979362979,0.356341636546
0.68600566248,0.0631802725242,0.0141120124843,0.236702052511
0.311889648704,0.224204583901,0.258819122303,0.205086645092
0.0967234010847,0.0142868304669,0.831903032303,0.0570867361459
0.0423633319361,0.0718467502229,0.0177982034318,0.867991714409
0.138806234493,0.096908596984,0.720601034369,0.0436841341541
0.369128998888,0.1922140842,0.427481886903,0.0111750300085
0.0674367057549,0.0123163618397,0.0441413265396,0.876105605866
0.353606381907,0.202023686762,0.0815200363035,0.362849895027
0.543002033076,0.115142020503,0.330757948509,0.0110979979123
0.0770201088896,0.0910443269759,0.675370790893,0.156564773241
0.803772039767,0.11413641697,0.0449756033941,0.0371159398688
0.320525065104,0.112570623786,0.507618713573,0.0592855975369
0.354306228884,0.420245449169,0.184857200223,0.040591121724
0.505190742397,0.0691601455934,0.244127938469,0.181521173541
0.58671243154,0.00425725978186,0.00206026881348,0.406970039864
0.3640696543,0.129266646898,0.436642438208,0.0700212605943
0.230969933372,0.000950965789326,0.562416500363,0.205662600476
0.450102374882,0.037072688487,0.0142761816466,0.498548754984
0.284264633743,0.585909637357,0.107215752626,0.0226099762739
0.108467235914,0.259459359193,0.594742220203,0.0373311846898
0.248586519454,0.482631656209,0.162576538455,0.106205285882
0.0627420480851,0.0419707993771,0.658872589966,0.236414562572
0.207417208831,0.18627014872,0.0484025510344,0.557910091414
0.223473979101,0.22320609378,0.491323602318,0.0619963248015
0.35665372941,0.00331358868009,0.120715155902,0.519317526008
0.0568737393775,0.0108343596213,0.200274707315,0.732017193686
0.270183456684,0.00579959519982,0.542118968501,0.181897979615
0.0379073746726,0.630870751063,0.0880747116064,0.243147162658
0.776357583699,0.0208243590388,0.16162921196,0.041188845302
0.682514404672,0.0255297530626,0.193934395607,0.0980214466583
0.328471075245,0.290140879476,0.147485703802,0.233902341477
0.206426480787,0.214005670018,0.00326429487983,0.576303554315
0.0846618348579,0.857662848726,0.0553921598932,0.00228315652328
0.0974859986153,0.170945942823,0.199296291343,0.532271767219
0.4810810332,0.212250803759,0.141364110339,0.165304052702
0.159328105674,0.251320968512,0.263150022247,0.326200903566
0.0527843470923,0.669843032314,0.24811491865,0.0292577019441
0.278932090675,0.61634836596,0.0871141837057,0.0176053596587
0.0267745229603,0.0107307196276,0.21957443739,0.742920320022
0.0279048673077,0.902915077405,0.0491610203317,0.0200190349555
0.383431146254,0.0748264390219,0.135040909731,0.406701504993
0.158991523141,0.622046517941,0.00537227843074,0.213589680488
0.384499626732,0.0413090376698,0.338923566315,0.235267769283
0.0969251969395,0.534550437626,0.357852806145,0.01067155929
0.323287613135,0.0974340125536,0.298114370341,0.281164003971
0.326433320474,0.0898915947412,0.478993140006,0.104681944779
0.000420619004993,0.760095209403,0.0260809428204,0.213403228771
0.188097928497,0.399107647104,0.155904384313,0.256890040086
0.0904766418493,0.492171036977,0.237824893661,0.179527427512
0.0269184702803,0.151319286203,0.24204638977,0.579715853746
0.37662435117,0.0524014750243,0.345728396943,0.225245776862
0.446277737195,0.045251891397,0.153781329857,0.35468904155
0.0493350334747,0.0913729971099,0.259236746096,0.60005522332
0.118212713565,0.0226626978805,0.714124117492,0.145000471063
0.222636368216,0.282576612641,0.235614892711,0.259172126432
0.178212788302,0.171202865479,0.404236493265,0.246347852954
0.299111047564,0.486519357744,0.0366405170022,0.17772907769
0.0122364844074,0.0112369250708,0.0171152285665,0.959411361955
0.0226853914454,0.285963394716,0.0763708072675,0.614980406572
0.52339539519,0.267494548779,0.0389699455872,0.170140110444
0.0466002442043,0.620572196171,0.236952751624,0.0958748080005
0.0184561047559,0.128565261907,0.136911354836,0.716067278502
0.0613524264829,0.786643788681,0.102391292631,0.0496124922053
0.0806108132358,0.6066686389,0.0646171165458,0.248103431318
0.766358047553,0.0753493515729,0.036107950916,0.122184649958
0.369851801865,0.0530872951648,0.528566956614,0.0484939463555
0.0679437652041,0.6067608578,0.176803266312,0.148492110684
0.0837819071717,0.791169661306,0.0411705395661,0.0838778919562
0.0408786227259,0.94620993548,0.00485016184703,0.00806127994699
0.166968369375,0.0913402285306,0.545366987896,0.196324414198
0.30485067367,0.327924013644,0.23382409624,0.133401216446
0.807979291359,0.00769988271462,0.0017077982815,0.182613027645
0.322217669194,0.625463315473,0.0131178179341,0.0392011973992
0.641961190921,0.0600194454524,0.288606633853,0.00941272977412
0.65930004036,0.0173455468751,0.298591663767,0.0247627489981
0.838389702974,0.0552485965781,0.0301481359747,0.0762135644733
0.0262075584486,0.147351030754,0.0304588850571,0.79598252574
0.0658453243457,0.040784153666,0.594364499366,0.299006022622
0.0920658009674,0.25150768596,0.458498630251,0.197927882821
0.0151743955671,0.00115153035808,0.0103637489048,0.97331032517
0.0045206497069,0.00190002381384,0.00743849789335,0.986140828586
0.00601405682695,0.002087276492,0.807489021769,0.184409644912
0.065990226459,0.0819494965743,0.676645610336,0.175414666631
0.0487553394689,0.0702993544124,0.847677051085,0.0332682550333
0.0702915262922,0.000415991535542,0.927816808097,0.00147567407544
0.118274488437,0.657061299898,0.22341915183,0.00124505983438
0.181253872388,0.223273422491,0.555731917532,0.0397407875899
0.0614130539469,0.0218595746113,0.823558925176,0.0931684462661
0.066107567171,0.019429929906,0.641811706366,0.272650796557
0.806003972645,0.0668650367406,0.0266491559548,0.10048183466
0.458111887119,0.142229350786,0.145741589873,0.253917172222
0.093200453047,0.312100138817,0.104352039654,0.490347368483
0.0900093999902,0.199501751438,0.136133062212,0.57435578636
0.119849837789,0.00838909699301,0.765669596181,0.106091469038
0.475346140783,0.183324742321,0.324317192022,0.0170119248747
0.847814599154,0.0441691826537,0.0943766540228,0.0136395641694
0.443779491209,0.0579460184826,0.227409058169,0.27086543214
0.617598049107,0.162182112022,0.0231952748356,0.197024564035
0.691044837955,0.14430344033,0.0819898078285,0.0826619138865
0.376316178274,0.0892740340616,0.457370906474,0.0770388811898
0.000349372364737,2.01696496879e-05,0.999156630908,0.000473827077186
0.541033165642,0.118064607204,0.299235806001,0.0416664211537
0.903113752712,0.0947424628186,0.00173915551518,0.000404628953799
0.0846200135334,0.447150394344,0.0435773388495,0.424652253273
0.0836709508848,0.800218585015,0.0139714446106,0.102139019489
0.116735802204,0.815818998312,0.0380667000192,0.0293784994639
0.36669323579,0.383325638745,0.197233531791,0.0527475936729
0.914201087742,0.0121552623369,0.043086731858,0.0305569180635
0.17788362636,0.743377671179,0.0675128291971,0.011225873264
0.796700123867,0.0298524273022,0.012544419916,0.160903028915
0.594693327705,0.371371487787,0.0329850030245,0.000950181483639
0.145447688285,0.0476224314587,0.769657767953,0.0372721123031
0.147789445122,0.0556648233598,0.326087966748,0.47045776477
0.0207016741841,0.0509781326592,0.0189828186468,0.90933737451
0.0844050173684,0.377119463907,0.376977866541,0.161497652184
0.175514454581,0.110541118387,0.0589228561215,0.65502157091
0.00144605451426,0.0284086368267,0.0518423553209,0.918302953338
0.0305566263301,0.419995483687,0.0524374412536,0.497010448729
0.0578530970981,0.536065111558,0.0131524209231,0.392929370421
0.249318751497,0.504096215319,0.142898209816,0.103686823367
0.239895009885,0.169665831499,0.281275186089,0.309163972527
0.214139325218,0.0208424440192,0.00541839825294,0.75959983251
0.424712222064,0.240654339824,0.067420975661,0.267212462451
0.201850220188,0.221088006442,0.0696450403465,0.507416733024
0.0616286724978,0.00356189666823,0.934195626865,0.000613803969429
0.574482866884,0.190908396462,0.217803397611,0.0168053390426
0.094810692399,0.0785443201966,0.604875981128,0.221769006277
0.00768124100555,0.899789155732,0.0472007394592,0.0453288638031
0.119381056686,0.0135987358669,0.840313957628,0.0267062498192
0.16768248033,0.102451345815,0.649102911608,0.0807632622474
0.530077550137,0.272134470431,0.122622769437,0.0751652099945
0.0214284927697,0.0605906381774,0.557139732186,0.360841136867
0.0139545773172,0.0143437197106,0.113924526152,0.85777717682
0.139064197029,0.300865983286,0.482446105697,0.0776237139875
0.00387521663502,0.705149089722,0.290000244826,0.000975448816797
0.204373308158,0.00458767081739,0.551939502477,0.239099518547
0.10543034494,0.424962097475,0.335197950265,0.13440960732
0.225031757598,0.00171673681257,0.21674143782,0.55651006777
0.187254843964,0.0263276645698,0.752834718581,0.033582772886
0.0533809664941,0.742827550266,0.156734737151,0.0470567460884
0.0531813458687,0.00140421712336,0.0114251107915,0.933989326216
0.00401829174993,0.98714291729,0.00878135463867,5.74363210959e-05
0.337987803607,0.0108786299533,0.533408912562,0.117724653877
0.00316197181577,0.101372990868,0.793736083115,0.101728954201
0.00808753065491,0.187732782848,0.80328556403,0.000894122467654
0.0748918604124,0.638548693789,0.140222785991,0.146336659808
0.169626238219,0.527650346014,0.0123004773772,0.29042293839
0.0664233280371,0.354453169755,0.529417738755,0.049705763453
0.325404603377,0.0482014541435,0.0468210218155,0.579572920664
0.0149640085088,0.613656136642,0.0270057514289,0.344374103421
0.261697322436,0.585526284687,0.0295811413955,0.123195251481
0.484810763319,0.0842924590359,0.180492504461,0.250404273184
0.233652826056,0.0484868032984,0.0692058389603,0.648654531686
0.15499186728,0.125934693931,0.00974829244353,0.709325146346
0.185144853313,0.0251515893729,0.18450834243,0.605195214885
0.100950787292,0.760389745308,0.102007025507,0.036652441893
0.0594026990806,0.543398525736,0.145415501519,0.251783273665
0.381271275552,0.0665478245165,0.519449854104,0.0327310458272
0.00501988677446,0.117282009834,0.0457092483377,0.831988855054
0.131341815391,0.0088036023545,0.524971823912,0.334882758343
0.25989071853,0.249699580916,0.0811787992435,0.409230901311
0.353967402869,0.587028576561,0.0396084432606,0.0193955773092
0.228231828704,0.123059736313,0.105377379085,0.543331055898
0.42356712696,0.234539992654,0.0488171279208,0.293075752465
0.0470176864084,0.408980893685,0.145073842095,0.398927577811
0.102932347526,0.01365537641,0.805193329395,0.0782189466685
0.0688765553394,0.324792598054,0.315020468204,0.291310378403
0.0193071468833,0.402050454665,0.000786651180874,0.577855747271
0.0643213461675,0.323601638715,0.540153248046,0.0719237670714
0.137834166859,0.327010390718,0.500337213283,0.0348182291394
0.024897964037,0.885843991973,0.0314321022762,0.0578259417137
0.774190909129,0.163622676745,0.0339326247746,0.0282537893509
0.268064841678,0.415625282498,0.279961377717,0.0363484981069
0.171859582573,0.203728779702,0.580681569117,0.0437300686079
0.681415975046,0.0632867796202,0.0570496757898,0.198247569544
0.00437796120397,0.0700145299537,0.647124446646,0.278483062196
0.0401405861965,0.1583517024,0.246110081833,0.55539762957
0.617541926985,0.00208700619263,0.00165399188747,0.378717074935
0.0137779707207,0.131801488713,0.53569999118,0.318720549387
0.495709657388,0.0771269140872,0.247238232079,0.179925196445
0.195669359641,0.122480550841,0.12911850791,0.552731581609
0.740542737034,0.0374803525403,0.0121027913256,0.2098741191
0.761945998295,0.0342866759675,0.0485346091191,0.155232716619
0.00406762011755,0.991580898372,0.00124692862343,0.00310455288658
0.168823995715,0.713342014003,0.0850668934806,0.0327670968008
0.11718742332,0.00155653357129,0.429865329435,0.451390713674
0.00260240334896,0.0026610184009,0.02165316125,0.973083417
0.138450226676,0.0738485598961,0.773501021768,0.0142001916599
0.469469994081,0.0931993134959,0.380621101421,0.0567095910031