0.0406960079388,0.46727874837,0.374216379565,0.117808864126
0.262650652837,0.123010863671,0.605806791757,0.00853169173554
0.538907872601,0.0620586575547,0.0508056438032,0.348227826041
0.100730965185,0.00825533644244,0.881937122738,0.00907657563534
0.0167294045747,0.315797354387,0.560272298831,0.107200942207
0.00325432647081,0.00715104809072,0.834307743651,0.155286881788
0.942732971323,0.00400419745746,0.0493190951161,0.00394373610324
0.24680901211,0.203661037659,0.268623584986,0.280906365244
0.0923629039272,0.85795008632,0.0369972040567,0.0126898056965
0.272185516049,0.0146820514987,0.678582040585,0.034550391868
0.0256563727264,0.670536687431,0.277348227896,0.0264587119466
0.276123981419,0.0700513067389,0.497741939034,0.156082772808
0.343483418745,0.476329767742,0.14879199833,0.0313948151833
0.435343875706,0.151585223317,0.225157865258,0.187913035718
0.0843264292354,0.246882324987,0.402658606376,0.266132639401
0.245695783277,0.0507592461952,0.0881536001971,0.615391370331
0.101490344581,0.0384063494899,0.452501301796,0.407602004133
0.207062739069,0.723644482228,0.013371185642,0.0559215930613
0.00798038324999,0.182995434098,0.0251520786094,0.783872104042
0.204764705274,0.179146118083,0.515886641912,0.100202534732
0.467756546279,0.187371699779,0.120215457268,0.224656296674
0.233856692947,0.0411132253307,0.57917704681,0.145853034912
0.00462011019345,0.879833756477,0.111413238486,0.00413289484346
0.0380461639448,0.187283610747,0.750251532207,0.0244186931005
0.0910829947545,0.403643055074,0.365515724432,0.13975822574
0.617667176732,0.300565114931,0.0045002157713,0.0772674925652
0.11351958974,0.749973807529,0.117617851656,0.0188887510751
0.801758514633,0.0192028069937,0.123067127947,0.0559715504259
0.00683854607972,0.268255950704,0.631056088672,0.0938494145441
0.756881436885,0.0422757348919,0.181156880349,0.0196859478742
0.754907537398,0.0560629561376,0.0429998770915,0.146029629373
0.230857228304,0.271906895115,0.00984246713242,0.487393409448
0.0162692000824,0.00340192355007,0.923981080035,0.0563477963321
0.581571301456,0.0836747549274,0.0244247588876,0.310329184729
0.144594107034,0.492547784812,0.152388470846,0.210469637308
0.0799107554511,0.768329812963,0.0128138671837,0.138945564402
0.29734291194,0.212567674507,0.220802755444,0.269286658109
0.127878511108,0.0103821171547,0.375475498153,0.486263873584
0.0425818793383,0.9318141885,0.00915598211688,0.0164479500449
0.194492859644,0.206902463003,0.0545100893071,0.544094588046
0.701928530192,0.0803887849449,0.0170372073318,0.200645477531
0.0410500424123,0.231546945214,0.646267632948,0.0811353794257
0.0818406458071,0.486031603829,0.34624047587,0.0858872744942
0.1705311513,0.818613620359,0.00114631395987,0.00970891438108
0.0307222394865,0.743122079803,0.0421381413325,0.184017539378
0.377695775565,0.290105085277,0.121853601664,0.210345537494
0.450249811752,0.0612172186479,0.0831027001995,0.4054302694
0.0428135438323,0.881695190598,0.0694639163008,0.00602734926919
0.732848506034,0.0300629942722,0.192304215279,0.0447842844153
0.549717268385,0.232848284419,0.203243905385,0.0141905418115
0.051893455755,0.877128432085,0.0151665728423,0.055811539318
0.442313503906,0.0447935831923,0.294398482426,0.218494430475
0.00811665023672,0.136899782928,0.0013212041098,0.853662362726
0.148532353454,0.0951395746031,0.104994697561,0.651333374382
0.0281772896298,0.246040142295,0.100258571725,0.62552399635
0.460454717023,0.0570790850913,0.370693066856,0.11177313103
0.12001948071,0.795186634442,0.0144181580539,0.0703757267941
0.154556238782,0.805389295167,0.0242877924091,0.0157666736418
0.260891892107,0.530211351623,0.077004981841,0.131891774429
0.0152669938767,0.443847650923,0.350937110047,0.189948245154
0.269350918247,0.0587185266381,0.353362514651,0.318568040464
0.191309719555,0.0522524479171,0.0932492160934,0.663188616435
0.00641981161974,0.0271861562739,0.908919535359,0.0574744967473
0.389333942165,0.167127046893,0.0900221759917,0.353516834951
0.157072606993,0.0147463896017,0.751118413153,0.0770625902526
0.0554732274875,0.86100718769,0.0763809666322,0.00713861819047
0.00841259569911,0.403703026194,0.0244260496718,0.563458328435
0.476860822837,0.379950639078,0.014266862779,0.128921675305
0.00151317662182,0.976603791996,0.00428832135593,0.0175947100258
0.274485789178,0.223338079087,0.197161397896,0.305014733839
0.0735377418403,0.382838239213,0.3812592889,0.162364730047
0.0178415562275,0.143512256633,0.057722519633,0.780923667507
0.628061609862,0.0617392696498,0.0215832581401,0.288615862348
0.193304790912,0.172018993193,0.294123110161,0.340553105734
0.629729930495,0.0577372493487,0.196022805623,0.116510014534
0.236445949151,0.54412328879,0.0836108850782,0.135819876981
0.962059321945,0.0334662719667,0.00261550635675,0.0018588997311
0.0382277100444,0.271729904543,0.40784715257,0.282195232843
0.526025241474,0.191109409135,0.264852156056,0.018013193335
0.737549673752,0.188688043443,0.0066923634571,0.067069919348
0.00262831149726,0.991081455157,0.00519930085013,0.00109093249521
0.0136258716307,0.0302901621234,0.863362056922,0.0927219093235
0.926083756199,0.0456943728741,0.0230697371331,0.00515213379375
0.36244227855,0.0302843691609,0.529367694368,0.077905657921
0.531915502085,0.0859497077342,0.159614186997,0.222520603184
0.174321969518,0.605233118556,0.0721638233972,0.148281088529
0.0177569653248,0.7779710316,0.000221784233533,0.204050218842
0.232302890699,0.544402332946,0.138070443864,0.0852243324913
0.0275028704057,0.0479325522721,0.221471567501,0.703093009821
0.536041223573,0.300783620044,0.0635631866682,0.0996119697154
0.0408504925397,0.858292982041,0.0806666368019,0.0201898886171
0.0435152728855,0.317589553137,0.284092203752,0.354802970226
0.303922740684,0.0747789990881,0.618048490813,0.00324976941453
0.457132090907,0.382629645077,0.152829872559,0.0074083914573
0.238979237904,0.0590796832954,0.596781328191,0.10515975061
0.428468879326,0.122059206647,0.210897412236,0.238574501791
0.528230299843,0.055405066262,0.00334360483309,0.413021029062
0.80349315206,0.00293718586554,0.00428931962215,0.189280342453
0.504286026048,0.114892528843,0.261714849162,0.119106595947
0.0550811471051,0.269717792306,0.598975383844,0.0762256767447
0.648137584313,0.311907719206,0.0193264807076,0.0206282157731
0.00517020135548,0.0334970978722,0.00822880025733,0.953103900515
0.609011464092,0.35319844401,0.0178733302458,0.0199167616527
0.336399390553,0.174962308538,0.119478593793,0.369159707116
0.359064313165,0.533642312986,0.0969461560201,0.010347217829
0.231253585209,0.284307614377,0.394484866115,0.089953934298
0.0859878398747,0.025329489849,0.580487178098,0.308195492178
0.558616334149,0.0423120798112,0.264139147966,0.134932438074
0.611651966763,0.0591307858308,0.0654708439114,0.263746403494
0.350417606623,0.358845428039,0.187203005484,0.103533959854
0.78968106483,0.184345527432,0.0234730304925,0.00250037724482
0.0865737243799,0.815351617759,0.0599781077361,0.0380965501249
0.265035967517,0.0477371563036,0.552764894032,0.134461982148
0.56700455429,0.189478005288,0.108957084593,0.134560355829
0.217381806629,0.0183726609936,0.74900369305,0.0152418393274
0.19386561181,0.0137804014681,0.0109892402847,0.781364746437
0.0214813502218,0.0514056524672,0.316211225234,0.610901772077
0.338616196561,0.0721207792103,0.240822699118,0.34844032511
0.315500181485,0.272521215531,0.10197458177,0.310004021215
0.569504343119,0.113476580431,0.140296487819,0.176722588631
0.131729123331,0.169720299208,0.0260639077541,0.672486669707
0.0462639567954,0.07707855416,0.597543980874,0.279113508171
0.000884754845467,0.00478695762965,0.977960031934,0.0163682555911
0.10190809885,0.712794729001,0.0745136243532,0.110783547796
0.511664670012,0.152223963998,0.29962566743,0.0364856985606
0.163051009359,0.267038985417,0.554188921122,0.0157210841019
0.00233145580458,0.00287200638711,0.98400689241,0.010789645398
0.0911558463644,0.127612594237,0.543421388937,0.237810170461
0.175416551945,0.453851537179,0.190080866587,0.180651044289
0.958203251222,0.00532679021257,0.0348478178335,0.00162214073197
0.681376830823,0.25041037279,0.0641725978165,0.00404019857033
0.191574579414,0.786121816169,0.000959463132787,0.0213441412841
0.0768233460204,0.0672680322481,0.23982755278,0.616081068951
0.655065215467,0.229768296304,0.0974288006057,0.0177376876227
0.00207556829874,0.667650388472,0.301703985307,0.0285700579223
0.2158896124,0.206060590939,0.499663344929,0.0783864517323
4.07860846562e-05,0.0207557834063,0.979118137154,8.52933545646e-05
0.12939547708,0.808476076062,0.0130927020266,0.0490357448311
0.523359239373,0.189406406949,0.241083650777,0.0461507029016
0.52255161559,0.273766525854,0.0307983402894,0.172883518267
0.139164869305,0.30392588956,0.0502932962776,0.506615944857
0.204479295396,0.563877097058,0.150741117578,0.0809024899679
0.0226271070149,0.0372942998182,0.192719495033,0.747359098134
0.81955250462,0.0467681390295,0.119749252317,0.0139301040334
0.0110974275967,0.0475044395332,0.923782698404,0.0176154344658
0.291135549146,0.107161247081,0.585487024156,0.016216179617
0.0012468339811,0.938789129381,0.039867044107,0.0200969925307
0.288593070338,0.485667392923,0.154163818548,0.0715757181905
0.285871507274,0.434943849905,0.164873689189,0.114310953633
0.35001187282,0.00613923347883,0.0358055396716,0.60804335403
0.323089095562,0.166045470336,0.390928348082,0.119937086019
0.125729433186,0.151816467333,0.700644010003,0.0218100894778
0.526534521717,0.307293354099,0.139402832938,0.0267692912467
0.0897738475945,0.328322329161,0.562180564763,0.0197232584811
0.0219505964232,0.660452553792,0.0919097188666,0.225687130918
0.00931897982657,0.512241166994,0.01192300829,0.46651684489
0.377304754647,0.0483110683443,0.356040834669,0.21834334234
0.122098759346,0.398398704388,0.213563173039,0.265939363227
0.215817391703,0.00636672392251,0.764047310247,0.0137685741284
0.060980912414,0.270151396906,0.408726248558,0.260141442122
0.0661729631573,0.387535131368,0.389291664237,0.157000241238
0.00164358878365,0.153116323285,0.843193670133,0.0020464177976
0.340435537669,0.0700922465633,0.389257731658,0.20021448411
0.537887524891,0.000898502347831,0.460518511889,0.000695460871987
0.122865156594,0.0266489415243,0.757803001617,0.0926829002649
0.0433031908063,0.100594951964,0.746335326286,0.109766530943
0.239930746449,0.623292905568,0.0783085163917,0.058467831591
0.00367204988279,0.974792731139,0.00311988240461,0.0184153365739
0.131592541908,0.000390880828534,0.863752950893,0.00426362637079
0.461656747761,0.0467302235635,0.358812468396,0.13280056028
0.0870753688074,0.023459720264,0.869025543853,0.0204393670759
0.18135052194,0.297601222204,0.127624680899,0.393423574956
0.669405332755,0.0380608500986,0.245672004102,0.0468618130437
0.645721140119,0.0620516541302,0.0841688439311,0.208058361819
0.581641505322,0.279941044179,0.135251384047,0.00316606645132
0.422711456386,0.406656875548,0.144843428531,0.0257882395357
0.809407409856,0.046156417006,0.0735387306412,0.070897442497
0.481386783112,0.0560767741204,0.309431003214,0.153105439554
0.146728864446,0.727881838971,0.00203899588237,0.123350300701
0.107453909442,0.548664701038,0.244999802202,0.0988815873182
0.0531191784819,0.70963796254,0.200603702739,0.0366391562391
0.00785579360734,0.510702278174,0.439773980638,0.0416679475807
0.0852751961784,0.0092408404,0.189655906797,0.715828056624
0.264371097912,0.0616929294707,0.103486436353,0.570449536265
0.970317605993,0.000762166288043,0.00496163940781,0.023958588311
0.139539058892,0.067381426123,0.486030764857,0.307048750128
0.0773699892176,0.00454312199546,0.146041088216,0.772045800571
0.0368646481305,0.421293464507,0.440400562943,0.101441324419
0.0649751706007,0.788297552731,0.0636690288312,0.0830582478372
0.108961328206,0.652846036008,0.0612899046176,0.176902731169
0.564329685297,0.0868980060517,0.163486350146,0.185285958505
0.355971437839,0.187338617033,0.159254105014,0.297435840114
0.0930916102031,0.012221095402,0.0660954252171,0.828591869178
0.110807020681,0.353754344463,0.466410706483,0.069027928373
0.13749716966,0.58787933535,0.157365913554,0.117257581436
0.338419492693,0.0608458430795,0.353030761842,0.247703902385
0.311183154022,0.259736138043,0.0621026013069,0.366978106628
0.092250878206,0.105880924678,0.720775043313,0.0810931538033
0.152179850136,0.0030590169333,3.79896943297e-05,0.844723143236
0.0678791303336,0.215226539553,0.471797103902,0.245097226211