0.130547509059,0.105342535195,0.613143302893,0.150966652854
0.110669995232,0.147413809445,0.246528817887,0.495387377436
0.0006025263278,0.793269762522,0.0924733901432,0.113654321008
0.711875865322,0.110787546659,0.0483884723288,0.128948115689
0.72717820835,0.172882590796,0.00556444941212,0.0943747514418
0.167712867135,0.138102452748,0.556044494414,0.138140185703
0.00748644656723,0.677861089703,0.31401399747,0.000638466260068
0.0187862637024,0.266406984642,0.49591329644,0.218893455216
0.726921456174,0.0974386363408,0.125615527548,0.0500243799374
0.175647165203,0.29299729791,0.143253309083,0.388102227803
0.262893166758,0.686928991916,0.0324434584245,0.0177343829024
0.0729396475479,0.3603074575,0.156525704727,0.410227190226
0.791763781238,0.0781963644035,0.065796760527,0.0642430938314
0.00250765040076,0.00191914325369,0.286030770659,0.709542435687
0.106491848664,0.765934935473,0.00359424974142,0.123978966121
0.607960522925,0.282052558801,0.109154704533,0.000832213741418
0.555724122561,0.0689633009954,0.353615011555,0.021697564888
0.622463452488,0.167106915237,0.101887413471,0.108542218804
0.476185984442,0.48208942924,0.00372595583838,0.0379986304801
0.0981374694745,0.0161488652307,0.604719966539,0.280993698756
0.0279129161184,0.00269199427999,0.9689311098,0.00046397980199
0.477978744205,0.0735736959125,0.430851667802,0.0175958920801
0.0760285638961,0.0834426251079,0.462613124837,0.377915686159
0.061463930196,0.0760706816562,0.101664057555,0.760801330593
0.0823687659021,0.909240901568,0.000853727266106,0.00753660526348
0.172527139341,0.30484243709,0.0163473474138,0.506283076156
0.155055349018,0.665651425633,0.176618233895,0.00267499145507
0.757733292865,0.0275901463266,0.184199849938,0.0304767108703
0.159179134184,0.449926125271,0.0264520902161,0.364442650329
0.000710937052714,0.959887669377,0.0328294776142,0.00657191595652
0.126982112409,0.0126813814744,0.0364772042992,0.823859301817
0.189904948693,0.319483208423,0.443780287811,0.046831555073
0.0308210083531,0.0321130491539,0.857458977749,0.0796069647443
0.020033362174,0.0193107814828,0.334775286645,0.625880569698
0.78101805077,0.0428728646391,0.0642670502494,0.111842034341
0.909747591663,0.039970507865,0.0232184256283,0.0270634748437
0.0700851707927,0.564447156492,0.174584042194,0.190883630521
0.863781751598,0.0612985640803,0.0748749670707,4.47172513604e-05
0.187002500374,0.0506745947898,0.512981014227,0.249341890609
0.069102001143,0.00312040014331,0.879819416274,0.0479581824393
0.192074706164,0.0591651388466,0.359067087131,0.389693067858
0.0327501306891,0.661160302149,0.126288782432,0.179800784729
8.67861020374e-06,0.952593338693,1.4649067071e-05,0.0473833336298
0.459835087767,0.270099945215,0.0163538045198,0.253711162499
0.168112919117,0.0827484564838,0.374679544463,0.374459079937
0.164206386186,0.457245868921,0.231014601983,0.147533142909
0.0433112614503,0.000834233587415,0.00245516562817,0.953399339334
0.0116084742308,0.026481796932,0.310945868719,0.650963860118
0.733171083192,0.0903925954828,0.127853048846,0.0485832724792
0.544786288817,0.294198605709,0.0403932042281,0.120621901246
0.401086040128,0.0407836716811,0.54173451906,0.0163957691312
0.205652800931,0.516530648427,0.027671286661,0.250145263982
0.0480689398959,0.309478217838,0.368571042723,0.273881799544
0.976514853437,0.000470852191698,0.0229966150831,1.76792884187e-05
0.34731000702,0.0531251084703,0.543114644969,0.0564502395404
0.103601616726,0.0998585932162,0.469852090451,0.326687699607
0.353154226988,0.51376154495,0.0908454726834,0.0422387553782
0.695963742069,0.0206605546314,0.0501493866165,0.233226316683
0.106201221812,0.34290411108,0.127317256256,0.423577410851
0.724999359876,0.190628906438,0.0522311885658,0.0321405451202
0.018359067322,0.0881821942726,0.270451112964,0.623007625442
0.00949706766809,0.0228724443617,0.901840072406,0.0657904155646
0.504505038859,0.443476846864,0.0227601540255,0.0292579602518
0.131596052508,0.0478673830595,0.715476424277,0.105060140155
0.060671985,0.658334995199,0.145441773672,0.135551246129
0.142742607733,0.387151465496,0.353085023668,0.117020903103
0.678470520403,0.19480022938,0.0705575089682,0.0561717412496
0.654669933384,0.275590462014,0.0241439522018,0.0455956524009
0.00209905527303,0.991244795331,0.00190433158555,0.0047518178104
0.0649800699567,0.152242513191,0.0708274371634,0.711949979689
0.0699984346343,0.587369585722,0.091961045675,0.250670933969
0.00628042310394,0.0560185928948,0.935005424543,0.00269555945833
0.00930943800721,0.410316418387,0.484127785341,0.0962463582649
0.412446623236,0.316394812165,0.0304198504367,0.240738714162
0.0424352737997,0.880471635613,0.0174202619642,0.0596728286234
0.409514561961,0.442575383806,0.126840969715,0.0210690845184
0.120206082454,0.522611797769,0.332676339081,0.0245057806956
0.445103723795,0.233505995674,0.0315528089675,0.289837471564
0.955547509067,0.0146576270862,0.00166109433581,0.028133769511
0.241010507118,0.026488684083,0.529673459542,0.202827349257
0.0106970085332,0.0611053377198,0.889031878406,0.0391657753404
0.800906174705,0.0135650737432,0.138849427254,0.0466793242978
0.114394954392,0.0787769666243,0.372095860411,0.434732218572
0.327449133148,0.23457717657,0.199157680924,0.238816009358
0.0504087365098,0.250366337866,0.579390154697,0.119834770927
0.865410564291,0.00706190234072,0.00031602927657,0.127211504091
0.779626530997,0.153830510765,0.0118540281369,0.0546889301012
0.0273322576841,0.17888002581,0.555708023213,0.238079693293
0.584554553175,0.0215173031469,0.0587213342439,0.335206809434
0.206075459244,0.56551951854,0.0302500664277,0.198154955789
0.312050681416,0.200042737894,0.330881716925,0.157024863764
0.807387751277,0.0179128739929,0.151319278105,0.0233800966259
0.0493057763174,0.378265274329,0.471853657743,0.100575291611
0.000136900383917,0.0100265448209,0.38733475277,0.602501802025
0.106465173993,0.0152481806292,0.137935690805,0.740350954573
0.867790283826,0.113386470802,0.00857611015018,0.0102471352221
0.110651410182,0.319875473762,0.0393166056839,0.530156510372
0.0387617296768,0.469793741849,0.00469057198512,0.486753956489
0.0866378692674,0.312183588222,0.558358171638,0.0428203708729
0.796256458767,0.2034927147,0.000169512182255,8.13143514473e-05
0.104715806833,0.1333314484,0.56291190567,0.199040839096
0.681995275067,0.0368492932208,0.247461969157,0.0336934625546
0.352237268542,0.576707733505,0.00478085575321,0.0662741422001
0.103396728056,0.355347293496,0.162521151781,0.378734826667
0.00029106333568,0.9995041217,4.06638629136e-05,0.000164151101496
0.216958995678,0.0653904782763,0.05095329253,0.666697233516
0.155692558956,0.357167606789,0.282971246971,0.204168587284
0.0475735288161,0.0036838094498,0.521737225854,0.42700543588
0.181132569822,0.255489647384,0.562320341447,0.00105744134758
0.0113390891558,0.0109878176105,0.951943931576,0.0257291616582
0.00715040621133,0.00377927068615,0.983572895569,0.00549742753313
0.0277253067481,0.668224501301,0.219121966011,0.0849282259399
0.0500645863578,0.0394014945953,0.856194834882,0.0543390841651
0.0930898917297,0.531270882747,0.375470152524,0.000169072999232
0.94322380243,0.00445218130099,0.0200743594148,0.0322496568543
0.200483838338,0.154848971559,0.515207136331,0.129460053772
0.10210270212,0.0689922389639,0.0188856583646,0.810019400552
0.60522365035,0.189929477358,0.17323031795,0.0316165543422
0.399257952286,0.177537353389,0.30305029942,0.120154394904
0.373514445418,0.0152493604839,0.598209682368,0.0130265117301
0.00611803659353,0.00526242779811,0.0396071207314,0.949012414877
0.944582096015,0.0243629979114,0.0143618695751,0.0166930364987
0.550689155341,0.427535130898,0.0197783063967,0.00199740736369
0.100709417432,0.151961516255,0.686475303986,0.0608537623267
0.668690221054,0.0303650337734,0.144128280776,0.156816464396
0.00201647391475,0.442094040972,0.148860859527,0.407028625586
0.0771586212666,0.234560640947,0.351630726763,0.336650011023
0.49424497194,0.13147837706,0.139475143683,0.234801507318
0.000647331313736,0.00265757216386,0.975645569627,0.0210495268952
0.395183296803,0.0809015241879,0.190541645164,0.333373533845
0.401924818284,0.112032092652,0.117506721745,0.368536367319
0.0628469783445,0.139079877456,0.534350438917,0.263722705283
0.0689980310394,0.142519382377,0.00563369512467,0.782848891458
0.0284415929165,0.948994653808,0.00227885485921,0.0202848984167
0.45891104418,0.0310165173512,0.108404319984,0.401668118485
0.121981646874,0.333022012892,0.108881173897,0.436115166337
0.7689316325,0.0343460620531,0.158092455949,0.0386298494984
0.950475908698,0.00722895002296,0.0412308412748,0.00106430000466
0.347722111875,0.210648603185,0.0486198641299,0.39300942081
0.05205910951,0.709614241938,0.118966581963,0.119360066589
0.862241605779,0.137204538303,0.000331407844126,0.000222448073989
0.728022917763,0.00467863198736,0.239540808612,0.0277576416377
0.560047581386,0.146986978515,0.124089325006,0.168876115093
0.485379166269,0.166041764095,0.137308823448,0.211270246187
0.0474043131134,0.73667687275,0.0133249882663,0.20259382587
0.218937905704,0.230077175517,0.360786296196,0.190198622584
0.334845564368,0.269736867755,0.238407012792,0.157010555086
0.0343058733065,0.174888758313,0.280604089922,0.510201278459
0.94446182949,0.0137311591224,0.0290823559341,0.0127246554536
0.664271802634,0.0936235530279,0.066469370003,0.175635274335
0.753897609966,0.0414284835239,0.145586691993,0.0590872145177
0.397780738856,0.0033162706783,0.565971672415,0.0329313180506
0.193694582858,0.0045805844114,0.618033344048,0.183691488683
0.2319767467,0.292111001411,0.442088578459,0.0338236734301
0.00993026262293,0.794561513699,0.0937359470113,0.101772276666
0.140060160824,0.0574880391437,0.777746300122,0.02470549991
0.213876551313,0.000713760603563,0.0821432648785,0.703266423205
0.17537470365,0.194763036743,0.0615446020448,0.568317657562
0.334292832706,0.436739941511,0.169141267324,0.0598259584591
0.0867093807828,0.207252537361,0.023894255692,0.682143826164
0.0961303394723,0.201025648149,0.688225275234,0.0146187371452
0.888862072889,0.00124332761392,0.00294148186115,0.106953117636
0.565136044516,0.377688517947,0.0455633752785,0.0116120622591
0.658263922488,0.0200906785541,0.0132517163675,0.30839368259
0.534082475831,0.144095468706,0.00754748602769,0.314274569435
0.0224725568258,0.635283133819,0.331970090136,0.0102742192187
0.0261351977848,0.258413951089,0.689901932023,0.0255489191029
0.163996375247,0.677679951018,0.106453676506,0.0518699972288
0.48875706303,0.253506528994,0.0228170560229,0.234919351953
0.560363908294,0.0543912181825,0.203224550536,0.182020322987
0.695869772709,0.0274163101644,0.108182847706,0.16853106942
0.156665620017,0.0392418127775,0.79418926592,0.00990330128571
0.162204018855,0.00917853315009,0.0337791372939,0.794838310701
0.286337870735,0.114339913425,0.101516033238,0.497806182601
0.0952367387722,0.0198339858915,0.463957054837,0.420972220499
0.00775019152031,0.834505655048,0.11719619075,0.0405479626818
0.00322954564851,0.0385946724369,0.935949479319,0.0222263025957
0.223363716435,0.346864671809,0.145481977539,0.284289634218
0.0264672513144,0.0261595204369,0.430295084689,0.517078143559
0.187204594203,0.259029574897,0.504152596065,0.0496132348349
0.0598356578083,0.0699679720152,0.858817892206,0.0113784779705
0.227067838193,0.353445691025,0.204660166812,0.21482630397
0.702534471085,0.210165085966,0.0269194193099,0.0603810236387
0.00312923488767,0.331519802926,0.315032164567,0.350318797619
0.394230382959,0.0040445062847,0.00862326560616,0.59310184515
0.0526291745403,0.0616103770413,0.602076250464,0.283684197954
0.000142870041657,2.34354446368e-05,0.204524898225,0.795308796289
0.246803260856,0.156319568977,0.38546159714,0.211415573028
0.0150074014469,0.947871636829,0.0128937173283,0.0242272443956
0.000327064782366,5.58118076727e-05,0.732286002428,0.267331120982
0.419419020047,0.525462883603,0.054852276905,0.000265819444775
0.822291208282,0.0256377869394,0.0911698095138,0.0609011952648
0.0811823781718,0.866526207372,0.0271492240107,0.0251421904451
0.526612340771,0.0941276743604,0.148120605696,0.231139379172
0.546175961787,0.11904175334,0.228346920382,0.106435364491
0.561347085055,0.261646379074,0.0377210505184,0.139285485352
0.0902565818832,0.18624065676,0.558511213328,0.164991548029
0.646213118368,0.081741995989,0.04796330209,0.224081583553
0.0230286310057,0.941059843233,0.0255911533275,0.0103203724334
0.124675191502,0.0150901360047,0.84726733804,0.0129673344538