0.00528915265105,0.276216327055,0.703784810058,0.0147097102357
0.770448041534,0.200556717317,0.00906675676542,0.0199284843838
0.703921426718,0.139996831831,0.0262534966663,0.129828244785
0.0169269387726,0.278785814191,0.486773431529,0.217513815508
0.230451339725,0.0127192246384,0.00438413237212,0.752445303264
0.0353139678645,0.130184358852,0.750055468935,0.0844462043494
0.309319153236,0.164698252408,0.385369187512,0.140613406844
0.711187036774,0.0253618758294,0.107950837268,0.155500250129
0.563978327325,0.0125195096141,0.363661400045,0.0598407630167
0.0744181357189,0.0235758163052,0.889342562592,0.0126634853837
0.0131937447617,0.407658349694,0.472033548358,0.107114357187
0.0381770514328,0.377575576425,0.5137026021,0.0705447700415
6.07227596427e-05,0.973480780865,0.0261749693082,0.000283527067231
0.0500878472445,0.66770376161,0.276372768678,0.00583562246814
0.122638458536,0.426253105028,0.440471196249,0.0106372401874
0.0463146563603,0.00826778138212,0.507858838843,0.437558723414
0.0582131360616,0.825488680401,0.0860247033385,0.0302734801987
0.670087885505,0.0248540928774,0.254916114728,0.0501419068891
0.0218613244642,0.00362375904113,0.319143185269,0.655371731226
0.0681181554475,0.637373568982,0.236161338075,0.0583469374952
0.483554857624,0.0201514214316,0.40255931853,0.0937344024139
0.136546470568,0.00425835291224,0.161566401511,0.697628775009
0.142823554661,0.00942592895879,0.841574988188,0.00617552819229
0.481114707088,0.234231107274,0.242797062806,0.0418571228317
0.184807399714,0.214536002466,0.306205702725,0.294450895095
0.669727947683,0.0407656259188,0.121966675703,0.167539750694
0.146181601812,0.243056348882,0.00109730912809,0.609664740179
0.008873935697,0.266414137838,0.0348089211718,0.689903005293
0.090588748401,0.326491616455,0.00852982087529,0.574389814269
0.292873724761,0.609510610291,0.0186895740252,0.0789260909228
0.970107124262,0.0101047616416,0.0180697601434,0.00171835395345
0.176443783569,0.186217563565,0.04085117179,0.596487481076
0.885600142303,0.0237973706197,0.0905198394155,8.26476622455e-05
0.0110402986116,0.170558251005,0.533331486947,0.285069963437
0.240046541337,0.36242786339,0.201039284693,0.196486310579
0.209091709689,0.672493130726,0.0311297445684,0.0872854150163
0.292295920956,0.0156732107278,0.452880729158,0.239150139158
0.416692261205,0.331603171952,0.143103653662,0.10860091318
0.00457819916528,0.32062651569,0.668126974779,0.00666831036527
0.0226252534587,0.107842481031,0.0142388478561,0.855293417655
0.507091845195,0.122223293997,0.152167687684,0.218517173124
0.199791050428,0.143010476191,0.413604126991,0.24359434639
0.550374130949,0.0534709553102,0.333306770728,0.0628481430129
0.333028855321,0.127578987343,0.243933305291,0.295458852044
0.508216586154,0.268715582984,0.0926743419529,0.130393488909
0.00814456022937,0.129511983842,0.705803569975,0.156539885953
0.0110375268964,0.0836196492343,0.656870242102,0.248472581767
0.0559768310353,0.0196404285354,0.813040789975,0.111341950454
0.000516958075494,0.998069305063,0.00116353243302,0.000250204428625
0.462550323432,0.0261037856362,0.406015047757,0.105330843176
0.022992705738,0.195264371985,0.0365224736072,0.745220448669
0.0166050677848,0.00838076613371,0.833844284598,0.141169881484
0.589672506196,0.175256474687,0.113644460923,0.121426558195
0.529671172046,0.000725756861689,0.460580790943,0.00902228014987
0.650338884712,0.333454340642,0.0058497938903,0.0103569807553
0.00745130789668,0.00981787023025,0.00590250296159,0.976828318911
0.246585667094,0.122692355184,0.140604492003,0.490117485719
0.175769247555,0.250497347387,0.276018842928,0.29771456213
0.0104950039088,0.00752590353109,0.104577004454,0.877402088106
0.390443179364,0.306312166385,0.266152972464,0.0370916817872
0.0921394826304,0.879708916659,0.0228575623676,0.00529403834257
0.280246382153,0.0192562691725,0.00907210622243,0.691425242452
0.0443340033513,0.913397779568,0.0358137843,0.00645443278057
0.0457557339127,0.0015906295072,0.914747913321,0.0379057232589
0.568995804969,0.205947631048,0.176745159668,0.0483114043149
0.0821054186197,0.753697836424,0.0917775189127,0.0724192260438
0.0931640565898,0.049976740849,0.00405560395026,0.852803598611
0.0139989339088,0.0665098005179,0.891815218781,0.0276760467921
0.0682565509075,0.0770160714768,0.790649564576,0.0640778130396
0.498277595744,0.356151149442,0.0100945287785,0.135476726036
0.0414798235546,0.121674396193,0.325901311789,0.510944468463
0.0929818288738,0.83946857715,0.0562531170197,0.0112964769567
0.0288430509347,0.188672323285,0.533101199032,0.249383426748
0.161463036454,0.000372201242197,0.000177737368681,0.837987024936
0.0657498880507,0.144855921633,0.699338647785,0.0900555425315
0.284985562575,0.706955969553,0.00344754470459,0.00461092316728
0.756890364301,0.0193607615609,0.208118079093,0.0156307950456
0.00632127947592,0.0151782411241,0.581503534497,0.396996944903
0.464349877129,0.128950743238,0.150111486202,0.256587893431
0.0463294493213,0.011345678846,0.933128565501,0.00919630633142
0.145986153156,0.129685251895,0.122017851151,0.602310743798
0.222524043837,0.231340910442,0.392222751688,0.153912294033
0.318698474742,0.245886353927,0.182046892074,0.253368279257
0.354659241169,0.312010433918,0.228816564523,0.10451376039
0.201469633722,0.66583343776,0.0487365384443,0.0839603900737
0.219502867531,0.260794450336,0.50268235014,0.0170203319929
0.0362042333859,0.26330287229,0.649473788622,0.0510191057029
0.0238942969108,0.936818810015,0.0331016432092,0.00618524986547
0.208538762027,0.00661392641465,0.693990679554,0.0908566320046
0.595744205048,0.312719396194,0.0339815460412,0.0575548527167
0.906842203399,0.00807337602438,0.0535960923369,0.0314883282398
0.618477897367,0.185459803191,0.15436670168,0.0416955977613
0.346223111744,0.232541802971,0.374555792243,0.0466792930414
0.068037141201,0.018610174977,0.898933845425,0.0144188383974
0.00823135345032,0.00208828945531,0.988625108019,0.00105524907575
0.0110929271856,0.0155119684683,0.939615883917,0.0337792204288
0.885271717263,0.00342934786445,0.0245539818313,0.086744953041
0.0707747051765,0.245391485462,0.106444152949,0.577389656413
0.00226034614477,0.412061624924,0.406935125501,0.17874290343
0.67324375951,0.0415421950711,0.234137946879,0.0510760985394
0.00312623297222,0.0139623503283,0.968824578182,0.0140868385178
0.601499932156,0.114807293619,0.00821920019739,0.275473574028
0.000900910851202,0.0256498282326,0.031319793113,0.942129467803
0.599836529547,0.130837100927,0.0560835447496,0.213242824776
0.84048892756,0.0775371867106,0.0528405553389,0.0291333303901
0.133786989524,0.348662361814,0.175533984947,0.342016663715
0.24749686059,0.229990243746,0.0308930393279,0.491619856336
0.00613066735516,0.0335154055196,0.267611192174,0.692742734951
0.141815450241,0.0663327630277,0.788622582099,0.00322920463177
0.0659172629937,0.0474296706919,0.480112354267,0.406540712048
0.0690894820264,0.569875269852,0.0920111575062,0.269024090615
0.10888750792,0.391790027384,0.440795599675,0.0585268650205
0.015751950041,0.25385163122,0.68612321412,0.044273204619
0.668324781907,0.272813552989,0.00636670817442,0.0524949569287
0.564927067375,0.274743548159,0.102725888817,0.0576034956492
0.030410361362,0.0380267863862,0.593789077052,0.3377737752
0.000530818301608,0.77907209425,0.040461284714,0.179935802734
0.0853842126295,0.118695875811,0.792631663208,0.00328824835138
0.725041606642,0.116340811301,0.128079226004,0.0305383560538
0.635699123619,0.00443198984951,0.252264123818,0.107604762713
0.360569660749,0.0100189037022,0.601679051072,0.0277323844775
0.26313637992,0.444490579642,0.0945780354817,0.197795004957
0.0573233393735,0.0189279978993,0.657556154981,0.266192507746
0.0508672957867,0.167566601614,0.702200112685,0.0793659899145
0.16159617082,0.791673606491,0.0214582152187,0.025272007471
1.64723935335e-05,2.69119404436e-05,0.997263935398,0.00269268026784
0.282674927256,0.107028621541,0.0788566054111,0.531439845792
0.340965039529,0.0592556179851,0.491501578404,0.108277764082
0.34095317715,0.0426664292369,0.596433696856,0.0199466967571
0.0894126203463,0.582140325921,0.0491888586287,0.279258195104
0.00556309992317,0.0739724278502,0.779430415256,0.141034056971
0.785941263366,0.00489893347939,0.00550175731367,0.203658045841
0.00054840253765,0.997416268795,0.00148755630972,0.000547772357458
0.121174321035,0.0305096198062,0.0747731235481,0.773542935611
0.302100163014,0.0640505489315,0.229235006811,0.404614281244
0.103581365236,0.20072331808,0.656427341782,0.0392679749013
0.0426473534001,0.00248196750874,0.664579241284,0.290291437807
0.0971966789645,0.223709768403,0.520820767818,0.158272784815
0.0101771744274,0.00199270805309,0.00170566160099,0.986124455918
0.0386097487911,0.0531692801682,0.00590354383421,0.902317427206
0.342110552028,0.232498424583,0.404026203313,0.0213648200751
0.0451717376263,0.38536864643,0.559811086537,0.00964852940639
0.00368097677732,0.521590112259,0.472859827379,0.00186908358531
0.403007335386,0.211859015624,0.160425949378,0.224707699611
0.405586721443,0.076806037876,0.379855837141,0.13775140354
0.000130613081115,0.0104894832636,0.989353438449,2.6465206243e-05
0.131447037218,0.420431062997,0.00883643486043,0.439285464924
0.472645305747,0.0278112354623,0.441670533029,0.0578729257621
0.0144880983993,0.0734748276404,0.779457501822,0.132579572138
0.00684543691265,0.871758156623,0.0395712754789,0.0818251309859
0.0971106284541,0.139489061993,0.0583669213912,0.705033388161
0.00320543423717,0.000174238649591,0.0561985094807,0.940421817633
0.488287032527,0.153521705247,0.0951246825066,0.26306657972
0.0160838245013,0.0223696312269,0.961417396071,0.000129148200557
0.064487488929,0.400883392668,0.454237830289,0.080391288114
0.87229995874,0.0346945045991,0.0903947713275,0.00261076533372
0.196157978289,0.410361419661,0.231564389607,0.161916212443
0.0469523483852,0.0234703063601,0.888291771244,0.0412855740109
0.0130644956623,0.758388838041,0.190211950864,0.038334715433
0.0211804557247,0.311494379953,0.35434076943,0.312984394892
0.225508687205,0.429288977545,0.14398202747,0.201220307781
0.311573893788,0.0338779749116,0.36147846813,0.293069663171
0.27070783832,0.00109267131417,0.724925049311,0.00327444105512
0.0177143943955,0.00408957200571,0.463683564639,0.51451246896
0.0696662881726,0.326376959547,0.191962284123,0.411994468157
0.756228324371,0.00401552891181,0.00193298649911,0.237823160218
0.550510642695,0.13728309069,0.0373011508267,0.274905115788
0.199803143091,0.666015216802,0.103059400194,0.0311222399131
0.165364890258,0.185240608822,0.00195995978157,0.647434541138
0.00485392767765,0.819520453301,0.0291345535841,0.146491065438
0.0410157591101,0.0165109471768,0.918817431716,0.0236558619971
0.0806866582984,0.117086465211,0.672703921207,0.129522955283
0.883845303983,0.025453125487,0.0460247787268,0.0446767918029
0.509478317658,0.00991891181411,0.443110583212,0.0374921873154
0.270731972195,0.320126514215,0.14974099001,0.259400523581
0.0932307328374,0.761165098777,0.0361641730155,0.10943999537
0.226797234802,0.275273373322,0.349433491667,0.14849590021
0.924868472448,0.00377592788806,0.0615780101517,0.00977758951255
0.37637459439,0.280410964807,0.0551052421471,0.288109198655
0.569421927016,0.00874529719229,0.417374106769,0.00445866902334
0.208066646832,0.441222237714,0.0581502886868,0.292560826767
0.239052551752,0.164781901399,0.181944553002,0.414220993847
0.263755644108,0.43045147962,0.239693112066,0.066099764206
0.123637300089,0.00732473614992,0.212949463896,0.656088499865
0.0762011912423,0.79849003006,0.0448155682202,0.0804932104776
0.584501605333,0.0601843070335,0.222241902179,0.133072185454
0.455034219611,0.032394503241,0.387307329827,0.125263947321
0.101380067968,0.0645086439279,0.341671100233,0.492440187871
0.195968396703,0.445565837289,0.0724365346017,0.286029231406
0.0425891859382,0.00635415826668,0.00845528408203,0.942601371713
0.257776392246,0.105917307534,0.563660333581,0.0726459666395
0.111399587432,0.266430643198,0.494010841554,0.128158927816
0.27405343446,0.659774109724,0.0306066092122,0.0355658466035
0.104168467116,0.237050298712,0.538756132346,0.120025101826
0.00908370108336,0.0125494555099,0.976616269795,0.00175057361133
0.012645465085,0.876967188722,0.0869399439945,0.0234474021986
0.36917561395,0.154654913724,0.130490971821,0.345678500505
0.233450202823,0.383115912996,0.374189806416,0.00924407776493
0.00203099065619,0.0332811539997,0.96293809292,0.00174976242452
0.00195892463057,0.740341129278,0.000509245727259,0.257190700364