0.00869940818582,0.621850578213,0.363278181412,0.00617183218925
0.408148293983,0.14434527307,0.0154633796964,0.432043053251
0.22632087103,0.0859754737984,0.624886823108,0.0628168320637
0.322884006246,0.462316790279,0.081837690126,0.132961513349
0.461256787369,0.508296001019,0.00599629429629,0.0244509173158
0.579844466517,0.0355920998979,0.206694194218,0.177869239368
0.118064888577,0.792462548838,0.086284234777,0.00318832780753
0.878276050117,0.0504356046807,0.0394459199813,0.0318424252208
0.128921599543,0.147275262138,0.715154438669,0.00864869965048
0.13606721658,0.0389086062125,0.573068332674,0.251955844533
0.191463025561,0.00298281812763,0.650880554057,0.154673602254
0.170174098739,0.044086315085,0.728796145027,0.0569434411488
0.0436550756126,0.740795676673,0.0618617133262,0.153687534389
0.110027203164,0.169823772485,0.431602113532,0.288546910819
0.0816207476759,0.628045973694,0.0646017569162,0.225731521713
0.0664523561647,0.168833396182,0.338321427087,0.426392820566
0.184766027239,0.727597914644,0.0398836150416,0.0477524430759
0.146318894195,0.0433515739075,0.138177135583,0.672152396314
0.252969171843,0.205034434358,0.532268685647,0.00972770815137
0.0545389816502,0.0274583187586,0.307843252666,0.610159446926
0.537684007163,0.325782843802,0.0697985139931,0.0667346350418
0.00923667641538,0.21573028223,0.763760664129,0.0112723772249
0.129195302562,0.281256261998,0.533390299314,0.056158136126
0.0113253922525,0.0992464720385,0.888769746158,0.000658389550867
0.518698491492,0.0213669802754,0.437445206896,0.0224893213364
0.1782337781,0.525359910196,0.28050930191,0.0158970097939
0.264856782178,0.116990425271,0.429469869444,0.188682923107
0.0118518418109,0.00185842205043,0.139502900966,0.846786835172
0.164830105239,0.635832786402,0.167506367077,0.0318307412825
0.0473373448987,0.821667728968,0.0891383589091,0.041856567224
0.134340062422,0.81496035327,0.0457081787701,0.00499140553749
0.188398870141,0.233947211145,0.0267432837869,0.550910634926
0.0643695081349,0.243677186665,0.658460431096,0.0334928741035
0.171809364412,0.622637353612,0.14323508789,0.0623181940855
0.0410430209408,0.895485965422,0.0281680317156,0.035302981922
0.0141816099897,0.578039289276,0.143929105216,0.263849995519
0.420881434881,0.0599508377232,0.469086987696,0.0500807397001
0.143902211576,0.528002764981,0.0356467438246,0.292448279618
0.0287404438132,0.0442268707743,0.507060805469,0.419971879943