0.381572298952,0.144205582232,0.281193135882,0.193028982934
0.0533932183654,0.0187509995933,0.0375878958978,0.890267886143
0.98195933813,0.00345103053046,0.00749417445781,0.0070954568814
0.922266102524,0.00732200262071,0.000476082060075,0.0699358127949
0.515656408962,0.232984189822,0.221699596971,0.0296598042445
0.637888747819,0.178163673571,0.0317318981886,0.152215680421
0.00811460847021,0.138502662732,0.0191944834222,0.834188245375
0.100084723805,0.677129847635,0.0787280230818,0.144057405478
0.579030218792,0.156108674239,0.0719016608709,0.192959446099
0.101225405938,0.671090371369,0.046997073159,0.180687149534
0.0418050227222,0.141651837589,0.0122244048989,0.80431873479
0.682917667098,0.0324512637396,0.122933662404,0.161697406758
0.222803685399,0.733508938207,0.00480667774244,0.0388806986515
0.670820179762,0.146246651299,0.0807681501332,0.102165018806
0.113079679677,0.202553418485,0.231398475778,0.45296842606
0.482963928955,0.186510821049,0.305677883284,0.0248473667115
0.0335443685174,0.530013500454,0.230519807026,0.205922324003
0.557638841325,0.0870539972705,0.0810078189884,0.274299342416
0.225822758154,0.17838650094,0.0891306789843,0.506660061921
0.121320537847,0.225065673626,0.511630611587,0.14198317694
0.348764829752,0.191954680377,0.190515974733,0.268764515137
0.203345999556,0.417644995807,0.31363759599,0.0653714086473
0.0173401633213,0.903353446678,0.0413903995634,0.0379159904374
0.172470396096,0.6678986086,0.158135799048,0.00149519625552
0.103933363976,0.0126629301119,0.867797577088,0.0156061288243
0.259028408701,0.23770833356,0.275194740153,0.228068517585
0.0995632794239,0.0509858587412,0.0903986346679,0.759052227167
0.227037389447,0.358790047076,0.295307771717,0.11886479176
0.329351394113,0.245330591017,0.00878579502166,0.416532219849
0.0569481757622,0.519133925969,0.004850017853,0.419067880415
0.961846241705,0.0230836162307,0.00362216864776,0.0114479734169
0.494026160681,0.0175820450805,0.0268122686073,0.461579525631
0.0861456687837,0.275297213457,0.0447968481041,0.593760269655
0.955464710011,0.00676467025439,0.0055375730308,0.032233046704
0.279913084098,0.0310243399092,0.485110097864,0.203952478129
0.0285388645262,0.0786533607725,0.856870417618,0.0359373570829
0.171352530782,0.14267102844,0.683979599259,0.00199684151997
0.208522899421,0.353262992507,0.072125349803,0.366088758269
0.377829928341,0.0895170350255,0.407651860668,0.125001175966
0.295032675386,0.0129969371189,0.0117722061925,0.680198181303
0.411423464226,0.336871035569,0.0309771838083,0.220728316397
0.0164235767994,0.17676165782,0.783274029493,0.023540735888
0.085491647214,0.128942354273,0.138572322682,0.646993675831
0.570614174702,0.0710020135556,0.266020780524,0.0923630312188
0.139739529496,0.0207256162443,0.271247219038,0.568287635222
0.205948797282,0.39686052053,0.127434800028,0.26975588216
0.00696306685105,0.165797681649,0.0393397111015,0.787899540399
0.909127481711,0.0241233485243,0.0636368159288,0.00311235383627
0.215691187314,0.394426439947,0.249349089944,0.140533282795
0.740957178432,0.0800488915175,0.127909326999,0.0510846030518
0.553056657337,0.00626889093474,0.440369286815,0.000305164912462
0.0769572352343,0.213033572954,0.673269915144,0.0367392766679
0.0115393440358,0.224526223358,0.061282788732,0.702651643874
0.814152664017,0.0190115566703,0.119715054112,0.0471207252001
0.0210491096282,0.865443272167,0.0217303871225,0.0917772310828
0.00627843862501,0.00204401154153,9.19693970769e-05,0.991585580436
0.111057604654,0.117410861446,0.408289117023,0.363242416877
0.000159071811482,0.098354642106,0.88597989005,0.0155063960328
0.088653691319,0.169368743477,0.404897394167,0.337080171037
0.75356196589,0.241161023173,0.000770722982275,0.0045062879541
0.0044747640966,0.00121880657351,0.911725415632,0.0825810136976
0.641406228494,0.208908729769,0.023956113581,0.125728928156
0.560729943332,0.0280953232728,0.193449445766,0.217725287629
0.0433879090022,0.0202236691293,0.853286074347,0.0831023475217
0.972664556014,0.000416646123121,0.0260794732506,0.000839324612198
0.0529710248706,0.0754228239395,0.0903465669623,0.781259584228
0.0982374254778,0.0362321700279,0.845844908946,0.0196854955484
0.200107616124,0.773135067988,0.0206073271964,0.0061499886918
0.439558814268,0.278740333762,0.222886942211,0.058813909759
0.162702751353,0.766559583681,0.0596949891109,0.0110426758544
0.700035868318,0.0780438596535,0.015846153465,0.206074118564
0.234355478324,0.401013690931,0.242148607133,0.122482223612
0.658985009709,0.148477066519,0.106723327109,0.0858145966632
0.0371494671194,0.229568286782,0.322351539462,0.410930706637
0.359785472062,0.178882303803,0.29411986536,0.167212358775
0.614704407351,0.0971175894105,0.134988496275,0.153189506963
0.922796998038,0.0273590027023,0.034400157689,0.0154438415709
0.498038561547,0.0321195204746,0.414489882039,0.0553520359393
0.144888364163,0.592228091271,0.238027116434,0.0248564281323
0.329738086027,0.540150257318,0.0785890802149,0.0515225764403
0.180991138322,0.202512512669,0.334974891596,0.281521457413
0.319414427736,0.260827409189,0.15681633582,0.262941827255
0.477166870393,0.0749461018048,0.0545208856039,0.393366142198
0.048646948911,0.0938558164914,0.837313252193,0.0201839824048
0.228768017184,0.562693566491,0.0299029093635,0.178635506962
0.862002642686,0.0133109061128,0.00819983463826,0.116486616563
0.0753307842147,0.121313697249,0.660503400004,0.142852118532
0.148748665197,0.702967652727,0.0618963275061,0.0863873545702
0.24513691708,0.701547235682,0.0234620216823,0.0298538255558
0.33759376324,0.300888006864,0.353787956911,0.00773027298466
0.677780718884,0.0313426977111,0.00354721641682,0.287329366988
0.36807127984,0.275504558313,0.15873290206,0.197691259786
0.0227772901049,0.415855995579,0.481589604959,0.0797771093572
0.227510276838,0.00957995264794,0.761421086261,0.00148868425319
0.0020960779943,0.0811094746955,0.882741254081,0.0340531932297
0.916124794189,0.0100406394325,0.00118880259727,0.0726457637812
0.718913755281,0.215866315373,0.0428017562415,0.0224181731046
0.0252409865059,0.325074828285,0.0980094647884,0.551674720421
0.224972169806,0.540186067293,0.215776927724,0.0190648351772
0.177565838318,0.024280821995,0.133367097379,0.664786242308
0.618953934592,0.207555745025,0.0444164629687,0.129073857414
0.168975884505,0.0536929018943,0.776843001981,0.000488211619359
0.0249093047027,0.109789494992,0.832117388014,0.0331838122913
0.273514119346,0.177968917457,0.249345446257,0.29917151694
0.114650310902,0.744271307801,0.019403165029,0.121675216268
0.274881066331,0.364430634754,0.253444737756,0.107243561159
0.00275158319179,0.0305343619507,0.452623014205,0.514091040653
0.0130826722065,0.299571214877,0.539515682055,0.147830430861
0.235465101732,0.269110724217,0.230175696909,0.265248477143
0.73963650074,0.13903825797,0.0272927249517,0.094032516339
0.165976582959,0.0100621828165,1.2268301689e-05,0.823948965922
0.122974842915,0.0111086389259,0.70569312816,0.160223389999
0.00620070110303,0.0185628472977,0.965947731568,0.00928872003129
0.720174635972,0.00558283405065,0.269624319938,0.00461821003898
0.0270088491868,0.183894870264,0.0842649147653,0.704831365783
0.261810058758,0.0936579636503,0.154872038386,0.489659939207
0.0156021906349,0.89985054461,0.00683680795148,0.0777104568039
0.225773879696,0.0328559925507,0.307255191883,0.434114935871
0.529139723793,0.420050525043,0.0133729645003,0.0374367866645
0.306034504787,0.158125648576,0.527060568332,0.00877927830394
0.219210057346,0.0965224974481,0.540427341891,0.143840103315
0.414542142868,0.0188272324067,0.538457966898,0.0281726578266
0.139124554324,0.734165871245,0.0365226688136,0.090186905618
0.0202543202712,0.633518416878,0.152881037778,0.193346225073
0.000706776557772,0.991912550854,0.00469254332009,0.00268812926809
0.244741457537,0.381264284712,0.259022181326,0.114972076425
0.185701508349,0.307721015881,0.396042104307,0.110535371463
0.160515488742,0.258586586331,0.0652215013059,0.515676423621
0.0213016080604,0.0461404680889,0.258453454289,0.674104469562
0.0407788214374,0.440807891025,0.231616980546,0.286796306991
0.695083937374,0.118156396469,0.00625095206164,0.180508714095
0.433227710355,0.10941182301,0.244335194304,0.213025272331
0.00658849444,0.332631181934,0.487199508997,0.173580814629
0.15588058688,0.469227714407,0.0907321995579,0.284159499155
0.24315777642,0.0330147204603,0.404804617656,0.319022885463
0.600496256333,0.189411832094,0.0513219655092,0.158769946063
0.489397343775,0.000444247048457,0.254847354823,0.255311054354
0.995421555782,0.00243753036239,0.00122513473835,0.000915779117487
0.000207522958233,0.146787224039,0.780593929502,0.0724113235009
0.0348823888097,0.247384407273,0.547041711343,0.170691492574
0.0212180551677,0.008661141497,0.930970892909,0.0391499104261
0.111429044258,0.470902567873,0.328526004255,0.089142383614
0.286928144328,0.00949387882977,0.0388197860758,0.664758190767
0.100452048298,0.129808878025,0.0568872001819,0.712851873495
0.0178200214932,0.617049575611,0.216572075121,0.148558327775
0.314967600513,0.0070163379873,0.000499346181233,0.677516715318
0.596084754548,0.0467365585785,0.255853817782,0.101324869092
0.0923309975357,0.316790697293,0.0613615831546,0.529516722016
0.819039535873,0.0201268718441,0.0617952566286,0.0990383356544
0.875000179803,0.0569772511685,0.0169267741775,0.0510957948506
0.831841551861,0.0949131300848,0.0299095710737,0.0433357469801
0.00223703489845,0.155879919507,0.0854893480333,0.756393697561
0.0299595794488,0.869453608286,0.00332941686827,0.0972573953967
0.261751201846,0.300007051714,0.123612594224,0.314629152215
0.258402144218,0.0387255690997,0.33151478085,0.371357505832
0.128797020566,0.778824559974,0.0369664992162,0.055411920244
0.0718644974637,0.0195154198881,0.0173744266505,0.891245655998
0.0288598866651,0.630572158546,0.330540364784,0.0100275900049
0.0346343472324,0.0535720569579,0.0732183375968,0.838575258213
0.0140923582866,0.169405826703,0.0485456992964,0.767956115714
0.0230534780177,0.709407499992,0.196361722229,0.0711772997604
0.539012703459,0.0936618878014,0.0755610293581,0.291764379382
0.0201485424,0.962981065026,0.00207949637914,0.0147908961949
0.0103305797124,0.526323624462,0.183173045759,0.280172750066
0.510435887468,0.058206713018,0.26165910262,0.169698296894
0.268719437107,0.553435337529,0.0976541748027,0.080191050562
0.225915134486,0.0594512145384,0.0632560667021,0.651377584273
0.640166130064,0.0257712287297,0.324274218246,0.0097884229602
0.188864365221,0.352932058818,0.136597536644,0.321606039317
0.110916437503,0.540675779725,0.0492136775861,0.299194105186
0.0871753243645,0.458350408602,0.0609906420588,0.393483624975
0.130082133088,0.19986119294,0.379045264237,0.291011409735
0.266328253435,0.357012472472,0.292374495821,0.0842847782718
0.0108903663959,0.316359130774,0.256563766246,0.416186736584
0.319182437694,0.0652332258638,0.162063746251,0.453520590191
0.0165503445927,0.00606224692263,0.917513753078,0.0598736554064
0.351238452466,0.0671929937456,0.229980728954,0.351587824835
0.0168313081315,0.00123559732192,0.00544520183745,0.976487892709
0.504658886474,0.384034430749,0.00681825819767,0.104488424579
0.267900576936,0.278896805881,0.225789968418,0.227412648765
0.3448274406,0.0262774955809,0.344463056485,0.284432007334
0.0892494577897,0.127881587763,0.507916483658,0.274952470789
0.136321418438,0.0109887950433,0.0250238089344,0.827665977584
0.241227837437,0.236254412276,0.111073653899,0.411444096388
0.0341868832133,0.856406718466,0.00525263481038,0.10415376351
0.310758877797,0.0945325546975,0.573326169453,0.0213823980524
0.976979870258,0.00387766273488,0.00182087368253,0.0173215933244
0.395216379827,0.0738873638316,0.258563915164,0.272332341178
0.0743142530369,0.630027302182,0.293755412066,0.001903032715
0.0945837998065,0.202539049247,0.693890735779,0.00898641516777
0.0135559058774,0.976725519287,0.00930932683087,0.000409248004304
0.0428338534431,0.030431039772,0.0608755645452,0.86585954224
0.0154158081876,0.0435556314264,0.464578458132,0.476450102254
0.053937714375,0.0817631117116,0.494717998642,0.369581175272
0.32108899913,0.328678891887,0.349053987519,0.00117812146446
0.383989730696,0.0285456195367,0.445812661554,0.141651988214
0.0780130738655,0.354519975508,0.327474762059,0.239992188568
0.482979148089,0.110111559833,0.370095003441,0.0368142886366
0.0218982164605,0.634786106189,0.0604169799915,0.282898697359
0.0437454424702,0.0292572526168,0.880647971833,0.0463493330799