0.361445927869,0.179283515707,0.134590710468,0.324679845956
0.0309023630923,0.945678959167,0.0213700206803,0.0020486570601
0.501204181105,0.288405854189,0.0980094917303,0.112380472975
0.0266141383042,0.206322001195,0.614114729897,0.152949130605
0.628807180195,0.294736019843,0.0481178037995,0.0283389961627
0.507371834691,0.316190240691,0.0260505067717,0.150387417847
0.456994209158,0.0621011457064,0.458241690014,0.022662955122
0.586000645035,0.307452153453,0.0126390263048,0.0939081752071
0.00852591874395,0.516750147845,0.136795504243,0.337928429169
0.690940099234,0.0159110352157,0.0153748611479,0.277774004402
0.0354041633932,0.120615711613,0.771996795044,0.0719833299503
0.289431428618,0.274744297658,0.233293374895,0.202530898829
0.0471476249484,0.940351567423,0.0112751301961,0.00122567743227
0.0721900115082,0.527930849481,0.258746274931,0.14113286408
0.386076913506,0.120729598582,0.436583856101,0.0566096318106
0.0963297484864,0.578608019622,0.251814911092,0.0732473207998
0.450184247576,0.0198483872286,0.396576232954,0.133391132241
0.042181132802,0.757711754173,0.11827474197,0.0818323710548
0.0229047494325,0.959577638798,0.0081042250008,0.00941338676841
0.618281491587,0.206758345589,0.0190739548295,0.155886207994
0.0899509782743,0.459065941541,0.293567184688,0.157415895497
0.712123581701,0.00885859093235,0.263359941542,0.0156578858241
0.0104746725571,0.969395616472,0.0193940853158,0.00073562565477
0.184235761979,0.266557944094,0.300974118753,0.248232175174
0.0245271260015,0.94126426645,0.0335559959743,0.00065261157419
0.0022073069837,0.00659610622382,0.988441497481,0.00275508931169
0.783044278823,0.166318540168,0.00327340691841,0.0473637740906
0.425939485579,0.535670794454,0.0353260494629,0.00306367050406
0.21030450638,0.0211712253436,0.11787486612,0.650649402157
0.0436176079642,0.115969386506,0.0971704572548,0.743242548275
0.229315054831,0.283129515429,0.375503588877,0.112051840863
0.0885201664106,0.830798357886,0.00408806011951,0.0765934155843
0.63259243505,0.264451300594,0.0368055660461,0.0661506983097
0.00132370248595,0.804569491678,0.173561945107,0.0205448607295
0.0257608621043,0.417325361184,0.0265768515695,0.530336925142
0.174875125998,0.620915883309,0.0653099448364,0.138899045856
0.654045687712,0.117783237631,0.0697863577016,0.158384716955
0.145945096199,0.120718825997,0.0208181195575,0.712517958246
0.244832643583,0.106871005523,0.604324180849,0.0439721700441
0.0032913833333,0.00571467669778,0.0371602147856,0.953833725183
0.0204276901835,0.535496069286,0.164299119725,0.279777120806
0.264625398231,0.34455111939,0.192828341021,0.197995141358
0.00473878472642,0.0241782937433,0.127324832857,0.843758088673
0.00688335441479,0.122138290753,0.303220939726,0.567757415106
0.392897819277,0.0561535183441,0.0137618128171,0.537186849562
0.0781292826861,0.0174797296661,0.857656959223,0.046734028425
0.531412272212,0.459594705636,0.0015715859301,0.00742143622218
0.303999096062,0.0294965423423,0.479975830271,0.186528531325
0.691892655304,0.00769147382359,0.155569466239,0.144846404633
0.0677596044989,0.807405554917,0.0285967517684,0.0962380888156
0.185617084143,0.0612401791576,0.647651840617,0.105490896083
0.0103989175513,0.323715169797,0.298985155639,0.366900757012
0.025177198833,0.551704345762,0.0247668091253,0.398351646279
0.0605444470299,0.894476143775,0.0202812874409,0.0246981217544
0.201054200945,0.0483007365704,0.693072652092,0.0575724103925
0.0534103995134,0.512205804493,0.392846297303,0.0415374986914
0.0336240496306,0.672014287234,0.293002591237,0.00135907189838
0.558644476321,0.239570071268,0.117280912083,0.0845045403279
0.0130751263652,0.00420722048964,0.940768235403,0.0419494177421
0.384732721524,0.278099066618,0.135115304651,0.202052907207
0.186196021595,0.443990789598,0.359818737094,0.00999445171308
0.00920622217235,0.611978129978,0.0632369202852,0.315578727564
0.105226820545,0.175948337976,0.289285244795,0.429539596684
0.124313171506,0.119859014029,0.368298877802,0.387528936663
0.26193301251,0.464458792852,0.230603008968,0.0430051856695
0.263243744544,0.0771448779832,0.0856865452971,0.573924832176
0.795891588673,0.0275852823842,0.0696384423083,0.106884686635
0.390269619602,0.0136582558967,0.118318537252,0.47775358725
0.175093955814,0.176050351601,0.201735543575,0.44712014901
0.142072329511,0.370608272247,0.386469572406,0.100849825835
0.769161168085,0.124124896909,0.0169789787323,0.0897349562744
0.956939572074,0.0187253688579,0.0167386962233,0.00759636284466
0.0614513253736,0.227398837959,0.32215454834,0.388995288328
0.114925605622,0.752369739334,0.024977696278,0.107726958766
0.10478755539,0.0935753372077,0.669875426299,0.131761681104
0.0541671437265,0.116872786448,0.27503862076,0.553921449066
0.460463599431,0.25490483458,0.192791223108,0.0918403428813
0.217773701905,0.248764004389,0.213126528792,0.320335764914
0.716899358221,0.0169279745429,0.247074377401,0.0190982898347
0.370170572056,0.0301358000309,0.478763239556,0.120930388357
0.0276243041147,0.435902895584,0.523394878515,0.0130779217868
0.00201969591353,0.964042226569,0.0177314170432,0.0162066604738
0.528051973765,0.0486953601791,0.0516189449629,0.371633721093
0.586078080013,0.256814105614,0.0140264805872,0.143081333785
0.446093250871,0.00484249018532,0.352315709967,0.196748548978
0.43988037782,0.0041655103939,0.534933677246,0.02102043454
0.361057824097,0.293521647063,0.273123180112,0.0722973487281
0.393218131651,0.130628919353,0.0465890802607,0.429563868735
0.00234582137929,0.00479317986415,0.990754858623,0.00210614013334
0.338228461832,0.180558730541,0.119131246011,0.362081561616
0.0746987126436,0.443891178945,0.0387354389615,0.442674669449
0.0429096724829,0.761190534365,0.153971932181,0.0419278609711
0.0475578066085,0.0456007963169,0.59274247964,0.314098917434
0.0573726575338,0.183322066344,0.00542529263472,0.753879983488
0.0395607496825,0.0160631954806,0.508711054693,0.435665000144
0.0053215855199,0.0848768757256,0.00744246724179,0.902359071513
0.0408666550272,0.203031907325,0.0667139680542,0.689387469594
0.375394013796,0.00980938503024,0.0776389359576,0.537157665216
0.180937912732,0.142879539347,0.0342736164556,0.641908931465
0.0643653789909,0.141272811807,0.756471928172,0.0378898810307
0.879208200654,0.0153320180441,0.0202276958484,0.0852320854536
0.933297735648,0.00415711514212,0.0353887926068,0.0271563566028
0.0793209730427,0.0723750732806,0.769731823035,0.078572130642
0.0904572011816,0.00267639329339,0.219788392256,0.687078013269
0.933971864297,0.0145176483517,0.0299807633345,0.0215297240166
0.49024555051,0.0132292123897,0.472355601739,0.0241696353615
0.465573812763,0.00296588087943,0.0556772665521,0.475783039805
0.940654884391,0.00742137067844,0.0382840387678,0.0136397061629
0.0672867130264,0.358639589499,0.393272078678,0.180801618797
0.0729225380117,0.021937043299,0.00217655522097,0.902963863468
0.0299539776973,0.642296527083,0.164458484959,0.163291010261
0.085850838293,0.221476344307,0.692006878677,0.000665938723356
0.0318308924025,0.849551790538,0.0305314531468,0.0880858639125
0.236055004359,0.0418858866141,0.288904195157,0.43315491387
0.0130082794203,0.200183856766,0.237116739336,0.549691124478
0.628180128924,0.102225796309,0.13812944385,0.131464630917
0.0258606277821,0.0373342053326,0.925023429882,0.0117817370028
0.0220356181957,0.0279273480036,0.942440083938,0.00759694986319
0.236391335672,0.0637158826346,0.0257513788656,0.674141402828
0.003772212552,0.0236778328436,0.192296370937,0.780253583668
0.00894469429001,0.141323513821,0.106599559224,0.743132232665
0.144775959791,0.520622109277,0.105604263576,0.228997667356
0.0992906133613,0.399430203163,0.000143907182794,0.501135276293
0.121091333899,0.230339444849,0.0846091191705,0.563960102081
0.503550595855,0.0552877856835,0.402030683771,0.0391309346898
0.353395959729,0.16327301892,0.251393889572,0.231937131779
0.525724086413,0.161359690276,0.146106583323,0.166809639988
0.841126751618,0.0310320028903,0.0770561471402,0.0507850983513
0.287448349442,0.184162355018,0.397789971545,0.130599323995
0.0203928983967,0.705529569591,0.0489690974113,0.225108434601
0.105284910811,0.401959793637,0.114136313766,0.378618981786
0.143355639453,0.0209205711514,0.00130915609559,0.8344146333
0.476442176489,0.124717388406,0.0794022681245,0.319438166981
0.0438729632637,0.236057007704,0.0544007521087,0.665669276923
0.00182697442866,0.000883644524687,0.996893597137,0.000395783909248
0.0131714812461,0.0153563791646,0.473369116912,0.498103022677
0.592881963535,0.327701996977,0.0685516435568,0.0108643959317
0.495622068092,0.217389899746,0.239625974818,0.0473620573435
0.221338062508,0.0425478171496,0.0707052915958,0.665408828746
0.471806441262,0.166472925643,0.0533651712534,0.308355461841
0.27653404245,0.222130860759,0.320999537303,0.180335559487
0.204230935026,0.596777912047,0.011778564354,0.187212588573
0.559537392695,0.218694677281,0.115074959399,0.106692970625
0.00236458591061,0.893696879364,0.0635441518334,0.0403943828918
0.00639044806293,0.0184175522365,0.939391404952,0.0358005947484
0.146530760802,0.179561299381,0.197840312237,0.476067627579
0.588373003521,0.0376914063527,0.0225138043164,0.35142178581
0.468379706345,0.0105055719563,0.255661072262,0.265453649436
0.104151191937,0.00685234943993,0.424179529746,0.464816928877
0.16498679888,0.00380489357227,0.058679676992,0.772528630556
0.149988662672,0.742719799779,0.0253827266577,0.0819088108909
0.505767901769,0.188201823685,0.13522062218,0.170809652366
0.650986840849,0.0026592334802,0.321954507671,0.0243994179989
0.0795519692105,0.035077759897,0.871625445021,0.0137448258715
0.0480765395008,0.470833662209,0.418894391732,0.0621954065579
0.217477601342,0.401095893579,0.200551612769,0.18087489231
0.659799126213,0.0356014281517,0.0391789526062,0.265420493029
1.39785661986e-06,0.392117475755,0.543866168743,0.0640149576455
0.00477325364464,0.918734196439,0.0108381727364,0.0656543771803
0.153383868398,0.0772129055869,0.637406581816,0.131996644199
0.27089855508,0.500735759541,0.0245044245997,0.203861260779
0.0200478427245,0.00162159303921,0.971137326561,0.00719323767527
0.885760848709,0.00358979360424,0.103996547459,0.00665281022727
0.308776701111,0.206072309512,0.0756513405446,0.409499648833
0.164127820941,0.104478542448,0.227089780489,0.504303856123
0.207687669021,0.308127993827,0.0349337913231,0.449250545829
0.00207843488334,0.12694093607,0.0905998168762,0.78038081217
0.956270327012,0.00191011457642,0.0353450437947,0.00647451461666
0.531018075915,0.134459118612,0.0835660296381,0.250956775836
0.393762732574,0.396150312241,0.0585845857631,0.151502369422
0.407318358424,0.555624464802,0.0276564194348,0.00940075733902
0.146952289948,0.0709947319504,0.165912633455,0.616140344648
0.0910746934882,0.402560705463,0.0616358026647,0.444728798384
0.426278879042,0.169342419066,0.315165293213,0.0892134086801
0.168062127057,0.045275299898,0.0257971004943,0.760865472551
0.523700355113,0.464484498945,0.00243560407597,0.00937954186569
0.283959002316,0.496039690936,0.0419678102221,0.178033496526
0.0628514128251,0.624361649116,0.0756647003851,0.237122237674
0.229918992126,0.0584283970338,0.388258926862,0.323393683978
0.496082374024,0.0537530906769,0.413027942446,0.0371365928523
0.78325180584,0.00431707117238,0.0680467414769,0.144384381511
0.0110212166217,0.798454107867,0.170185886358,0.020338789153
0.163939685248,0.667007266584,0.0689890294728,0.100064018694
0.0112887669868,0.0227523812297,0.425528201806,0.540430649978
0.0807003689465,0.143232770854,0.117394287074,0.658672573125
0.003772079428,0.000160326662968,0.238326703636,0.757740890273
0.0676034646885,0.929794724229,0.00180922679393,0.000792584288752
0.107096811661,0.397365931382,0.0500769529623,0.445460303995
0.0134765917189,0.172927960979,0.806983755263,0.00661169203899
0.283688960465,0.124587600685,0.391381993449,0.200341445401
0.785870203612,0.0904895558882,0.0130915875791,0.110548652921
0.538440994217,0.428214739525,0.0332383212417,0.000105945016079
0.936825348825,0.0101070932051,0.0375233395305,0.0155442184393
0.199945876335,0.01594284244,0.77958037284,0.0045309083851
0.0870284741757,0.0154847259664,0.0346377316077,0.86284906825
0.207101527804,0.721391106952,0.0314141555466,0.0400932096979
0.439637713438,0.0854087804369,0.458574975886,0.0163785302399
0.218999084631,0.11437893044,0.312162515753,0.354459469176
0.354685258104,0.0503760508044,0.13295087529,0.461987815801
0.228117679988,0.00638374936797,0.0923813497748,0.673117220869