0.944252773658,0.000292811907287,0.00627147551395,0.0491829389204
0.0390783349039,0.133469682117,0.118791150201,0.708660832778
0.134986502565,0.173268423178,0.45915003095,0.232595043307
0.0590174439303,0.0184319999756,0.803918131001,0.118632425094
0.0472504255299,0.937106205098,0.000641269337478,0.0150021000347
0.651463485121,0.294386121475,0.0179781854712,0.0361722079334
0.26270712643,0.150689711131,0.582133856011,0.00446930642882
0.0113470441504,0.561623882149,0.423334944061,0.00369412963937
0.292344775612,0.678811852122,0.0191828092894,0.00966056297708
0.597196902839,0.0139460383115,0.0389180359958,0.349939022854
0.0137302653981,0.0221407557255,0.669223278662,0.294905700215
0.122852505289,0.0665092190758,0.797830138582,0.0128081370534
0.212958226827,0.00270805215422,0.538518440799,0.24581528022
0.568159989717,0.269406456178,0.159707717463,0.00272583664143
0.0234801689667,0.196347402983,0.191428071486,0.588744356564
0.660298767726,0.0253094832423,0.0917706837825,0.222621065249
0.854428075954,0.0155731583187,0.0854955207705,0.0445032449566
0.114636204353,0.218243690268,0.153330551639,0.513789553739
0.0363343722466,0.169721398607,0.646233315686,0.147710913461
0.680484281056,0.0268414795728,0.233157494317,0.0595167450533
0.877109585507,0.0325444081069,0.0794409167652,0.0109050896206
0.0593217463454,0.0748633757654,0.0961641685877,0.769650709302
0.225867473874,0.708057809254,0.0226403671762,0.0434343496957
0.0216819968572,0.00363496585025,0.889438473537,0.0852445637556
0.0317134541195,0.258149459311,0.633252756812,0.0768843297577
0.0970199130852,0.628745381381,0.162225986233,0.112008719301
0.0276024418203,0.826706974106,0.0166966817036,0.12899390237
0.108657457125,0.604373438075,0.0314325449704,0.25553655983
0.0151392455138,0.03697414851,0.29737427409,0.650512331886
0.0558628907625,0.328821243413,0.071220964379,0.544094901445
0.106106637021,0.276568698779,0.579879885652,0.0374447785488
0.328187048969,0.173549792515,0.132112880803,0.366150277713
0.00284897297838,0.30139895824,0.683759616497,0.011992452285
0.0368648632668,0.45252004904,0.114488863426,0.396126224266
0.0379715504997,0.0281508237826,0.890459984813,0.0434176409047
0.270596670451,0.177787751602,0.0307272170205,0.520888360927
0.0194996849728,0.960861933218,0.000251463493639,0.0193869183151
0.00891439563266,0.0808289672758,0.739756311902,0.17050032519
0.0862676316971,0.676833116222,0.127065415267,0.109833836814
0.136774464643,0.42425344559,0.050161974477,0.38881011529
0.031279904262,0.016445017458,0.495023957269,0.457251121011
0.00530483211476,0.536238290261,0.0133384160379,0.445118461586
0.578179456574,0.151542467909,0.115814374762,0.154463700755
0.217510244448,0.0282805565075,0.678685326507,0.0755238725379
0.153199490769,0.132393317171,0.22511796145,0.489289230609
0.146354344818,0.0264029974332,0.00174788313678,0.825494774612
0.32867023503,0.0848665636451,0.0308021872258,0.555661014099
0.0391632704727,0.0364462574951,0.869906953659,0.0544835183736
0.0193986441078,0.0706316897496,0.0592056587645,0.850764007378
0.0591210384725,0.254958053965,0.585333393432,0.100587514131
0.0505574007697,0.0931677187401,0.663662983414,0.192611897076
0.00139064610103,0.161697235944,0.725126063914,0.111786054041
0.661385478031,0.0904644693283,0.16875237758,0.0793976750611
0.0455274839851,0.260393231439,0.280729014938,0.413350269637
0.0417679092506,0.0662777918403,0.576687302008,0.315266996901
0.0264359084302,0.251978769003,0.334245120934,0.387340201633
0.199734511153,0.123012092324,0.396774049572,0.28047934695
0.237299480899,0.448430756966,0.0577635317428,0.256506230392
0.0697669547098,0.455616393978,0.400176662037,0.0744399892747
0.378213497543,0.0575167133862,0.552617882606,0.0116519064647
0.293077271378,0.221399830791,0.45135709037,0.0341658074613
0.152502988202,0.64953559375,0.0714032491583,0.12655816889
0.0395183926171,0.0139799447409,0.0920001333255,0.854501529316
0.210090231576,0.0158795777778,0.0139976416092,0.760032549037
0.0347125912359,0.657389454756,0.230724394244,0.0771735597639
0.547350130724,0.100684146344,0.30162354429,0.0503421786414
0.244075610722,0.556789500712,0.172449758878,0.0266851296878
0.0185017720792,0.141143019832,0.00795984241925,0.832395365669
0.0137086963983,0.197269220484,0.0291465662117,0.759875516906
0.0252875480394,0.618136057335,0.109940252727,0.246636141899
0.065434694649,0.0122159555932,0.907256528481,0.0150928212771
0.336401896175,0.0668207327314,0.0370628309534,0.55971454014
0.115088096628,0.0531750846973,0.0976721154435,0.734064703232
0.00717286754998,0.349671486051,0.235974300922,0.407181345477
0.826473232821,0.00967102747688,0.00853768406829,0.155318055633
0.0249180087419,0.644306725021,0.106498746333,0.224276519904
0.230128438726,0.222624160834,0.346540378448,0.200707021992
0.0352156228762,0.311588669398,0.440698835299,0.212496872428
0.0448957185976,0.92032184401,0.0174124082078,0.0173700291844
0.0809836097337,0.0107739629918,0.0269851623975,0.881257264877
0.0876495378103,0.263949838493,0.0804942349422,0.567906388755
0.155081922817,0.173954324283,0.0532376245318,0.617726128369
0.00260791650409,0.993051412196,0.00166687406777,0.00267379723263
0.857627240157,0.0782800778714,0.02415502427,0.0399376577017
0.34386434331,0.00404284014932,0.0111390354924,0.640953781048
0.10209736768,0.337552017347,0.376377760697,0.183972854276
0.90317946856,0.00359245906238,0.0155413230434,0.0776867493342
0.18539807117,0.0591240714627,0.74018324311,0.0152946142579
0.0139824917812,0.938758990201,0.015645182201,0.0316133358169
0.00362446225385,0.332494260596,0.558004976585,0.105876300565
0.109040205549,0.00458451516172,0.835292720973,0.0510825583166
0.202315143918,0.00331172522312,0.0670714365427,0.727301694316
0.312020337249,0.0879648907993,0.195523624057,0.404491147895
0.0312523175663,0.0456885379405,0.875911128885,0.0471480156083
0.0464475982353,0.173042616431,0.763031441888,0.0174783434458
0.044501958409,0.00336374159126,0.435196425929,0.516937874071
0.00274718937779,0.00325263550748,2.43025510559e-05,0.993975872564
0.41433758981,0.0648110441142,0.366425662333,0.154425703743
0.411477884831,0.349490980546,0.0516471372224,0.187383997401
0.0666965488502,0.859678740211,0.0696197963836,0.00400491455481
0.43327182302,0.126109863032,0.430781372279,0.00983694166928
0.073204620369,0.574426184041,0.350445079687,0.00192411590322
0.0438505926725,0.766137766212,0.16748120316,0.0225304379547
0.0105248622734,0.00780968880132,0.302419121348,0.679246327577
0.634363267626,0.0660753784876,0.0877183909508,0.211842962936
0.295034169811,0.0843246119794,0.0192345332193,0.60140668499
0.942031328957,0.0409386994369,0.00137941382531,0.0156505577812
0.218189135624,0.217021146678,0.134631325529,0.430158392169
0.968145104502,0.00392912458254,0.0128069685475,0.0151188023678
0.116139470654,0.469253719516,0.302167368838,0.112439440993
0.0342925520896,0.425906022929,0.505945671288,0.0338557536938
0.719645940938,0.00126341691312,0.241875223405,0.037215418744
0.185917915679,0.00766112096617,0.780304711138,0.0261162522169
0.904231874839,0.0732621907966,0.000158690753895,0.0223472436103
0.00662600778179,0.21831008128,0.620525050786,0.154538860153
0.692740350556,0.0208213140637,0.255193846885,0.031244488496
0.00215615324466,0.247881936461,0.628389940426,0.121571969868
0.157008191982,0.812117246232,0.0259682049128,0.00490635687301
0.0703228017941,0.0430584137066,0.503854788577,0.382763995922
0.859106488926,0.000387196170148,0.136226632689,0.00427968221433
0.343529499975,0.120896656804,0.490735434844,0.0448384083776
0.0291861776175,0.000498449952089,0.958511556067,0.011803816363
0.0025043310701,0.1117892457,0.00144478254257,0.884261640688
0.894066387464,0.0180495316557,0.068114205732,0.0197698751478
0.240502390775,0.695993389167,0.0239486614157,0.039555558642
0.400649769032,0.208043493371,0.287445883697,0.1038608539
0.566985316198,0.0848874392363,0.268861381476,0.0792658630903
0.713399591532,0.100024403211,0.110171391474,0.0764046137832
0.0728069045119,0.410131893412,0.198990494906,0.31807070717
0.0673029337934,0.00848459174369,0.873611004741,0.0506014697219
0.834342971103,0.0316798595589,0.132422634203,0.00155453513566
0.16599967699,0.103193461847,0.226266226276,0.504540634886
0.0532145623948,0.0215639432032,0.885883085015,0.0393384093871
0.228584363375,0.0318823867289,0.0160976656957,0.7234355842
0.0287842283002,0.000134256145016,0.862855857633,0.108225657922
0.753566970349,0.0162961912685,0.00260821126454,0.227528627118
0.0420967640977,0.490140361635,0.0683499920873,0.39941288218
0.141489611289,0.0747348874977,0.227071627058,0.556703874155
0.0309253919078,0.948253044041,0.0123219178552,0.00849964619618
0.146496649257,0.19489309243,0.200015975511,0.458594282803
0.204758795935,0.221861014185,0.463550962877,0.109829227003
0.0347089949687,0.0030649150285,0.00847865078228,0.953747439221
0.0713775855617,0.800442842058,0.027112561264,0.101067011117
0.276656019255,0.00660769639386,0.706173161377,0.010563122974
0.242956863398,0.179041098185,0.290458016312,0.287544022105
0.12492098139,0.0745977808437,0.72797204616,0.0725091916055
0.229512008797,0.520785143808,0.0948351908014,0.154867656593
0.298134134915,0.115966130964,0.146166456847,0.439733277274
0.470929135373,0.104953600618,0.31595657023,0.108160693779
0.109779961788,0.304750750113,0.554761263068,0.0307080250313
0.454590321988,0.0301116830169,0.0248578746077,0.490440120387
0.0207495635681,0.425262096513,0.406631165937,0.147357173982
0.190028476604,0.0120755338405,0.682844588996,0.115051400559
0.155114259055,0.44202840299,0.337111289401,0.065746048553
0.347328910427,0.00265846998362,0.034967241439,0.61504537815
0.234421934981,0.287731000857,0.00946506715676,0.468381997005
0.000218864438805,0.999583794512,0.000183303278857,1.40377708125e-05
0.470615250088,0.258343001332,0.0863511078721,0.184690640708
0.105818120601,0.226165036332,0.435231289162,0.232785553905
0.698207678329,0.0640610805043,0.162454501895,0.0752767392717
0.256431743562,0.370102605858,0.249760303093,0.123705347487
0.349903661513,0.626825751485,0.00858843007817,0.0146821569235
0.95791072359,0.00743868941646,0.00307977609888,0.0315708108947
0.0126921993585,0.918125802552,0.0641870100103,0.00499498807931
0.0690660437685,0.0560417862069,0.805819256752,0.0690729132724
0.232675540264,0.45243364501,0.0750293748131,0.239861439914
0.975675968531,0.00508874060204,0.012279578923,0.00695571194374
0.386493328178,0.598985934047,0.00892390298278,0.00559683479167
0.0990636751558,0.117930086651,0.716113561454,0.06689267674
0.174134723093,0.0720918834576,0.233005582272,0.520767811177
0.26965156264,0.531488131068,0.126776928549,0.0720833777435
0.134908008503,0.254246547668,0.306621472574,0.304223971255
0.062717610733,0.0143452414773,0.000492237346871,0.922444910443
0.296088952968,0.19353440306,0.288084019219,0.222292624753
0.0994595793494,0.0159949110404,0.0104974433633,0.874048066247
0.0190666917794,0.820228830346,0.117877466247,0.0428270116277
0.04096656469,0.313016378359,0.331602658337,0.314414398614
0.400651497321,0.59319226845,0.0036633893402,0.00249284488831
0.029337817606,0.0065669305422,0.00969207099243,0.954403180859
0.09163133702,0.0277146235196,0.542187647354,0.338466392106
0.0305779969473,0.26970718047,0.494451509091,0.205263313492
0.332717885897,0.320512343889,0.272119275402,0.0746504948126
0.00764768502888,0.0108844574871,0.0170310518496,0.964436805634
0.154365544525,0.0497164097073,0.767851784457,0.0280662613102
0.624238978347,0.249468512169,0.0440205923929,0.0822719170917
0.295562480543,0.0457980667564,0.638168870939,0.0204705817617
0.014790680192,0.938867587999,0.0425268782661,0.00381485354272
0.0205962270675,0.087053905673,0.455915846651,0.436434020609
0.209730604538,0.100296754945,0.558578162595,0.131394477923
0.858587363718,0.0118833817967,0.0553116815071,0.0742175729779
0.0936719338258,0.172498591714,0.595286995083,0.138542479377
0.599263094653,0.150960846248,0.198613657805,0.051162401294
0.0142576149657,0.175843393316,0.0331061231424,0.776792868576
0.0191592575528,0.296487395076,0.538350731984,0.146002615387
0.0119685853643,0.0193999736111,0.50134735006,0.467284090965
0.943514680196,0.00219536409776,0.00306277087293,0.0512271848333
0.0242104600706,0.00026695376495,0.943794824489,0.0317277616752
0.914314423572,0.0361902268455,0.0362109180776,0.0132844315046
0.619312715911,0.264114199287,0.114554435836,0.00201864896677
0.295716299589,0.00713964538253,0.554554890488,0.14258916454