0.0241882739503,0.0445911146737,0.0468445775558,0.88437603382
0.553307875923,0.00341620466085,0.435038081011,0.00823783840573
0.231275135224,0.210415505327,0.0156585718177,0.542650787631
0.872527418626,0.0249932882614,0.0879144440476,0.0145648490648
0.0250072013728,0.932900267024,0.0174537258739,0.0246388057298
0.685635248063,0.030144091664,0.0250996842372,0.259120976036
0.509629456652,0.148650643966,0.164251537354,0.177468362028
0.00249201016219,0.715909219443,0.278476222717,0.00312254767791
0.0231696653725,0.592845429056,0.313712928897,0.0702719766751
0.162500417126,0.0122253449957,0.0188904788678,0.80638375901
0.0858672360086,0.326574374758,0.00128471029459,0.586273678939
0.286980358359,0.449631277344,0.239547888931,0.023840475366
0.0432958427704,0.159274477383,0.446682833983,0.350746845863
0.0537500159578,0.678469076152,0.0479406236833,0.219840284206
0.405014726552,0.0461117181427,0.00365846844617,0.545215086859
0.0136023411492,0.0222681404499,0.760951314097,0.203178204304
0.531477219501,0.0206527486742,0.0841254561079,0.363744575717
0.00718614200657,0.268769864866,0.675495611633,0.0485483814941
0.0324623982099,0.0360686739071,0.0988318967596,0.832637031123
0.494364688786,0.239850264855,0.237129508763,0.0286555375959
0.0275619112166,0.258453649313,0.00616043367008,0.707824005801
0.380770822376,0.123491050831,0.42497242296,0.0707657038329
0.134834667731,0.462918247924,0.204007421288,0.198239663057
0.0664483087698,0.403111694465,0.0192874400627,0.511152556703
0.0541702974309,0.0703982194529,0.778135634064,0.0972958490521
0.046383989515,0.0883043700757,0.0807498870559,0.784561753353
0.0369505177851,0.156135299091,0.369078917597,0.437835265526
0.106855695003,0.450499522385,0.120987352371,0.321657430241
0.705527653078,0.0819353764704,0.00434697660511,0.208189993847
0.255233171488,0.346093537263,0.35394664644,0.0447266448091
0.0126301502112,0.0454248848792,0.000599380358141,0.941345584551
0.43772294679,0.237696615359,0.191425704122,0.133154733729
0.104302208703,0.0020426205355,0.132186602714,0.761468568048
0.0552920809984,0.546640157944,0.144490237829,0.253577523229
0.159862548398,0.204281125969,0.0957638142855,0.540092511348
0.231208945721,0.0863955109841,0.584533169005,0.09786237429
0.619484465382,0.0416212778008,0.29529208334,0.0436021734776
0.948368301424,0.000416281348548,0.0171269228546,0.0340884943724
0.0482926329564,0.0760564025227,0.868321876409,0.00732908811168
0.427743931079,0.154863125103,0.334537962656,0.0828549811612
0.272384705743,0.0682561169506,0.542472047206,0.116887130101
0.00503392782027,0.0252220680117,0.0158267293728,0.953917274795
0.241970812134,0.446532524695,0.216460957579,0.0950357055924
0.0266002937619,0.514088694071,0.414997228094,0.0443137840732
0.803790480631,0.0103363624782,0.111554428052,0.074318728839
0.0257759523168,0.00667022973741,0.753175314849,0.214378503097
0.267676959404,0.54026438029,0.0823333704159,0.109725289891
7.10794388614e-06,0.0650186874466,0.891811830323,0.0431623742869
0.165904070278,0.0836472897057,0.726213322276,0.0242353177409
0.0713929900689,0.118725492694,0.599292925225,0.210588592012
0.0108932707047,0.17158297462,0.718841167693,0.0986825869825
0.382533476793,0.0263560286202,0.142155149543,0.448955345044
0.0203948440143,0.0451664269202,0.409780575578,0.524658153488
0.51033274157,0.0373652261593,0.438021353404,0.0142806788665
0.209067102365,0.234644609438,0.197752996639,0.358535291557
0.275500560472,0.50776809081,0.00685062198931,0.209880726729
0.052153010414,0.00254121951087,0.026006674761,0.919299095314
0.342115567726,0.392140555743,0.0602173686058,0.205526507926
0.0246917092445,0.757198629814,0.0994357923138,0.118673868628
0.0433784856316,0.789912275406,0.153470588815,0.0132386501482
0.0031245557629,0.0345951419964,0.363976311094,0.598303991147
0.0232916160257,0.897940406863,0.072146250222,0.00662172688956
0.00770213843847,0.928151266442,0.0524018499478,0.011744745172
0.170096704896,0.113442240096,0.141661722654,0.574799332354
0.0643535126682,0.750871648154,0.172578889931,0.0121959492464
0.16857122516,0.00361862719767,0.0125204253912,0.815289722251
0.644163608809,0.228444788704,0.1040260848,0.0233655176876
0.16791639067,0.805542437442,0.0118708379921,0.0146703338957
0.168019622367,0.251398034119,0.312187251033,0.268395092481
0.0521451619807,0.0174839570728,0.805133053546,0.1252378274
0.0582947211904,0.737228289453,0.137239215072,0.0672377742843
0.0203602955666,0.0184055979484,0.0889614718223,0.872272634663
0.244879529457,0.438664001127,0.0957555138201,0.220700955596
0.0965301118687,0.434636338688,0.425208857875,0.043624691568
0.119426717162,0.00511950547187,0.0309040228127,0.844549754553
0.534987754216,0.0385164179988,0.173454878707,0.253040949078
0.0448660581064,0.0884787460239,0.0326792831362,0.833975912734
0.0396878532458,0.388615808214,0.038492738917,0.533203599623
0.325421418904,0.396195198229,0.0766691641261,0.201714218741
0.93277949438,0.00758635327951,0.032203037835,0.0274311145055
0.0762261468474,0.0427948833182,0.729752027615,0.151226942219
0.22670905939,0.291931666339,0.465213754893,0.0161455193779
0.0107362627321,0.0172026305361,0.848135834489,0.123925272243
0.114246812098,0.0348200226883,0.801322128409,0.0496110368048
0.657266637217,0.0977728596912,0.236156635903,0.00880386718852
0.394084630635,0.383617421539,0.0868465409392,0.135451406887
0.0318152835752,0.00344409035641,0.210428602682,0.754312023386
0.0788429245598,0.833568522023,0.00990825496524,0.077680298452
0.618750233138,0.000889817790799,0.349004333218,0.0313556158533
0.242820556744,0.117000986187,0.558637965785,0.0815404912833
0.17653783332,0.0207539516208,0.600615884231,0.202092330828
0.123793386738,0.728651104538,0.140817446779,0.00673806194455
0.811829294492,0.0666569266879,0.0722432999003,0.0492704789199
0.0130284033686,0.302291058614,0.62673238295,0.0579481550677
0.00431571121822,0.251302974125,0.725153489036,0.019227825621
0.663574479244,0.225959535943,0.0842131213628,0.02625286345
0.030467073756,0.188144917151,0.0397989478877,0.741589061206
0.421661446292,0.0412488028904,0.488675609043,0.0484141417749
0.783150765569,0.0760861485672,0.112165206004,0.02859787986
0.529926866264,0.185173207391,0.0773932876096,0.207506638735
0.007436330029,0.261973531693,0.563651648559,0.166938489719
0.23065527476,0.278670622381,0.148391686888,0.342282415971
0.054162155905,0.515600061799,0.349049344062,0.0811884382343
0.0359561199339,0.503614944825,0.277138849624,0.183290085617
0.352914420199,0.21899775238,0.259372783638,0.168715043783
0.0135274003991,0.000433530465994,0.985649297373,0.000389771761722
0.00027579019369,0.532165696201,0.457951112168,0.00960740143658
0.104287694399,0.00953331170601,0.0847150998285,0.801463894066
0.126804956472,0.166397482505,0.0173194227786,0.689478138244
0.0363165681689,0.642221132909,0.273819471512,0.0476428274098
0.0840680412137,0.112530576545,0.0152850658025,0.788116316439
0.0687660776835,0.0607525680375,0.616362874529,0.25411847975
0.103707508801,0.487673000331,0.391200464718,0.0174190261505
0.0719471213672,0.0911355331155,0.00344921995406,0.833468125563
0.169262254256,0.152554660871,0.136764760944,0.54141832393
0.272471572965,0.0361264984491,0.577324881204,0.114077047382
0.0628789707605,0.00524043689301,0.910376490842,0.0215041015042
0.0754894048432,0.305976928773,0.257444406235,0.361089260149
0.708720028754,0.0715281427918,0.0503283331341,0.16942349532
0.36539670652,0.0620609338133,0.204520619448,0.368021740219
0.238900866167,0.00133005872118,0.558968186788,0.200800888324
0.699971072781,0.0145348840798,0.274985452766,0.0105085903736
0.463067692349,0.0480598794243,0.0349621803938,0.453910247833
0.711421431941,0.0636737170891,0.0844457627247,0.140459088245
0.275731373735,0.0784575870041,0.589577637982,0.056233401279
0.623749534803,0.0412671082605,0.320973774046,0.0140095828913
0.074948947962,0.586805787548,0.224125754137,0.114119510353
0.461989702999,0.125637871041,0.324229447198,0.0881429787615
0.101737943187,0.0883545245689,0.238404787222,0.571502745022
0.00184566377251,0.331477999424,0.0107629666603,0.655913370144
0.133093599608,0.0450031334244,0.821737577361,0.00016568960688
0.247459529829,0.0363515650689,0.492830307693,0.223358597408
0.979385607792,0.00422297605217,0.000627646289069,0.0157637698666
0.0171036181784,0.0084368211854,0.553648674519,0.420810886117
0.436047169875,0.0468277694021,0.415522250883,0.10160280984
0.491913011168,0.228587012715,0.0589782037482,0.220521772369
0.0172133472837,0.844060455187,0.0222094995184,0.116516698011
0.203693530595,0.384225583417,0.0243886232057,0.387692262783
0.322699821647,0.266158971092,0.283534807844,0.127606399418
0.563100827053,0.105415059224,0.199251584415,0.132232529309
0.537588685492,0.175970930433,0.137797523451,0.148642860623
0.590681573568,0.36971405405,0.03694385979,0.00266051259176
0.397971799633,0.40478337455,0.111274981858,0.0859698439594
0.713059360857,0.0934405142045,0.188050850891,0.00544927404812
0.0532755861505,0.0010565245253,0.944844951295,0.00082293802942
0.63230534985,0.139291818859,0.115180871026,0.113221960265
0.346377893108,0.00614140781242,0.0114173731586,0.636063325921
0.231208569934,0.57633584298,0.0660594684168,0.126396118669
0.359607276504,0.15298766468,0.0452357840004,0.442169274815
0.0848443878905,0.247882090727,0.372457599276,0.294815922107
0.0922795940023,0.830713090315,0.0295896647092,0.0474176509733
0.397125205647,0.340437732946,0.136321384444,0.126115676963
0.399155898142,0.088353191633,0.11077731596,0.401713594265
0.0105783071884,0.0404078249445,0.897555997869,0.0514578699976
0.0232884678249,0.0540649310891,0.0648675186549,0.857779082431
0.0587848488647,0.0377675335732,0.879389049875,0.024058567687
0.164086203122,0.596593593739,0.11717416791,0.122146035229
0.256508256391,0.254540076998,0.266557676809,0.222393989802
0.117239484211,0.853442088559,0.0258473663633,0.00347106086665
0.000143872781363,0.945315347377,0.0223359413319,0.0322048385097
0.479898625202,0.0272411812802,0.449681054485,0.0431791390328
0.587589717884,0.103550438338,0.229316074874,0.0795437689035
0.00374721765782,0.00456388366042,0.98812700278,0.0035618959022
0.044447708652,0.00828270460016,0.763557638545,0.183711948203
0.0696732398272,0.468779954474,0.0485279116045,0.413018894094
0.580089857539,0.220005090723,0.171839998586,0.0280650531531
0.192558939666,0.0439630334313,0.0674541711532,0.69602385575
0.22149358906,0.0904200226106,0.122744706987,0.565341681342
0.248015457267,0.258364402297,0.222048030642,0.271572109795
0.125407814049,0.337629319731,0.375534406625,0.161428459596
0.0733342953689,0.242424600009,0.00846401654092,0.675777088081
0.104621668144,0.16868358222,0.0587957076402,0.667899041996
0.0567304178467,0.272851276081,0.250125220606,0.420293085466
0.171346680577,0.428685092434,0.376516961115,0.0234512658737
0.0369665196886,0.961013561527,0.00196015141884,5.97673650708e-05
0.464148099655,0.112712360145,0.0739860757398,0.34915346446
0.237975173971,0.333011101698,0.19650062084,0.232513103491
0.376437656197,0.113103127208,0.414654509831,0.0958047067639
0.0332263276943,0.91649133538,0.0363678084678,0.013914528458
0.411702639093,0.196427604671,0.0206311600768,0.371238596159
0.141990863513,0.333290732089,0.0373359272279,0.48738247717
0.0386675771759,0.705930681415,0.172934484045,0.0824672573643
0.128790325995,0.315670970037,0.47447740624,0.0810612977288
0.0615211877911,0.109113874756,0.256713100462,0.57265183699
0.0381712286338,0.392738021408,0.536534576517,0.0325561734412
0.123712888187,0.637678057266,0.229150875651,0.00945817889637
0.491206438835,0.0636594759848,0.126107529537,0.319026555643
0.200372704153,0.195833828645,0.387385097309,0.216408369893
0.218380775719,0.292439299781,0.22761285943,0.26156706507
0.276835426308,0.107589714878,0.4456930389,0.169881819914
0.359649185951,0.00788875464989,0.0347762551446,0.597685804255
0.114036090651,0.0605249015598,0.0159157641846,0.809523243604
0.357161293104,0.105685276885,0.528644978506,0.00850845150392
0.00191962361492,0.190278657098,0.000811596396593,0.806990122891
0.0706999320507,0.0949774304666,0.0723737310387,0.761948906444
0.160340122445,0.217307672192,0.203674270253,0.41867793511
0.0173441208555,0.224741867402,0.138520792715,0.619393219027
0.546996359571,0.0116687657803,0.197657321913,0.243677552736
0.0107658561424,0.161631545043,0.0042771116689,0.823325487146
0.414727341797,0.0257186718395,0.349970321972,0.209583664392