0.00013689982755,0.911169511374,0.0157856562097,0.0729079325885
0.00197085989792,0.119360512752,0.876390115394,0.00227851195514
0.994792936272,0.00180215608629,0.00209253786776,0.00131236977419
0.526961364582,0.377010388183,0.0581725637788,0.0378556834562
0.0806007605696,0.676469683165,0.0764559468292,0.166473609436
0.311839342728,0.491102492344,0.161417843466,0.0356403214623
0.329582567976,0.00411498692519,8.02949704739e-05,0.666222150128
0.151476160435,0.0273639687159,0.0171250020099,0.804034868839
0.736377547816,0.0684796485837,0.078043162904,0.117099640696
0.105532114188,0.0678142964851,0.160697929267,0.66595566006
0.208269372929,0.442768293247,0.287825806803,0.0611365270215
0.0867990475049,0.178902039271,0.477700884828,0.256598028396
0.0133994757977,0.0142344080982,0.836747751205,0.135618364899
0.241775969424,0.0859867133424,0.255256191189,0.416981126044
0.0279991303669,0.899703562104,0.0652877421164,0.00700956541299
0.385139842798,0.0207904353657,0.0219665072707,0.572103214565
0.227093041856,0.692999218733,0.0647088255809,0.0151989138291
0.0296401450102,0.0856300968272,0.0655420336153,0.819187724547
0.893650302301,0.0403991204854,0.0157780025667,0.0501725746469
0.677642981968,0.134486457789,0.162675488368,0.0251950718756
0.327831053191,0.11187789302,0.226768987457,0.333522066332
0.195693562132,0.1965582702,0.58904524266,0.0187029250084
0.125178530825,0.0577713311416,0.344349570798,0.472700567236
0.0939970942481,0.853317608392,0.0123012101991,0.0403840871604
0.139684823586,0.13707654127,0.035456674149,0.687781960995
0.0127886471921,0.749632938551,0.226986697173,0.0105917170833
0.664309157672,0.0795246770091,0.0778834679428,0.178282697377
0.84444465327,0.129741458605,0.000207302179608,0.0256065859457
0.29570655998,0.0669786049563,0.285965433022,0.351349402042
0.070561698253,0.146583351734,0.270455773496,0.512399176517
0.146307938759,0.0132979770352,0.325869768421,0.514524315785
0.0953472741678,0.420110511165,0.00147602699995,0.483066187667
0.0407628600095,0.541079907272,0.155117306385,0.263039926333
0.000626161682635,0.28235504918,0.00412242886498,0.712896360272
0.0929646031388,0.777445588529,0.0857387968472,0.043851011485
0.0974917032361,0.803362892482,0.0357966216397,0.0633487826424
0.659711582495,0.256852384653,0.0567366562219,0.02669937663
0.198953417934,0.0135804530517,0.630438164719,0.157027964295
0.0842393751378,0.0291832866159,0.275649781328,0.610927556918
0.0140826545911,0.0120968456616,0.198767337358,0.77505316239
0.0660060264075,0.0178631137759,0.135354189158,0.780776670659
0.0306616808545,0.384573793958,0.115156870036,0.469607655152
0.0262455687967,0.849198179237,0.115750711062,0.00880554090445
0.817514539954,0.0679043218303,0.0927935288947,0.021787609321
0.215504189402,0.393224778157,0.285115086844,0.106155945597
0.273491768528,0.139636436271,0.435448957753,0.151422837448
0.339173805574,0.619206598181,0.00516465192943,0.036454944316
0.417632733695,0.282428231846,0.108537060733,0.191401973726
0.00906165207221,0.0693164371485,0.109220199759,0.81240171102
0.0409961673425,0.0272784955129,0.918570878439,0.0131544587059
0.249540275729,0.00612603076804,0.116076446168,0.628257247335
0.114520845754,0.0786666139772,0.0479851179133,0.758827422355
0.0369996008119,0.497357730589,0.0480519195786,0.417590749021
0.0530192200414,0.184899384148,0.736653774781,0.0254276210294
0.97386943997,0.0260434015047,1.87100968782e-05,6.84484283986e-05
0.00548237477828,0.204859615759,0.786779861584,0.00287814787918
0.676399802312,0.241831017181,0.021595711669,0.060173468838
0.270274781959,0.535647052262,0.167178982368,0.026899183411
0.477039173541,0.307524963575,0.108102371665,0.107333491218
0.462973896397,0.193992771596,0.0243286225535,0.318704709453
0.0503742907731,0.0529944289961,0.491316651366,0.405314628865
0.711084777728,0.0929760186359,0.0701552484106,0.125783955226
0.0261964204252,0.0536530949714,0.574402944709,0.345747539894
0.0256675917282,0.0169442967904,0.87713564161,0.0802524698713
0.183395232582,0.558479122787,0.252953866689,0.00517177794141
0.658993556645,0.0452434407691,0.129982493517,0.165780509069
0.0336630907774,0.207895748806,0.20537701921,0.553064141207
0.0787649714273,0.822968575188,0.0307778535046,0.0674885998798
0.699837632201,0.196637195341,0.0543447154102,0.0491804570486
0.0408606505966,0.262140715699,0.269268064155,0.42773056955
0.610562489703,0.287015241953,0.0692729163869,0.0331493519575
0.0634385806812,0.374453262963,0.0203890188379,0.541719137518
0.0923038742657,0.0172838882767,0.00723567259712,0.88317656486
0.0239813272263,0.00163805237117,0.0764496749146,0.897930945488
0.459868194901,0.0217878714961,0.202006751413,0.31633718219
0.00543688672034,0.342180106835,0.378289758119,0.274093248325
0.158214825517,0.122209398446,0.505587389383,0.213988386655
0.27056268629,0.125419007867,0.303554719763,0.300463586079
0.0277538640772,0.431658228203,0.328382629273,0.212205278448
0.667343228716,0.0339406222743,0.00479421115801,0.293921937852
0.275768437646,0.317654649579,0.191378595164,0.215198317611
0.756641993281,0.0119754882526,0.142693471744,0.088689046723
0.90781678695,0.0302853700126,0.0317195014353,0.0301783416022
0.00707676085345,0.000445121688696,0.0742404021502,0.918237715308
0.33545134404,0.0386191045698,0.508202677135,0.117726874255
0.724163665561,0.262291577545,0.00411738272339,0.00942737417062
0.379343479702,0.617255428214,0.00290372570484,0.000497366379304
0.0843487341425,0.413963157266,0.210971971679,0.290716136913
0.000409637526158,0.85254278929,0.14396341401,0.00308415917442
0.177484642898,0.189929471506,0.14838016568,0.484205719915
0.346242680566,0.00274400115002,0.0158157032234,0.63519761506
0.183806577525,0.760681601239,0.0419631242804,0.0135486969556
0.109499839742,0.199715419429,0.642445951518,0.0483387893111
0.11367314501,0.305724539596,0.0306094842971,0.549992831097
0.15072404649,0.0110898381403,0.0698486152361,0.768337500134
0.00872318613249,0.0100748419859,0.0464474372077,0.934754534674
0.0137116653753,0.887949255967,0.09352063938,0.00481843927808
0.659900472767,0.106917300957,0.0622562898095,0.170925936467
0.051555713505,0.605581061989,0.261803376639,0.0810598478667
0.101370235272,0.19948019655,0.0318861109774,0.667263457201
0.0373054753574,0.490717085112,0.383290622613,0.088686816918
0.910837601127,0.0100860131002,0.0351766456138,0.0438997401594
0.205356875463,0.276635562353,0.266183329295,0.251824232888
0.00810295340213,0.00389299274757,0.881220768436,0.106783285414
0.495995125716,0.369064192656,0.0204593237858,0.114481357842
0.0586453266987,0.0448373602818,0.87256913114,0.0239481818799
0.244765989571,0.0260584129836,0.697459854486,0.0317157429596
0.383461719423,0.230619398584,0.00306206213604,0.382856819857
0.352559193967,0.0604065922305,0.0680405636405,0.518993650162
0.505403356111,0.0048892414037,0.0289320793008,0.460775323185
0.131443631894,0.387984302335,0.358130396289,0.122441669481
0.0190875715718,0.102504001344,0.643507440652,0.234900986432
0.118650435533,0.0345840206928,0.0715489373209,0.775216606454
0.1737368472,0.325711456798,0.0925971331151,0.407954562886
0.75493576653,0.0368797887575,0.130052997346,0.0781314473656
0.586829393433,0.117015969843,0.279632593942,0.0165220427814
0.0398499203507,0.0345714040782,0.0314495890658,0.894129086505
0.770418111579,0.0103104987881,0.12415705816,0.0951143314724
2.41667061701e-05,0.342571336278,0.656835301838,0.000569195177935
0.0797946155516,0.325309588223,0.565546289426,0.0293495067993
0.0987900784363,0.139062287464,0.470797765362,0.291349868737
0.0205108583901,0.538700347705,0.438096723466,0.00269207043867
0.803083004927,0.0394073492433,0.0371003481587,0.120409297671
0.0306265883637,0.21762163104,0.736136104499,0.0156156760977
0.4683857141,0.129388738461,0.0610274955259,0.341198051913
0.0137485391577,0.0082258382014,0.0078664057195,0.970159216921
0.224345843401,0.392898311731,0.352478989761,0.030276855106
0.0391681518828,0.0556821320414,0.78439859957,0.120751116506
0.339784759641,0.0801715067216,0.109648480045,0.470395253593
0.00852787703332,0.858827433032,0.0869456256066,0.0456990643283
0.615328083144,0.167782453856,0.0585043912222,0.158385071778
0.353584105462,0.0845722985944,0.0480143024837,0.51382929346
0.0649634310212,0.000753087162364,0.0112372825597,0.923046199257
0.00636030740439,0.00982548174229,0.00468980781898,0.979124403034
0.00224602301509,0.658169076671,0.074670227655,0.264914672659
0.183200856572,0.0052641833913,0.308874401795,0.502660558242
0.036111225343,0.00032279880314,0.819957920133,0.143608055721
0.104145165406,0.0111854446724,0.00349053875868,0.881178851163
0.0914860686828,0.277633778163,0.629230328513,0.00164982464132
0.11214086611,0.250084807038,0.345214829882,0.29255949697
0.101852933295,0.188271256789,0.208246053902,0.501629756014
0.145114901722,0.11141223632,0.102081743049,0.641391118909
0.508358267716,0.233045898754,0.243589249594,0.0150065839359
0.0106520084358,0.13840195019,0.830304936341,0.0206411050329
0.0595805998253,0.314570697699,0.445524521089,0.180324181386
0.573395966548,0.11660259017,0.00223831877853,0.307763124503
0.486064243743,0.295236337061,0.0352251470118,0.183474272184
0.509389802179,0.134552740745,0.123396750288,0.232660706788
0.14231265156,0.702919764805,0.0715951197628,0.0831724638719
0.307672084153,0.393184210574,0.0736631181754,0.225480587098
0.332144855968,0.256627619654,0.0997767522921,0.311450772086
0.0303371647377,0.0168595474699,0.732476075247,0.220327212545
0.104273604653,0.332421713072,0.0222031086713,0.541101573603
0.512961648218,0.246259677332,0.08255584309,0.15822283136
0.202653503438,0.319792148777,0.414545574223,0.0630087735622
0.542055704881,0.0260379688718,0.309438913595,0.122467412652
0.139483994455,0.548893319338,0.305098513107,0.00652417309939
0.765414779288,0.0242886449951,0.0466344336956,0.163662142021
0.0508701207363,0.0833150052405,0.00757375378291,0.85824112024
0.0131208987235,0.0403033433557,0.422175559731,0.524400198189
0.148996960435,0.360240870697,0.369693719318,0.121068449551
0.555079713821,0.247918283384,0.00333945226789,0.193662550527
0.142907491879,0.407649930053,0.245694686403,0.203747891665
0.879178528989,0.0144893715585,0.0753872397624,0.0309448596902
0.066339291404,0.0404168457937,0.664452733442,0.22879112936
0.409955218359,0.0337307882147,0.367674459529,0.188639533898
0.0133264739277,0.142227038721,0.793608260297,0.0508382270546
0.0255369465605,0.790847332265,0.0817776177899,0.101838103385
0.980626611924,0.00178442274826,0.00577122185899,0.0118177434692
0.0535182907417,0.0355923959071,0.498597389208,0.412291924143
0.0225545686467,0.0894785704307,0.693272881231,0.194693979692
0.0149066385975,0.22416330635,0.759068017788,0.00186203726452
0.0432776953955,0.00268169316095,0.587428447189,0.366612164255
0.422211223927,0.252491974418,0.0837829353054,0.24151386635
0.654321444991,0.000503343192024,0.0310188396879,0.314156372129
0.0505635615839,0.0796079920811,0.0828102642507,0.787018182084
0.0924080022486,0.809819324661,0.0326178092976,0.0651548637926
0.81483316098,0.0717172458798,0.0513962648418,0.0620533282986
0.98333345214,0.00630431767903,0.00475934195143,0.00560288823003
0.348232134549,0.369786752083,0.0756441350438,0.206336978324
0.11322522072,0.801886908221,0.0472059028604,0.0376819681986
0.136604296947,0.0763461128481,0.104422100313,0.682627489892
0.16280548975,0.497070671165,0.234806823614,0.105317015471
0.113004243481,0.0448445284812,0.208302881181,0.633848346856
0.0733017904162,0.197840109561,0.0181545185245,0.710703581498
0.379385306621,0.106732246762,0.312776371767,0.20110607485
0.731284294582,0.182407697909,0.000158280014969,0.0861497274931
0.0301001335534,0.0160157664649,0.925086725602,0.02879737438
0.400010769449,0.00918748980795,0.0271353856786,0.563666355064
0.00264980158828,0.194767542859,0.766158927252,0.0364237283006
0.0157592343192,0.172887282867,0.0278885093984,0.783464973415
0.852796449506,0.00426712076866,0.00196495907741,0.140971470648
0.00839189235745,0.33023027757,0.0843414982167,0.577036331856
0.0965070311157,0.0642706933457,0.0604778739834,0.778744401555
0.0529854576635,0.799310803039,0.107409931972,0.0402938073249
0.279199226191,0.0337948981933,0.092855685331,0.594150190284
0.0198708302721,0.0313033634746,0.947325140371,0.00150066588222
0.137032127122,0.189118204201,0.00238895850767,0.671460710169
0.00216402379637,0.104342192242,0.000694296548375,0.892799487414
0.00554315122329,0.977310316603,0.00130774191372,0.01583879026