0.067448365136,0.722465964854,0.00388654956326,0.206199120447
0.0841470518993,0.329736899234,0.0423736102166,0.54374243865
0.285148922179,0.584139803987,0.00150456541809,0.129206708416
0.813650139943,0.165556668069,0.00649256298288,0.0143006290056
0.000906631705309,0.000578852463435,0.997622173162,0.000892342668924
0.142395699428,0.0103172420716,0.753646971074,0.0936400874267
0.331249268082,0.286697737347,0.304898455022,0.0771545395486
0.00138948904635,0.0417294269831,0.827644786575,0.129236297395
0.000276051828091,0.120747120078,0.188118071326,0.690858756768
0.375120208563,0.440352850916,0.101586736169,0.0829402043516
0.214545103287,0.615626796191,0.119965788724,0.0498623117983
0.257417559861,0.217883197396,0.446769393234,0.0779298495091
0.131933471417,0.774890198033,0.0585206205201,0.0346557100299
0.0633861256905,0.00105245994236,0.869645221883,0.065916192484
0.0320271167633,0.0990545870828,0.144008817478,0.724909478676
0.362888855448,0.103332901136,0.179270843052,0.354507400364
0.291457055974,0.148359019973,0.0751522220961,0.485031701957
0.0315954085374,0.006017117856,0.782263255114,0.180124218493
0.148954445137,0.453878471131,0.331360791134,0.0658062925986
0.33350027249,0.509396966636,0.0359972368594,0.121105524014
0.426807395505,0.0725869866052,0.337934166688,0.162671451202
0.265376222024,0.5104319682,0.0182867065905,0.205905103186
0.023568072363,0.0187779147479,0.00484259261219,0.952811420277
0.0770173434743,0.422105669853,0.167239576766,0.333637409906
0.0364418897318,0.500320634861,0.0865998009163,0.376637674491
0.301546450816,0.0927719884279,0.201414423296,0.404267137459
0.00752610737783,0.0820647281684,0.857292933225,0.0531162312287
0.589291977029,0.00919928648825,0.141902436018,0.259606300464
0.27142224162,0.0484316549749,0.399457980898,0.280688122507
0.0644987452265,0.0663091384129,0.0854269499812,0.783765166379
0.143692327423,0.120441002988,0.700500903656,0.0353657659338
0.596724335876,0.0424190176779,0.188176273251,0.172680373195
0.0445207241226,0.00951623058625,0.938949837719,0.00701320757261
0.235420573642,0.0934019424794,0.159328278922,0.511849204957
0.00343425119983,0.122220104636,0.851062817715,0.0232828264488
0.610816962339,0.183847861889,0.0514109712588,0.153924204513
0.0103858788283,0.00127237746647,0.984277546335,0.00406419736993
0.286080196315,0.105157968939,0.563217290888,0.0455445438582
0.167338913045,0.0916978979579,0.703871049897,0.0370921391001
0.012380086918,0.685697093206,0.195471200728,0.106451619148
0.197953434252,0.00303578016521,0.798178260086,0.000832525496824
0.725853734833,0.0595682195984,0.0270049828854,0.187573062683
0.479930749865,0.108723437596,0.0283608034228,0.382985009117
0.091886617683,0.895887295859,0.00730117091406,0.00492491554348
0.0282611499606,0.195435894124,0.688684964368,0.0876179915477
0.0428083535175,0.0135850398695,0.788885746547,0.154720860066
0.132467153584,0.33540046231,0.409922053738,0.122210330368
0.16555405517,0.129039544927,0.70448083684,0.000925563063164
0.00359929120698,0.960572447978,0.0197354642603,0.0160927965545
0.0105541127149,0.0157539477139,0.234735029432,0.738956910139
0.00514266392295,0.00910314105216,0.000623425115406,0.985130769909
0.306758808873,0.270083521094,0.192632574174,0.230525095859
0.115765134818,0.0152101815544,0.366322997318,0.50270168631
0.00241496047005,0.0442373175164,0.947910694665,0.00543702734831
0.475121344641,0.437908701195,0.0139819918329,0.0729879623308
0.456591583445,0.451010324671,0.081205027445,0.011193064438
0.677372587906,0.0411961474264,0.269611670661,0.0118195940063
0.0709947168131,0.470323395256,0.368837345585,0.0898445423462
0.0408765741049,0.0664003382124,0.00528886816216,0.887434219521
0.0950110683919,0.147762554315,0.349841579656,0.407384797637
0.0254143348971,0.302335258052,0.622658331736,0.0495920753145
0.0428576115752,0.236706170532,0.526818885121,0.193617332772
0.117595095272,0.536096094793,0.00208103697083,0.344227772964
0.505463251791,0.235819598307,0.182503812295,0.0762133376077
0.437225206706,0.146088597972,0.220275312855,0.196410882467
0.288869541805,0.708469578256,0.000491407319515,0.00216947261938
0.77640317621,0.128252092131,0.0152802970043,0.0800644346554
0.074458583082,0.741282638589,0.152739148664,0.0315196296652
0.00811546619166,0.312507155682,0.665990108086,0.0133872700412
0.813995547283,0.00969112679209,0.0121868812045,0.164126444721
0.293173991185,0.291025924485,0.104279886274,0.311520198056
0.104210078238,0.549996829426,0.253802314862,0.0919907774741
0.109534310041,0.200681352811,0.115486629541,0.574297707607
0.142834992293,0.211452610059,0.0787060749328,0.567006322716
0.000149768670886,0.0214819896452,0.00665471228795,0.971713529396
0.203505387968,0.0902437677136,0.283810593053,0.422440251265
0.00322549270499,0.587417451204,0.373067884287,0.0362891718039
0.0312693786938,0.0274108504304,0.16334901989,0.777970750985
0.269950841734,0.515942312789,0.0954059564916,0.118700888986
0.483859335996,0.0135960188083,0.00884736994801,0.493697275247
0.0544179051563,0.576058135653,0.0560078737783,0.313516085413
0.0946280615556,0.808877783277,0.0818100823538,0.0146840728131
0.795915718027,0.0881205760789,0.0539884719095,0.0619752339842
0.000435889370025,0.58352419153,0.0767107978033,0.339329121297
0.168679654597,0.0217557818311,0.669896588352,0.139667975219
0.016990680401,0.293928514663,0.00930012502348,0.679780679912
0.0948007336917,0.0965497018843,0.745094129318,0.0635554351055
0.0509506665392,0.00737540484512,0.925602763923,0.0160711646932
0.717337833672,0.139570521671,0.0120265329139,0.131065111743
0.337229614157,0.107044761577,0.280897621275,0.274828002992
0.00103076582521,0.766904158754,0.230041908685,0.00202316673517
0.0081417245013,0.0534987820409,0.27477460856,0.663584884898
0.0730864945907,0.0123833616075,0.865153982311,0.0493761614905
0.00130422489074,0.63680760353,0.014429846699,0.34745832488
0.137231787923,0.0656580673936,0.0621598711783,0.734950273505
0.00724940165374,0.00221148024207,0.980605207719,0.00993391038478
0.438512734484,0.358449776361,0.186789384894,0.0162481042607
0.0629183999429,0.405943329714,0.359752558706,0.171385711636
0.47500638946,0.0175089891509,0.33078673626,0.176697885129
0.318154348734,0.18413240828,0.116071759403,0.381641483583
0.990559006639,0.00428832139949,0.00125030484801,0.00390236711381
0.157889720027,0.208901206188,0.118169107615,0.51503996617
0.0147600841108,0.976849467414,0.00618901750617,0.00220143096943
0.275261720113,0.0818033066143,0.179738117636,0.463196855637
0.142020188057,0.650116316056,0.0257729688761,0.182090527011
0.0111019709139,0.0337707769929,0.940489348734,0.0146379033588
0.672338803249,0.229568615969,0.0516403632065,0.0464522175756
0.14191708163,0.292851752423,0.379877947574,0.185353218373
0.0489643479352,0.030090274115,0.00491600741889,0.916029370531
0.214670298413,0.0703727278761,0.637394666147,0.0775623075638
0.385669439499,0.0268130893995,0.142331407788,0.445186063314
0.542391254587,0.254526094605,0.138295785094,0.0647868657132
0.0880959034056,0.414537155087,0.0468398210497,0.450527120458
0.000734551720467,0.917721599007,0.0375463890203,0.0439974602523
0.285102155254,0.433268896269,0.18394289941,0.0976860490672
0.201006212566,0.154619617549,0.208012414489,0.436361755396
0.0113292470796,0.522136273217,0.16817995624,0.298354523463
0.373359980554,0.0280499112343,0.479728319423,0.118861788788
0.113326097399,0.365682983849,0.125419842075,0.395571076677
0.12285100726,0.472447554995,0.00500779438972,0.399693643355
0.487497155515,0.15154187053,0.143606066957,0.217354906999
0.00590498359783,0.0174737082375,0.944989257454,0.0316320507106
0.116515346586,0.431496832372,0.41098061681,0.0410072042326
0.0323168065736,0.767260370098,0.105694824792,0.0947279985368
0.0946247727771,0.440248105989,0.0118788784102,0.453248242824
0.306657523395,0.339346029525,0.15087760552,0.20311884156
0.042807677044,0.621719730688,0.203853608992,0.131618983276
0.110778884751,0.229747785139,0.57107187483,0.0884014552804
0.00111001990608,0.964789664162,0.0251469295899,0.00895338634231
0.84957268433,0.0108719078005,0.0308266897413,0.108728718128
0.896447244658,0.040129029256,0.0236813903681,0.0397423357177
0.107693393452,0.398442071966,0.341683418424,0.152181116158
0.0541974076792,0.922264762363,0.0136922233491,0.0098456066083
0.447726777135,0.269186031568,0.163073483013,0.120013708284
0.321646879513,0.460162838927,0.172667035001,0.0455232465592
0.0860576928702,0.122823825322,0.0151743798651,0.775944101942
0.53386646757,0.279014492763,0.00253616087156,0.184582878795
0.849752974573,0.0236424766248,0.112994375738,0.0136101730639
0.0057168459836,0.21786137019,0.17303967738,0.603382106447
0.11859754358,0.00173101689426,0.459275130212,0.420396309314
0.0964109319931,0.119995309264,0.0477818529955,0.735811905747
0.00101835663257,0.985193036992,0.000487704273036,0.0133009021022
0.592838321364,0.0580040630898,0.103645853292,0.245511762254
0.888488750397,0.0257842853598,0.0449320586707,0.0407949055723
0.129193048697,0.703938625943,0.0950638431722,0.0718044821878
0.0584701670307,0.674813341391,0.163523949933,0.103192541645
0.0912822865376,0.158484044294,0.162961825866,0.587271843302
0.7174875187,0.0289705359583,0.122747083258,0.130794862083
0.17164593878,0.0582990145406,0.742717548736,0.0273374979434
0.265895276846,0.0992929581776,0.01037501306,0.624436751917
0.152929860326,0.0878946931901,0.647618966075,0.111556480409
0.0203425842543,0.104027945594,0.861257475792,0.014371994359
0.315071235262,0.153517336641,0.278026880394,0.253384547703
0.719519627375,0.0610482133593,0.0070269999367,0.212405159329
0.013816791159,0.181467293899,0.363696255595,0.441019659348
0.298129688963,0.253182235526,0.103162757782,0.345525317729
0.0864645109144,0.111208772869,0.248980088862,0.553346627355
0.400837462504,0.0300933024201,0.0223911855979,0.546678049478
0.0134875066812,0.869608223248,0.068907342283,0.0479969277872
0.104656385145,0.00121348399556,0.0164264357976,0.877703695061
0.00435345556017,0.443521049421,0.0968828068705,0.455242688149
0.39286414062,0.0717136752473,0.531614601889,0.00380758224435
0.0159264899599,0.541745338498,0.0974504322627,0.34487773928
0.0111714471383,0.370702286627,0.616060932234,0.00206533400131
0.751188726755,0.108807985862,0.0708455987077,0.0691576886748
0.395865583973,0.0176458128612,0.369773904479,0.216714698687
0.189870345767,0.0552505464129,0.0436831909015,0.711195916919
0.295225534103,0.0691497841511,0.401921638762,0.233703042984
0.24427418462,0.0106346655243,0.742917271559,0.00217387829669
0.0459543563264,0.0832584629984,0.49456220105,0.376224979625
0.902520845847,0.0791697913696,0.0158685288076,0.00244083397595
0.00675268612098,0.897392183463,0.0413241830025,0.0545309474137
0.568679407366,0.0113058125292,0.0987349416367,0.321279838468
0.851560330405,0.0152217271927,0.0986589396869,0.0345590027151
0.0691790158594,0.00490773130609,0.874519667655,0.0513935851797
0.682003482001,0.190973501608,0.113341274107,0.0136817422836
0.399621513353,0.0384877497269,0.516307411444,0.045583325476
0.216400836919,0.322388882505,0.427782810627,0.033427469949
0.0406449508926,0.855563905624,0.0913458110878,0.0124453323958
0.000306119328156,0.989417828022,0.0098171937566,0.000458858893379
0.0445792241017,0.476778418026,0.271296814353,0.20734554352
0.0909360041865,0.652674932113,0.0269469433961,0.229442120304
0.052241449363,0.166657578186,0.775572033259,0.00552893919184
0.198347550408,0.106379927378,0.0306572232644,0.664615298949
0.0204311463663,0.213575553339,0.660779530765,0.105213769529
0.126310641045,0.043554430257,0.19933556244,0.630799366258
0.0931343315872,0.772370413049,0.11551916063,0.0189760947336
0.00776205724092,0.977168165249,0.00560535125891,0.00946442625151
0.246519057841,0.462971301207,0.290143019576,0.000366621376062
0.500011223669,0.104220209058,0.104191829712,0.291576737561
0.236102510925,0.133272241813,0.304673598816,0.325951648446
0.616054788706,0.030747481548,0.258629833708,0.0945678960378
0.940870948008,0.00994102794035,0.0042468825057,0.0449411415457
0.0455483037033,0.00470426538629,0.0554672195796,0.894280211331
0.0283046650117,0.70105383925,0.183468366614,0.0871731291235
0.0808458648561,0.429689087212,0.439900345092,0.0495647028403
0.222957393341,0.166858246723,0.00383805831584,0.60634630162
0.0310576231704,0.61909271882,0.306023846993,0.0438258110163
0.282742342521,0.672523757245,0.031848440958,0.0128854592756
0.799744722822,0.00158912681358,0.166840826243,0.0318253241215