0.013224674678,0.438570992889,0.09711577963,0.451088552803
0.433066506827,0.30701185352,0.134038569979,0.125883069674
0.0494174486244,0.148309029466,0.728132223953,0.0741412979563
0.46113262766,0.0425950658349,0.371504734145,0.12476757236
0.231587246461,0.693555207361,0.0576345456158,0.0172230005621
0.29280834089,0.167517717102,0.245714710646,0.293959231361
0.00591901292621,0.708284869522,0.0242621926067,0.261533924945
0.0434042960578,0.000126664681383,0.95644086953,2.81697307787e-05
0.525615560738,0.04498727346,0.012797451954,0.416599713848
0.0830385857529,0.00723311935542,0.0732529629561,0.836475331936
0.000364757148246,0.00104500881537,0.00588942228818,0.992700811748
0.324457714631,0.180342776556,0.411529065566,0.0836704432471
0.350269328875,0.133489385053,0.380166166831,0.136075119241
0.000543045192489,0.00114231784095,0.996460966283,0.0018536706835
0.035183640698,0.227385043363,0.0726992292376,0.664732086701
0.0819570294705,0.582165825273,0.280268586879,0.0556085583777
0.00246891165123,0.000106837167224,0.000719266429367,0.996704984752
0.0630398487913,0.816973491134,0.0430759539456,0.0769107061294
0.208110115853,0.494031944362,0.145477531482,0.152380408303
0.00627495485389,0.0231737383398,0.938177893217,0.032373413589
0.00198334132863,0.0494280887922,0.167570532754,0.781018037125
0.224327581421,0.00874617614045,0.694087158979,0.0728390834599
0.494122934774,0.46330551204,0.0255186972055,0.0170528559808
0.600815932689,0.125837198509,0.0335877163,0.239759152502
0.0905028235389,0.68465089803,0.0665589499858,0.158287328445
0.702694403862,0.0827280729585,0.136154707419,0.0784228157607
0.0461798846625,0.193877728832,0.627845508067,0.132096878439
0.130710416812,0.0906631610694,0.10918104307,0.669445379048
0.0075930835429,0.00365676442995,0.917933331469,0.0708168205583
0.0298233874914,0.0877234601971,0.849654355397,0.0327987969143
0.00548375664826,0.0329253990891,0.766609471801,0.194981372462
0.0154258716217,0.478184488145,0.367327964177,0.139061676057
0.0106685238513,0.632275825927,0.246188739397,0.110866910825
0.00771950801182,0.29847312716,0.412463576718,0.28134378811
0.0420248181947,0.888853675116,0.0446414215792,0.0244800851104
0.1281629244,0.26816981297,0.135635578845,0.468031683784
0.0114556194342,0.348693900223,0.266880309684,0.372970170658
0.0562400444504,0.519256030146,0.023257691604,0.4012462338
0.164881332783,0.327898147521,0.44318345888,0.0640370608152
0.410867024502,0.091761633454,0.19895742492,0.298413917124
0.524836862606,0.334965575302,0.0923072290982,0.0478903329941
0.0374366055165,0.239659176793,0.494728304718,0.228175912973
0.0316262821745,0.170644429121,0.675165296438,0.122563992267
0.171510280872,0.453474782032,0.0385147132893,0.336500223807
0.0141583612812,0.296546910443,0.211226123705,0.478068604571
0.36598530151,0.0223361802632,0.603907902137,0.00777061609001
0.652290391447,0.015611175681,0.302511708913,0.0295867239588
0.0526817505674,0.171499927145,0.0170771643453,0.758741157942
0.49812523148,0.0503985503912,0.0116688374,0.439807380729
0.783298520061,0.167992745197,0.0469992218371,0.00170951290508
0.237746531846,0.0343255426453,0.247640551209,0.4802873743
0.25971545471,0.561774503935,0.0689060251252,0.10960401623
0.050917451119,0.333534403663,0.597930549519,0.0176175956993
0.462619466015,0.202292708156,0.218171164666,0.116916661164
0.322250876997,0.0380892892873,0.338341759003,0.301318074713
0.0212449957594,0.0138188544122,0.835795196131,0.129140953697
0.0750748514989,0.259332993999,0.463053114119,0.202539040383
0.0703444954666,0.000470239089998,0.00759931334002,0.921585952103
0.00982707352486,0.000934835956652,0.00938722618657,0.979850864332
0.00649978674857,0.781939409525,0.119150515988,0.0924102877388
0.204518528054,0.378734227324,0.000773668141708,0.41597357648
0.379514923952,0.159164706009,0.184555384564,0.276764985475
0.00593201956969,0.54772699952,0.335603829826,0.110737151084
0.191264958678,0.0472048925816,0.00544623150711,0.756083917233
0.108273666526,0.620690434835,0.12646594143,0.144569957209
0.00658613581033,0.459448735827,0.465113335415,0.0688517929472
0.00191778575585,0.968685372151,0.0277245159376,0.0016723261557
0.926435401844,0.0272845766358,0.0145781344589,0.0317018870616
0.478886987881,0.269924617594,0.169216025597,0.0819723689277
0.000676011646354,0.010115474776,0.630524003168,0.358684510409
0.0064781123399,0.430107424866,0.0436051432887,0.519809319506
0.726911035264,0.0905835745688,0.0100818302513,0.172423559916
0.131731805408,0.00903949151524,0.00598992548969,0.853238777587
0.0758101041883,0.0903866332255,0.693082180726,0.14072108186
0.207274561871,0.74720990745,0.00834042268241,0.0371751079965
0.00362815284665,0.00110155367605,0.00561377400631,0.989656519471
0.328829003765,0.299021434811,0.33996590439,0.0321836570341
0.787733179957,0.0492706786976,0.0526076725271,0.110388468818
0.477239525203,0.257782065409,0.0738687534857,0.191109655903
0.0239137827734,0.0646761882878,0.063406824608,0.848003204331
0.772195786541,0.203445409095,0.0235963341807,0.000762470183985
0.0645411375606,0.096182602847,0.807463170497,0.0318130890958
0.0987301493728,0.767910494622,0.00700602863486,0.126353327371
0.0146537802174,0.0100121319443,0.813651579429,0.161682508409
0.0240770908186,0.266358638397,0.329673984902,0.379890285882
0.589510397084,0.00260167783328,0.0734187690755,0.334469156007
0.372941350608,0.0911816251315,0.262091357723,0.273785666538
0.990812581539,0.000875651540858,0.00395708685179,0.00435468006799
0.144637946151,0.776941197259,0.0319792854859,0.0464415711033
0.535332921668,0.267287409338,0.0403606273804,0.157019041613
0.125344368311,0.564163164164,0.0186810133034,0.291811454222
0.016586681462,0.85684905235,0.0438876995734,0.0826765666147
0.0290923328895,0.0250958669229,0.563503550741,0.382308249447
0.370589117043,0.113484867854,0.341697619888,0.174228395215
0.171358849446,0.0384150904902,0.129102748906,0.661123311158
0.368475232686,0.164020717357,0.113910637903,0.353593412055
0.132993286619,0.376467964977,0.058648006197,0.431890742207
0.572963984661,0.172281100197,0.100030998137,0.154723917005
0.354660089681,0.0725301881548,0.232910086305,0.339899635859
0.00218532628485,0.0677749007058,0.00297820308341,0.927061569926
0.0398971392726,0.680206839662,0.236438034169,0.0434579868964
0.179541753436,0.77850000799,0.00327060433147,0.0386876342423
0.140721394694,0.0886457007703,0.731143040957,0.0394898635782
0.0245415470579,0.255846362471,0.339226733887,0.380385356584
0.110225239215,0.517353878712,0.10708511303,0.265335769043
0.574177995733,0.152573976395,0.214450790687,0.0587972371853
0.376769860547,0.106634274464,0.502845463613,0.0137504013758
0.304993036443,0.521131215628,0.15995421789,0.0139215300398
0.413207378421,0.0107807062499,0.000229262821633,0.575782652508
0.284017448439,0.0234343014267,0.539212880427,0.153335369707
0.574977604622,0.0607612490501,0.108084005708,0.256177140619
0.00478857831442,0.899254616011,0.0957386625894,0.000218143084966
0.241040472113,0.349731275078,0.28945184438,0.119776408429
0.0574924595998,0.00408569605148,0.0252374894813,0.913184354867
0.403610838233,0.0749590456021,0.0544838276422,0.466946288523
0.288907032652,0.266335595556,0.397740617082,0.0470167547104
0.385811097388,0.355719694766,0.124061349237,0.134407858609
0.052295247339,0.0365788117264,0.00440532480281,0.906720616132
0.300656290476,0.0815992922833,0.0714724357146,0.546271981526
0.142275030797,0.00695633289222,0.590236550986,0.260532085325
0.0127066631058,0.647912607861,0.307907718193,0.0314730108401
0.341737614338,0.0886003287314,0.487172932161,0.082489124769
0.348042843334,0.396928292795,0.211270928812,0.0437579350585
0.00362724438078,0.847057168402,0.0217162884102,0.127599298807
0.0952790491529,0.0406957774879,0.674950156524,0.189075016835
0.537338799979,0.0665618339934,0.0591387477468,0.336960618281
0.191408220242,0.341823549735,0.184525826972,0.282242403051
0.180855105779,0.0209476804468,0.168530387315,0.629666826459
0.186063965768,0.483475565503,0.109021689515,0.221438779215
0.0518532875079,0.0584354813584,0.861205851871,0.0285053792623
0.0241402409168,0.696787982282,0.267771008432,0.0113007683691
0.270644221265,0.0407253941839,0.578537829195,0.110092555356
0.746363230136,0.031629779008,0.117810626363,0.104196364493
0.271217271299,0.438783902802,0.249896917761,0.0401019081372
0.0149501479714,0.0317926602911,0.932687119575,0.020570072162
0.0713351955993,0.0601374486338,0.167893904104,0.700633451663
0.0200976433342,0.103432080517,0.163281798143,0.713188478006
0.0171414775467,0.000737087748522,0.0199044600492,0.962216974656
0.168163366821,0.0477533601871,0.423652414577,0.360430858415
0.179507009331,0.146210009993,0.00369019008067,0.670592790595
0.208569060941,0.253347129606,0.402613539504,0.135470269949
0.055884102706,0.185193740238,0.375387768856,0.383534388201
0.225648678172,0.112599361795,0.00370920082132,0.658042759212
0.200504136993,0.00628599832348,0.305562833146,0.487647031537
0.637434563656,0.0549683686048,0.267828553911,0.0397685138287
0.0368883781568,0.843663764435,0.0289620988508,0.0904857585575
0.179154188024,0.472961957883,0.196298520977,0.151585333117
0.0885831262331,0.00132304863801,0.0205124566157,0.889581368513
0.0404191620989,0.0487045994727,0.864679355663,0.0461968827654
0.00108690021533,0.00723277726903,0.0464612400016,0.945219082514
0.841386474209,0.0773645731056,0.0490351044631,0.0322138482222
0.0322361598803,0.638530462007,0.157849480866,0.171383897247
0.0488194293171,0.0962024504527,0.0987786134687,0.756199506762
0.560809647373,0.0627893242607,0.110826150136,0.26557487823
0.0287028284041,0.939666701807,0.0107095958574,0.0209208739316
0.0173048465504,0.0720987014638,0.256181240223,0.654415211763
0.226301582161,0.431043838518,0.0678100677396,0.274844511581
0.227599696811,0.243845012758,0.130293647989,0.398261642442
0.307393240456,0.568390448138,0.0056114463178,0.118604865088
0.117587864009,0.31995455748,0.533180750659,0.0292768278517
0.459146988231,0.0388822933728,0.477596749537,0.0243739688589
0.107954852256,0.441813326778,0.414520785654,0.0357110353126
0.127315755646,0.0897260547112,0.746630552603,0.0363276370393
0.0641067907831,0.287868215645,0.49025454408,0.157770449492
0.00263574987335,0.00235053695132,0.991143642596,0.0038700705791
0.629006222044,0.35768681512,0.0109969947817,0.00230996805493
0.0108104669783,0.771208557176,0.08096362567,0.137017350176
0.418680377102,0.0553508859805,0.424825636652,0.101143100266
0.478152789391,0.0419231729648,0.163543287749,0.316380749896
0.105123466145,0.314729685421,0.201181556257,0.378965292177
0.00305720027584,0.0467073682527,0.11866409475,0.831571336722
0.853148794489,0.0528163516355,0.0682873967704,0.0257474571053
0.874596601789,0.000192010416543,0.0107194603936,0.114491927401
0.388189532787,0.127308752946,0.248085793717,0.236415920549
0.00269965030757,0.571129990138,0.0297240594165,0.396446300138
0.824208976354,0.0439194358104,0.0407402343168,0.0911313535187
0.497022204003,0.27363268303,0.0112166613042,0.218128451663
0.0209304878658,0.0422249428787,0.0741518147956,0.86269275446
0.141141965124,0.325022298675,0.461366748788,0.0724689874137
0.238434471406,0.125638724663,0.0507603961825,0.585166407748
0.006633213741,0.852056088842,0.136945054766,0.00436564265093
0.0164567092426,0.130497948132,0.803493909055,0.0495514335705
0.000296080349623,0.748230225054,0.248000712428,0.0034729821675
0.00199114580936,0.788145904887,0.0605319311309,0.149331018173
0.181019093223,0.110164098185,0.035706519147,0.673110289445
0.434634843627,0.00229266771281,0.194828270207,0.368244218454
0.672730437379,0.282056060523,0.0121517861787,0.0330617159201
0.00932557398506,0.360981575702,0.471719674798,0.157973175515
0.232524965377,0.288513584104,0.459212943678,0.0197485068411
0.442166992066,0.548256201327,0.00579408865912,0.00378271794777
0.457107164666,0.271162587816,0.264745173496,0.0069850740221
0.0191390466878,0.860293900908,0.0829602227666,0.0376068296373
0.180723291467,0.0886383546725,0.676529176714,0.054109177147
0.161224749732,0.310447731689,0.404847304395,0.123480214184
0.105965429361,0.653146700114,0.17537795491,0.0655099156148
0.0562427912311,0.00748803745643,0.930507946513,0.00576122479969
0.380284562228,0.0992940825841,0.208995744656,0.311425610532
0.243652473695,0.367832580458,0.0266020052991,0.361912940548
0.113108549511,0.585854402418,0.230037216991,0.0709998310793
0.0172752385442,0.039011575315,0.915283608034,0.0284295781065