0.0523422221822,0.00978211425017,0.182030300389,0.755845363179
0.385394368879,0.138249504607,0.45999003029,0.0163660962235
0.880319052956,0.0149131127151,0.0123471562855,0.0924206780437
0.0678383977981,0.0647390602307,0.713477526941,0.15394501503
0.198023150665,0.377341455549,0.159038280778,0.265597113009
0.577696870039,0.234243870611,0.0226642176933,0.165395041657
0.277956443881,0.0601796553055,0.587550873686,0.0743130271273
0.170025842711,0.0725979356192,0.192503849929,0.564872371741
0.167749221609,0.786082527014,0.0362609309729,0.00990732040336
0.0787678090447,0.001400114916,0.91658101724,0.00325105879976
0.398956315888,0.304867089436,0.129151781606,0.16702481307
0.405794142088,0.206307926043,0.0200559597186,0.36784197215
0.00116312705803,0.487273604539,0.00482520084638,0.506738067556
0.566929848416,0.346811414356,0.0305554139331,0.0557033232949
0.575768219183,0.304833127291,0.0787693485991,0.0406293049269
0.00502706246566,0.00201071311413,0.956268985424,0.0366932389957
0.831611528627,0.0022501942937,0.00956575461056,0.156572522468
0.258346145858,0.0625584368503,0.309690039863,0.369405377429
0.27055754623,0.0392837118821,0.212898270645,0.477260471244
0.107946418993,0.402053172913,0.479389324574,0.0106110835197
0.47294388215,0.27677314257,0.0745831919219,0.175699783359
0.071038812606,0.383389602563,0.406909078115,0.138662506716
0.304960691481,0.22812718622,0.114777459824,0.352134662475
0.820382036859,0.0336176253004,0.0473994508059,0.098600887035
0.0583365210611,0.824110603045,0.111696622213,0.00585625368016
0.415448714464,0.187313521385,0.275885179165,0.121352584985
0.484295054544,0.0377308580028,0.0199024116183,0.458071675835
0.00121364908617,0.00169044251547,0.00292474001015,0.994171168388
0.340063731678,0.426217575965,0.150204418738,0.0835142736194
0.0971318237231,0.24638081095,0.455286701439,0.201200663889
0.872902310026,0.000216701575163,0.00440081401301,0.122480174386
0.100096754334,0.0749350760472,0.525016281992,0.299951887627
0.249594399171,0.034519404907,0.574405237987,0.141480957935
0.93896026424,0.0171795274407,0.0395614223004,0.00429878601909
0.0533032823801,0.207345098769,0.643914799689,0.0954368191612
0.124417664499,0.211268046489,0.493606129878,0.170708159134
0.469419651521,0.000667920699556,0.00280994045885,0.527102487321
0.0636198031513,0.108318286574,0.0286958982023,0.799366012072
0.0587411659487,0.0141080936532,0.924003951552,0.00314678884597
0.0512442159028,0.352494906736,0.0857175084666,0.510543368894
0.0637763591218,0.200497484925,0.0648058269964,0.670920328957
0.00928337037189,0.246852965897,0.0141774612023,0.729686202529
0.0905774106288,0.302048271906,0.035006297148,0.572368020317
0.0935958766611,0.0362141413744,0.807111804333,0.0630781776311
0.625821745319,0.03820411113,0.258263017845,0.0777111257062
0.673684349178,0.316694059119,0.00266811625444,0.00695347544838
0.478687984127,0.0318753105057,0.25116586569,0.238270839678
0.108889116038,0.857668255383,0.0130714368162,0.0203711917632
0.000307882488283,0.00887883338478,0.990739202667,7.40814597483e-05
0.182338100516,0.473019679934,0.210619000789,0.134023218762
0.0173186601439,0.148497865709,0.828427966703,0.00575550744459
0.104464199528,0.13448085189,0.695530573196,0.0655243753864
0.00488044796399,0.022574432229,0.970746545449,0.0017985743576
0.351379944916,0.0694398745841,0.551355975638,0.0278242048617
0.0888686867873,0.0359885523568,0.740538271736,0.13460448912
0.896573419744,0.0264710679618,0.036228028497,0.0407274837971
0.11341982779,0.138048642693,0.127869007748,0.62066252177
0.58009462307,0.265221432512,0.0481431980961,0.106540746322
0.0403181414042,0.181459694894,0.508123602009,0.270098561693
0.172822569861,0.0914485960966,0.651452039588,0.0842767944548
0.04448910394,0.673802121059,0.230573347387,0.0511354276133
0.759844321679,0.00704067063456,0.117524467827,0.11559053986
0.962621282305,0.0171849638549,0.0148633882563,0.00533036558397
0.12476809239,0.607050604694,0.14630124593,0.121880056985
0.0287413460783,0.103751529126,0.312647656606,0.55485946819
0.172278971936,0.650981536304,0.152617797901,0.0241216938591
0.832085646898,0.000146983591274,0.134909316077,0.0328580534343
0.151072300517,0.408357733546,0.332000187721,0.108569778215
0.219730733632,0.536943259577,0.0114885802605,0.23183742653
0.10382387947,0.81803421187,0.056188508021,0.0219534006385
0.0710614228087,0.017162493614,0.723481082167,0.18829500141
0.0674599406613,0.443421963945,0.225472230907,0.263645864487
0.0522605868007,0.927047831757,0.0112453168872,0.00944626455519
0.0198680602968,0.366578468085,0.0633675448635,0.550185926754
0.0380281755562,0.469302546867,0.136744256055,0.355925021522
0.0255660075141,0.0128773283731,0.00350381523138,0.958052848881
0.593663468024,0.0411741783806,0.164509038659,0.200653314936
0.00691428531524,0.00388484291531,0.00520957532979,0.98399129644
0.0762629379769,0.341078792847,0.475832481651,0.106825787525
0.027005190994,0.0697636713756,0.778129494201,0.12510164343
0.115642244978,0.0554238265171,0.386031106052,0.442902822454
0.0692180613494,0.108794806747,0.238880044985,0.583107086919
0.418108322703,0.304823164357,0.254543515482,0.0225249974577
0.0326118067459,0.0276490354122,0.912122735121,0.0276164227214
0.441864958282,0.0891422059103,0.284931711902,0.184061123906
0.108373364364,0.125651360365,0.400310683544,0.365664591727
0.202410848978,0.0821513380902,0.664872242001,0.0505655709307
0.0585408979076,0.305133366753,0.0683045368827,0.568021198457
0.0120655890067,0.811110099377,0.00286046444238,0.173963847174
0.207169571587,0.684448961824,0.0993105635025,0.00907090308586
0.101306061728,0.121318433964,0.0473777524324,0.729997751876
0.0222879658822,0.00262174859888,0.922027854095,0.0530624314243
0.140250225988,0.115570357368,0.714029171991,0.0301502446531
0.0946391269868,0.412510579386,0.24934113572,0.243509157907
0.668856473562,0.295591593566,0.00238299320281,0.0331689396684
0.0105070537746,0.00500510545704,0.959419673846,0.0250681669223
0.595357393081,0.0286978467117,0.349671371327,0.0262733888803
0.00122205003865,0.998174982375,0.000400837826284,0.000202129760502
0.611730602068,0.348898401513,0.000846878273447,0.0385241181451
0.0247281657646,0.0400023544769,0.00897584717965,0.926293632579
0.00716173792406,0.707675958458,0.22776412228,0.057398181338
0.28382916325,0.0803472370818,0.10230601671,0.533517582958
0.0108247584744,0.572168084999,0.375732330268,0.0412748262589
0.243387202331,0.0633373830143,0.0114725005644,0.68180291409
0.0212090976242,0.0263230009589,0.327629565964,0.624838335453
0.20172632678,0.390273987741,0.364411403469,0.0435882820094
0.377937012364,0.205436744947,0.0474867057149,0.369139536974
0.0914094199149,0.160635908686,0.124848748045,0.623105923354
0.00449246538429,0.00187106835789,0.0580550736313,0.935581392626
0.457721274551,0.11822890189,0.209113328653,0.214936494905
0.141326251123,0.0790406153652,0.549600076567,0.230033056944
0.0619181680105,0.170891814174,0.750033054561,0.0171569632544
0.00982296496355,0.104876257744,0.0340979891415,0.851202788151
0.0717358897101,0.804834121979,0.108409598651,0.01502038966
0.475436663834,0.114785388165,0.283580688968,0.126197259033
0.0158245904407,0.0525756043079,0.898356380906,0.0332434243458
0.246502692374,0.328482524595,0.172777965486,0.252236817545
0.277948269517,0.268795242422,0.0566356330026,0.396620855059
0.135758531364,0.462353289956,0.318078629036,0.0838095496428
0.136963455493,0.335159702425,0.504881382069,0.0229954600127
0.0181161781866,0.700227997917,0.137676164379,0.143979659517
0.378657535058,0.0833036693714,0.0991268980233,0.438911897548
0.195812407986,0.329690458285,0.456853649135,0.0176434845931
0.000826340209217,0.00126979493525,0.745142017262,0.252761847594
0.365272531163,0.149537869266,0.461349984272,0.0238396152984
0.0334399228202,0.0271026737745,0.136807800672,0.802649602734
0.0270426188603,0.092685000652,0.70250326219,0.177769118298
0.185138168159,0.0914531115817,0.00834990239009,0.71505881787
0.984530068425,0.0136956162106,0.00147254213589,0.000301773228932
0.0871383460345,0.201700540398,0.0960282342289,0.615132879339
0.0469469904747,0.109330463389,0.487882649931,0.355839896206
0.299149241337,0.16632608303,0.11457277825,0.419951897384
0.0554657496292,0.0878802718649,0.770540621182,0.0861133573239
0.0415132169036,0.21327779487,0.175309987898,0.569899000328
0.0354951658139,0.335249602574,0.550021016826,0.0792342147863
0.211264953592,0.571560307746,0.0573456464944,0.159829092168
0.00764350557535,0.436912519535,0.0808841634536,0.474559811436
0.563927451257,0.0791133833396,0.206058648256,0.150900517148
0.00307998001112,0.00922742127675,0.985643599176,0.00204899953655
0.38696160359,0.0115169781584,0.398190015269,0.203331402982
0.866591789458,0.100085656709,0.0206369604353,0.0126855933975
0.406620017396,0.231634683015,0.142920544305,0.218824755283
0.0065700344753,0.057986206227,0.930716108333,0.00472765096512
0.000185410743129,0.619764356872,0.379126264583,0.000923967801936
0.195057028537,0.235279532071,0.226723586663,0.342939852729
0.0392952973912,0.870529902276,0.0768156996231,0.0133591007099
0.0800718968517,0.529475727748,0.0176473635391,0.372805011861
0.0207694575138,0.0702407648278,0.352243757652,0.556746020006
0.0933008158908,0.349352619601,0.318811794884,0.238534769625
0.668088076385,0.263008810002,0.0399726250721,0.0289304885409
0.0794941197434,0.630052811061,0.130135947064,0.160317122132
0.00923839541437,0.862032315948,0.087547979337,0.0411813093007
0.0210074658344,0.570777130737,0.00749721789336,0.400718185536
0.179872653999,0.353660779512,0.241286044188,0.225180522301
0.0119731259112,0.00361935592025,0.980724031149,0.00368348702006
0.161391668536,0.28711180333,0.213923371782,0.337573156352
0.840654037164,0.00932895755655,0.0272235023523,0.122793502927
0.932711329122,0.00865481584887,0.000592906475366,0.0580409485539
0.244396379804,0.633967375032,0.099412215269,0.0222240298947
0.192673570544,0.502051657831,0.247086289641,0.0581884819833
0.0552995795733,0.865466978514,0.0193770002758,0.0598564416368
0.253657358357,0.156506321968,0.0022851401153,0.58755117956
0.62011683255,0.252950013641,0.0561915017538,0.0707416520553
0.0499842659815,0.0876972380984,0.0970100068506,0.765308489069
0.201526494217,0.542909035767,0.113303035902,0.142261434114
0.102718356742,0.313524481744,0.0419328367773,0.541824324736
0.209653399707,0.0510688205076,0.27097669306,0.468301086725
0.0212864741972,0.205184058184,0.686211719603,0.0873177480162
0.0430625685316,0.06207977618,0.222228227542,0.672629427746
0.386192527722,0.337431333371,0.170374868875,0.106001270032
0.516207097679,0.0886620799042,0.373291880142,0.0218389422745
0.346284190114,0.310736372183,0.0574894605595,0.285489977143
0.0353424356629,0.620640658097,0.295385518324,0.0486313879161
0.313078588786,0.0240391548506,0.259151476093,0.40373078027
0.157511650165,0.0879937714418,0.678840602535,0.0756539758575
0.00225533571087,0.456628928426,0.227759647177,0.313356088686
0.0135192921259,0.000268139526135,0.986015367062,0.000197201286457
0.219394849355,0.123428093527,0.558245190291,0.0989318668265
0.247065046424,0.0482897299871,0.047542118432,0.657103105157
0.10101645397,0.0701775057569,0.65004783201,0.178758208263
0.0815688559829,9.85637151018e-05,0.00295706995518,0.915375510347
0.170730538153,0.0099383758749,0.50647533816,0.312855747812
0.000371336916422,0.871988074491,0.127404735266,0.000235853326492
0.121417163515,0.5054451344,0.0718862985138,0.30125140357
0.477039867241,0.145736035613,0.0748588394289,0.302365257718
0.177438938821,0.188432411002,0.00131735064876,0.632811299529
0.32733756359,0.129755835398,0.425432816361,0.11747378465
0.723499372892,0.172171682046,0.00824112416849,0.0960878208936
0.745960753504,0.00863773271506,0.151818686746,0.093582827035
0.0057254950112,0.0572055207934,0.0122080053188,0.924860978877
0.871786961795,0.0880843620806,0.00374722126194,0.0363814548626
0.00234068760313,0.993748980094,0.00246890778149,0.00144142452089
0.969020304065,0.00724741912932,0.00155106661535,0.0221812101905
0.00422048852957,0.00992600063941,0.0081179725797,0.977735538251
0.332099071367,0.144997427939,0.500072953052,0.0228305476423
0.873288817222,0.0304494368342,0.0816718071403,0.0145899388038
0.232086793991,0.307665821798,0.1530003256,0.30724705861
0.0304554922641,0.949645654526,0.00703195564136,0.0128668975688
0.277299487001,0.0192881243184,0.515360677419,0.188051711261
0.294314363279,0.315111031325,0.177229774836,0.213344830561