0.252260593087,0.315548605885,0.299820913017,0.132369888011
0.49421463768,0.0434503318592,0.114819521753,0.347515508708
0.120132663554,0.0452583112639,0.817938845067,0.0166701801149
0.745938979301,0.00381752330035,0.185917493795,0.0643260036032
0.132118258226,0.57937731176,0.136212883363,0.152291546652
0.0139297104997,0.003741570671,0.902059091091,0.0802696277381
0.344105447363,0.389391104348,0.145169422941,0.121334025347
0.0232386802874,0.228657012014,0.304563175247,0.443541132452
0.0693433128757,0.233046430503,0.061291255285,0.636319001336
0.0615624375403,0.56743439491,0.228672222416,0.142330945134
0.0569326237789,0.634567008431,0.0982235742592,0.210276793531
0.0755061764537,0.22721531733,0.336369687857,0.360908818359
0.00168066219283,0.55921478275,0.006576809158,0.432527745899
0.0374274735129,0.0457281418172,0.679719555753,0.237124828917
0.196783063736,0.333560963904,0.251515660171,0.218140312189
0.109752589554,0.0694731070077,0.0284989686008,0.792275334837
0.652213779329,0.131451419537,0.200391489518,0.015943311616
0.894868497843,0.0457179898135,0.0499204367068,0.00949307563716
0.475376087775,0.0885565068408,0.373692811252,0.0623745941315
0.0428929825996,0.00735831948733,0.757212431502,0.192536266411
0.0366163772448,0.138896079001,0.508793348197,0.315694195558
0.0199097750071,0.974975283108,0.000304691174624,0.00481025071005
0.105737584697,0.0506118525619,0.801679596862,0.0419709658784
0.513385311393,0.00299276519309,0.0082941204409,0.475327802973
0.0823553803759,0.337797734249,0.0346269715273,0.545219913848
0.416349634031,0.0206762683594,0.161730629435,0.401243468175
0.736534577989,0.227802949543,0.0212833374497,0.0143791350176
0.161822464397,0.354945213348,0.313870953657,0.169361368598
0.52374919887,0.0982784454237,0.0628762865267,0.31509606918
0.317271634765,0.331955105326,0.300097172316,0.0506760875933
0.281749610712,0.0523357257346,0.302132244427,0.363782419126
0.379716011389,0.00905577345828,0.160921269788,0.450306945365
0.124577930193,0.038414668002,0.0202279448472,0.816779456958
0.00188491458983,0.978900303251,0.0164230936879,0.00279168847085
0.030010823173,0.0310064982394,0.228992500715,0.709990177872
0.100329943155,0.1566257673,0.711089762536,0.0319545270095
0.192086412089,0.148930405517,0.0402714592728,0.618711723122
2.91513258499e-05,0.00609835803128,0.70167388264,0.292198608002
0.345929267875,0.422703408306,0.226990281974,0.00437704184519
0.37272798673,0.0321446306127,0.41547764556,0.179649737097
0.00699327762817,0.0465124913244,0.00756737727188,0.938926853776
0.868866493039,0.0421677212998,0.0176072531317,0.0713585325297
0.034479537569,0.0341559349706,0.418692730724,0.512671796737
0.579772050756,0.370050208568,0.0077615885566,0.0424161521191
0.156851115808,0.218785793804,0.300816561319,0.32354652907
0.267095192224,0.0303740533086,0.606120484538,0.0964102699299
0.0348775414662,0.027994134979,0.226641004761,0.710487318794
0.0281401470555,0.010896952925,0.00292371583616,0.958039184183
0.00381905195186,0.0664688638823,0.166566803143,0.763145281023
0.34382415065,0.0386296249857,0.384077923749,0.233468300616
0.189106732203,0.241287812404,0.390745730369,0.178859725025
0.408632418562,0.150468041303,0.132856850397,0.308042689739
0.0657645223536,0.579983341047,0.335265744453,0.0189863921465
0.285067458877,0.316440997467,0.0606118181538,0.337879725502
0.110304528463,0.472096621993,0.296034337128,0.121564512416
0.0055282227397,0.106887604242,0.349759644176,0.537824528842
0.523762833524,0.154173497246,0.209600419665,0.112463249566
0.280345842861,0.165548793337,0.502558886524,0.0515464772775
0.674962761066,0.0035212663177,0.00431375376281,0.317202218853
0.138715268427,0.0463440382376,0.71516175592,0.0997789374151
0.0171373004547,0.0247811923682,0.482970883882,0.475110623295
0.252150921219,0.625136967931,0.0135669406723,0.109145170179
0.0818557523987,0.0424352562316,0.00380030173759,0.871908689632
0.888317560929,0.000665005249692,0.0603264400916,0.0506909937296
0.132238442608,0.15149182045,0.0142721735225,0.70199756342
0.0388405401679,0.808021392115,0.0422734898058,0.110864577911
0.359849476732,0.0772677936611,0.267752900081,0.295129829525
0.148480932947,0.535558795791,0.0346942150795,0.281266056183
0.168520653523,0.229748417235,0.121217694592,0.48051323465
0.220912698935,0.289259417543,0.469943926549,0.019883956973
0.718856919132,2.96348518459e-07,0.278229885395,0.00291289912462
0.0142817239923,0.121358568252,0.806698758285,0.0576609494709
0.00500479283474,0.708435160526,0.165631499436,0.120928547204
0.305802695025,0.245058319996,0.377882053693,0.0712569312864
0.0240851837111,0.949062552547,0.0260321786758,0.000820085066036
0.00197851979099,0.841963084854,0.143556114369,0.0125022809862
0.0475977946514,0.217777688984,0.0794653767932,0.655159139571
0.511703162842,0.337663490854,0.00958866286584,0.141044683439
0.996860709661,0.00128713312105,0.00159126146191,0.000260895755831
0.232935669336,0.271139658052,0.334123889267,0.161800783345
0.167502386121,0.290218520743,0.15557607453,0.386703018606
0.101169409826,0.296339766734,0.596300482685,0.00619034075477
0.0453178693588,0.304980965443,0.113386556169,0.53631460903
0.492431077645,0.0527709549676,0.149324284229,0.305473683158
0.0349684522991,0.0553832469029,0.484364184874,0.425284115924
0.0568312884239,0.148233220769,0.459113427462,0.335822063345
0.0141540687241,0.0908274448058,0.109105398492,0.785913087979
0.079098523722,0.155322764542,0.0530835810941,0.712495130642
0.293199475197,0.107101503991,0.48342286661,0.116276154202
0.00725865950688,0.00469808759633,0.290105432919,0.697937819978
0.532883405286,0.196965664556,0.0591037092591,0.211047220899
0.0314487106117,0.242498290063,0.460729809468,0.265323189858
0.581939609485,0.0569978874183,0.344631401352,0.0164311017452
0.16183491234,0.135442389822,0.65237084139,0.0503518564477
0.0546828305218,0.170197919074,0.591356329786,0.183762920619
0.0726488483124,0.104852113898,0.383884474185,0.438614563604
0.765409782071,0.0574931162265,0.122479481989,0.0546176197139
0.0828284241046,0.118915414809,0.757868301053,0.0403878600333
0.376859512937,0.149412519815,0.0578808031841,0.415847164065
0.0385365305154,0.197494546245,0.27604473798,0.487924185259
0.0948144539818,0.13686750835,0.435370992124,0.332947045544
0.00435143114509,0.0171152539396,0.958276224407,0.0202570905084
0.0197398333454,0.0550727373109,0.747288079562,0.177899349782
0.00882696186611,0.0347633861546,0.208959747833,0.747449904146
0.104950221706,0.8873381357,0.00606088546218,0.00165075713208
0.666173992594,0.0614770081151,0.229355168008,0.0429938312834
0.192878082377,0.171947579356,0.545196048419,0.0899782898483
0.0323269083559,0.338562514102,0.00222081264922,0.626889764893
0.290228123671,0.136998949138,0.183527776773,0.389245150418
0.138821969077,0.0601173648993,0.0718604039207,0.729200262103
0.103651463067,0.76835828039,0.00664834649626,0.121341910047
0.3091324508,0.229579800431,0.313428530631,0.147859218138
0.180169972071,0.162214212894,0.164004805435,0.493611009599
0.00230571534682,0.520155361541,0.0856354781823,0.39190344493
0.0362316432323,0.447940072334,0.459159599532,0.0566686849018
0.0767421622164,0.899425475692,0.0161825160829,0.00764984600897
0.292767399422,0.158770250029,0.498712434957,0.0497499155928
0.0146520667991,0.0162113495734,0.960428940144,0.00870764348338
0.25021805134,0.522174249339,0.212604591241,0.0150031080803
0.143249120686,0.812235854524,0.00565380855731,0.0388612162322
0.01487543023,0.0355389718658,0.472272863054,0.47731273485
0.144134289791,0.315497731863,0.0271213433081,0.513246635038
0.0108344364396,0.0865932037483,0.406977470921,0.495594888892
0.183569802589,0.422844327606,0.185041581004,0.208544288801
0.0261760602094,0.0026560054824,0.0642733581152,0.906894576193
0.0702753779961,0.00873160417996,0.155866850168,0.765126167656
0.380559897533,0.306102719067,0.0710501109215,0.242287272479
0.146136616993,0.742175841658,0.00131828035555,0.110369260993
0.437350454341,0.298969798107,0.129327294077,0.134352453475
0.167700500324,0.319906832194,0.20282032142,0.309572346062
0.00321139523033,0.384597582096,0.141243876316,0.470947146357
0.700980715207,0.0912105271785,0.0814342576747,0.12637449994
0.0577916630754,0.0516759381557,0.880441301845,0.0100910969244
0.225446004779,0.321109104404,0.452916867062,0.000528023754518
0.000359719004239,0.405233481797,0.548087878331,0.0463189208678
0.0971824669327,0.0715888701583,0.0454130576443,0.785815605265
0.728118049185,0.0652355673187,0.160601118021,0.0460452654757
0.0304362313534,0.957810422489,0.0115020575654,0.000251288591715
0.367849695625,0.0488340197918,0.332025044616,0.251291239967
0.722238175501,0.0722921301837,0.133360043383,0.072109650932
0.360881935513,0.520664886589,0.0552744691462,0.063178708751
0.0420331755581,0.15516126908,0.0820974372455,0.720708118116
0.419506941617,0.425682271689,0.116717993947,0.038092792746
0.101607774698,0.149014661143,0.502354720855,0.247022843303
0.136037487136,0.0390091362943,0.252875564188,0.572077812381
0.159056734884,0.0136620054906,0.130487742281,0.696793517345
0.0926194780785,0.0778541099675,0.11686820767,0.712658204284
0.73806142467,0.0954295215473,0.105464556348,0.061044497434
0.0059873541537,0.0187683883248,0.77896400962,0.196280247901
0.108085137648,0.763351332281,0.0532762593637,0.0752872707072
0.227282122275,0.168704261073,0.16798850966,0.436025106991
0.0871948707294,0.365741624252,0.491982827909,0.0550806771095
0.0841650420358,0.672326305487,0.0530046765993,0.190503975877
0.15470214862,0.0538870227732,0.139827527273,0.651583301334
0.0222689980033,0.834552040237,0.0466607453573,0.0965182164027
0.959223374843,0.0116012088831,0.00172857076818,0.0274468455054
0.00631620116385,0.542054056484,0.448413543335,0.00321619901691
0.820511388443,0.0787272356444,0.021844701034,0.0789166748781
0.0411196609812,0.0484855398425,0.872060972803,0.0383338263732
0.0321204204923,0.182038439939,0.0884688940158,0.697372245553
0.301084998356,0.191379876375,0.306133632179,0.20140149309
0.0735771130896,0.353264340586,0.46627025841,0.106888287915
0.0340911950095,0.100081806827,0.343625763254,0.52220123491
0.159651035111,0.557883166918,0.181900907421,0.10056489055
0.0917230567293,0.15228686112,0.672976919722,0.0830131624287
0.0749554293332,0.0388263615326,0.0285815159735,0.857636693161
0.325100455318,0.314054538553,0.0992704282924,0.261574577836
0.289914702676,0.203767611222,0.120367996172,0.38594968993
0.0167907317352,0.689306554669,0.00914585975758,0.284756853839
0.0643093760415,0.40295883597,0.136929509126,0.395802278862
0.0942296608459,0.0722646263421,0.0373168928696,0.796188819942
0.0135105170109,0.40662935496,0.212988089058,0.366872038971
0.0398810660191,0.0147764092605,0.809634396029,0.135708128692
0.00362108290212,0.373589294191,0.464263747531,0.158525875375
0.0657984593326,0.0114772131272,0.81828029213,0.104444035411
0.367059168363,0.0744834382963,0.188651964557,0.369805428784
0.526649968867,0.025470800722,0.428879175284,0.0190000551273
0.0389028081985,0.0484400387736,0.902851245767,0.00980590726122
0.344108847673,0.0460315153794,0.0427221191785,0.567137517769
0.724878317581,0.196808983121,0.0737494620352,0.00456323726271
0.205760125388,0.0300636691499,0.736173092665,0.0280031127963
0.126568227799,0.118136540308,0.0675131834952,0.687782048398
0.000155781833038,0.598283808719,0.00822354409644,0.393336865352
0.0705051300745,0.0306807825117,0.878368641407,0.0204454460064
0.041041079778,0.0966219707942,0.598030578147,0.26430637128
0.00902641472964,0.945222362248,0.0281695334962,0.0175816895262
0.110245304376,0.572376489807,0.234729326586,0.0826488792307
0.414952533392,0.416672462202,0.125715494959,0.0426595094466
0.0332760570301,0.00471754174459,0.930631708171,0.0313746930544
0.311557517225,0.674712228391,0.012132816226,0.00159743815824
0.0218181336234,0.243795388744,0.702711190683,0.0316752869494
0.0107000864361,0.424245258075,0.545140613519,0.0199140419698
0.0970003040197,0.551634074381,0.168628388322,0.182737233277
0.544283259881,0.201541875328,0.127916067036,0.126258797755
0.131486710438,0.101786693356,0.373671518915,0.393055077291
0.00757518384854,0.7866976988,0.0141406612476,0.191586456103
0.0226482354337,0.192089800263,0.779278668145,0.00598329615846
0.0925698581789,0.209372483106,0.307191581493,0.390866077223
0.130779696756,0.13865762149,0.167687899778,0.562874781975
0.11890881223,0.0646498244903,0.305262650229,0.511178713051