0.358523417354,0.0938513786887,0.424083251456,0.123541952501
0.199986063547,0.100443344968,0.695561644737,0.00400894674814
0.245780554517,0.302779724387,0.264509765893,0.186929955202
0.314375510283,0.0153339707712,0.570570523913,0.0997199950319
0.00735449364862,0.107221681626,0.0150026204594,0.870421204266
0.0646505614287,0.0189388497919,0.341288013835,0.575122574944
0.0287219339366,0.0191980603169,0.141069702679,0.811010303067
0.973330802585,0.00851930530612,0.000427450077841,0.0177224420313
0.0183626051169,0.00537924403572,0.00960028336561,0.966657867482
0.661300568326,0.024768676171,0.0376344004621,0.276296355041
0.899046212868,0.00035537358625,0.0990520380286,0.00154637551708
0.221571077262,0.0910646125312,0.122408401291,0.564955908915
0.233396498856,0.0146965111991,0.572960817863,0.178946172082
0.0200549393968,0.0217170877864,0.0810589531267,0.87716901969
0.431108419921,0.0754285121734,0.327679236667,0.165783831239
0.692364122349,0.225711335997,0.0577070942671,0.0242174473871
0.0592355063464,0.458746620557,0.10664379806,0.375374075037
0.0263706439316,0.857586059433,0.111354140818,0.00468915581737
0.277470110539,0.705683334727,0.00676187908917,0.0100846756456
0.190699047859,0.399009185464,0.0230153822837,0.387276384393
0.0258930169055,0.8593394419,0.0428189041756,0.0719486370185
0.164118882871,0.0465070836011,0.49660887684,0.292765156688
0.342500953784,0.0910097238818,0.558690972148,0.00779835018598
0.0527166124951,0.13701796674,0.417170892867,0.393094527898
0.392322035817,0.282523917107,0.251012492487,0.0741415545891
0.180113439887,0.512285684785,0.0432213070253,0.264379568303
0.00512578363605,7.34954991237e-05,0.310889415156,0.683911305709
0.533476844387,0.0381173424533,0.14604725624,0.282358556919
0.666808434157,0.194176261708,0.121608685184,0.0174066189518
0.0409056680186,0.163453798285,0.210839979755,0.584800553942
0.317748358999,0.196279986974,0.0632349364827,0.422736717544
0.686229570805,0.162351879355,0.0353883949839,0.116030154856
0.174493025046,0.280821071995,0.320087684658,0.224598218301
0.153310375136,0.158137731749,0.0663290280717,0.622222865043
0.176229294555,0.00819380858377,0.706915189866,0.108661706995
0.641544345129,0.0970293612391,0.256270367807,0.00515592582417
0.10465844569,0.534981932161,0.0158234747975,0.344536147351
0.0192260187256,0.000286890634501,0.979401229588,0.00108586105157
0.0455207650227,0.304306306851,0.0574341193963,0.59273880873
0.00234519570128,0.430779545224,0.135524126554,0.431351132521
0.0366292186604,0.550068159328,0.389103035518,0.0241995864928
0.581609679477,0.314914242003,0.044265003242,0.059211075278
0.775809621296,0.0342520810865,0.136847035139,0.053091262478
0.0812352122057,0.775247069953,0.106797992477,0.0367197253636
0.489654939635,0.0228780990346,0.466615697436,0.0208512638942
0.168733039154,0.654402992069,0.0503464040039,0.126517564772
0.530646848214,0.105931766482,0.0495855372165,0.313835848088
0.327777260803,0.162767366886,0.436618812447,0.0728365598638
0.0552979237917,0.0394853673987,0.0268707603387,0.878345948471
0.800930249521,0.1123246749,0.0149608424742,0.0717842331046
0.0630225159161,0.00995036471326,0.159559989117,0.767467130254
0.0298115750655,0.92074877915,0.0167391702176,0.0327004755666
0.51729265759,0.330253990283,0.0263387281188,0.126114624008
0.194377183541,0.328102201911,0.10679112872,0.370729485828
0.136346240508,0.00386646326511,0.798170448224,0.0616168480027
0.0930288614788,0.00862131255674,0.319976061879,0.578373764085
0.647665465251,0.0169133327496,0.324821925286,0.0105992767132
0.181019762504,0.419224212194,0.235193073854,0.164562951448
0.164845390866,0.622386951061,0.117009922207,0.0957577358657
0.000725763772732,0.992708835135,0.00109841945053,0.00546698164131
0.301456408702,0.146952498588,0.102603746592,0.448987346118
0.686870964065,0.0680930475079,0.0421223630472,0.20291362538
0.695936049124,0.00732882739559,0.0136241260801,0.2831109974
0.791338724678,0.0583906296757,0.036464632642,0.113806013005
0.000571838420428,0.906799100506,0.000505999163971,0.0921230619092
0.267051661819,0.184649912271,0.198112492198,0.350185933711
0.226343788072,0.0314728680829,0.00859510157511,0.733588242269
0.443365088324,0.0270773523879,0.470804074017,0.0587534852704
0.904702801165,0.00548732005414,0.00495980013003,0.0848500786508
0.147044430782,0.00599779834242,0.101586743053,0.745371027822
0.228929386128,0.764553623725,0.00112834176176,0.00538864838501
0.544481550184,0.146695095666,0.272493605067,0.0363297490826
0.177978575928,0.654715886849,0.0779013505501,0.0894041866734
0.136853117475,0.170825743081,0.458855182168,0.233465957275
0.469754697452,0.0980979161195,0.0724052346805,0.359742151748
0.184355932545,0.277961720682,0.0187326405085,0.518949706264
0.626980350022,0.0621412793828,0.0713862317363,0.239492138859
0.368059592584,0.0402367264716,0.45437110312,0.137332577824
0.0270788976543,0.0567940345395,0.0254947436284,0.890632324178
0.969152616733,0.00527008517427,0.0151001060217,0.0104771920707
0.123058837343,0.21202018346,0.244468016714,0.420452962483
0.0704411445734,0.0606216955545,0.545558368204,0.323378791668
0.0279064841266,0.709110389792,0.200355906358,0.0626272197229
0.440288920609,0.0647947046391,0.176984291916,0.317932082836
0.0703222963508,0.0551879795066,0.833138878773,0.0413508453696
0.0143493604481,0.674517618093,0.00583542447431,0.305297596985
0.228640723699,0.556481901815,0.146333420533,0.0685439539527
0.0611785214669,0.0498923971959,0.635790298674,0.253138782663
0.268958034487,0.34762250063,0.165010213563,0.218409251321
0.0957741411281,0.241908887229,0.158117370799,0.504199600844
0.0999716012296,0.172994408562,0.575152677604,0.151881312604
0.0239139188738,0.271737546519,0.510530865722,0.193817668885
0.0546094531007,0.192003219373,0.123311820761,0.630075506766
0.00510769174714,0.15331262405,0.380291496465,0.461288187738
0.951572606147,0.0163258164952,0.0223244880312,0.00977708932624
0.919136924248,0.0798203011993,0.000799315388495,0.000243459164605
0.00313837100915,0.483636108161,0.121152595842,0.392072924988
0.00301021941817,0.00100159899755,0.212463086869,0.783525094715
0.0100970064719,0.00109485819708,0.961929220862,0.0268789144686
0.057906349482,0.00252649975881,0.922151577333,0.0174155734267
0.455478152538,0.439510681958,0.0525607533186,0.0524504121862
0.00385061747743,0.696470810294,0.280526662106,0.0191519101226
0.0263024929408,0.141551431786,0.726965457498,0.105180617776
0.112060740114,0.302145561711,0.0169065535499,0.568887144625
0.0499479517988,0.0835036796784,0.182509822225,0.684038546298
0.649729580654,0.0298073230637,0.000502966261436,0.319960130021
0.0206921988208,0.5962583144,0.244723784384,0.138325702396
0.0124155333923,0.0224833580069,0.00837857166297,0.956722536938
0.115700626424,0.0394593003573,0.289023725143,0.555816348076
0.399830642294,0.357253891613,0.0593044057387,0.183611060354
0.0606526300949,0.391321134013,0.272950297467,0.275075938425
0.780397384873,0.118060656015,0.0543792359992,0.0471627231127
0.227898869172,0.409729846185,0.355020480846,0.00735080379679
0.0265145037028,0.84096298266,0.093238087286,0.0392844263511
0.00520184223467,0.075887353504,0.0456876399727,0.873223164289
0.115883801423,0.128256801971,0.701685060206,0.0541743364007
0.507962426019,0.198048437346,0.0729028288456,0.221086307789
0.0182992618874,0.00286582939199,0.88561263976,0.0932222689606
0.108615373349,0.590113025831,0.0956338121758,0.205637788644
0.745014312384,0.0137533069896,0.00609074509998,0.235141635526
0.120330263738,0.291621387385,0.513279150372,0.0747691985053
0.611214783498,0.0495423559214,0.0466344418166,0.292608418764
0.664832992701,0.318938027609,0.00979249660406,0.00643648308596
0.144058598874,0.306242386131,0.282883994538,0.266815020457
0.136809194755,0.44376548882,0.302933068247,0.116492248178
0.971094280223,0.00553906311491,0.012612741077,0.0107539155854
0.729881412991,0.0175438736594,0.033462576687,0.219112136663
0.00271731767083,0.788616496555,0.00720373768391,0.20146244809
0.112271242965,0.0742853132172,0.2829242109,0.530519232918
0.172782476922,0.21986512135,0.176357312447,0.430995089281
0.762339457615,0.0462531275974,0.0447894836241,0.146617931163
0.147072023914,0.728529502951,0.0136970744693,0.110701398666
0.790702546358,0.100512964186,0.0506563855217,0.0581281039348
0.826882686997,0.103459312008,0.0110656058138,0.0585923951813
0.00056155385427,0.00550212870732,0.988082739397,0.00585357804135
0.0282954311108,0.0093642569382,0.819325388105,0.143014923846
0.01197194144,0.96082520597,1.12200992028e-05,0.0271916324912
0.615535240774,0.0320567501059,0.28677590766,0.0656321014597
0.0472167190054,0.263941056728,0.214986037806,0.47385618646
0.375712225736,0.242229380305,0.34324595224,0.038812441719
0.282749662914,0.0965852852214,0.603337273561,0.0173277783043
0.532332236877,0.0371656734159,0.388980944027,0.04152114568
0.0163277059017,0.0373561803893,0.0346071963548,0.911708917354
0.0272078406502,0.0627096720726,0.308871025931,0.601211461346
0.185102863282,0.206016878016,0.215635001085,0.393245257617
0.879264732982,0.056742908726,0.0393233900567,0.0246689682348
0.478378886082,0.0155965036036,0.474563864985,0.0314607453297
0.311344633076,0.0945502567114,0.529487139258,0.064617970955
0.0149410931138,0.0698669396102,0.506126011961,0.409065955315
0.417367573631,0.304951035748,0.135907365494,0.141774025127
0.5475142164,0.269520486292,0.117209892744,0.0657554045643
0.39086049322,0.29965510694,0.248000498689,0.0614839011511
0.0315831579185,0.0598245515266,0.0199979150828,0.888594375472
0.0973852051177,0.0383973008173,0.0669956584893,0.797221835576
0.0347481934377,0.174257618394,0.766358414794,0.0246357733745
0.244362446439,0.582971491673,0.126705752751,0.0459603091375
0.286789185275,0.0438868959377,0.415540374876,0.253783543911
0.0871561235432,0.029101329323,0.279408545467,0.604334001666
0.307206748624,0.157238488511,0.266846624621,0.268708138244
0.093531641294,0.000211599060731,0.0761136971076,0.830143062538
0.0874437269289,0.101582995604,0.367527164889,0.443446112578
0.129583848723,0.322144313075,0.275378210088,0.272893628114
0.750034797686,0.230780037588,0.00648839897847,0.0126967657479
0.601635858008,0.101488194615,0.0318261933441,0.265049754033
0.373948280573,0.143494647368,0.437150761447,0.0454063106111
0.227894410493,0.564105098041,0.180599757212,0.0274007342531
0.0032535300851,0.220705760229,0.755177397341,0.020863312345
0.266899515891,0.104911712847,0.102759186725,0.525429584537
0.374916503376,0.0773606996582,0.0018532537659,0.5458695432
0.148298000967,0.0928609330266,0.0539260104937,0.704915055512
0.0824556565559,0.151500977037,0.692886724159,0.0731566422477
0.00216262683375,0.000471575203539,0.000740988181419,0.996624809781
0.086920299462,0.58080122719,0.27793050408,0.0543479692678
0.867524093348,0.0720949810351,0.00344152214725,0.0569394034695
0.0362231913477,0.118886822136,0.799205680348,0.0456843061684
0.00757826396616,0.00335605768808,0.700723869038,0.288341809308
0.0494486067846,0.0410137656893,0.899452956079,0.0100846714467
0.531412156611,0.0430598425311,0.289890988499,0.135637012359
0.095461711086,0.050333145148,0.727465228248,0.126739915518
0.249784939072,0.381822224962,0.24711081895,0.121282017015
0.569872484625,0.0431666151002,0.379267550534,0.00769334974054
0.195187103851,0.111188256048,0.620653924218,0.0729707158833
0.0857280020332,0.277847643474,0.0635597490118,0.572864605481
0.268541037611,0.146686147854,0.127037544146,0.457735270389
0.216707147358,0.0164083085227,0.707813387227,0.0590711568926
0.0346320577522,0.0459344091915,0.346840313958,0.572593219098
0.192426279077,0.0348356014387,0.149695663644,0.62304245584
0.0839975493256,0.226259760226,0.447198387055,0.242544303393
0.575587474968,0.0401004683902,0.223905575904,0.160406480738
0.281682570337,0.0438960450769,0.275021337363,0.399400047223
0.251456119238,0.670061039331,0.00459648284219,0.0738863585889
0.091010168645,0.241442560265,0.451098620525,0.216448650565
0.246398164766,0.695516676617,0.0435713312103,0.0145138274068
0.0986866216893,0.264745981351,0.153981882108,0.482585514852
0.311208889877,0.0323607067503,0.582106777313,0.0743236260595
0.00864356277716,0.811211387093,0.0863193212529,0.0938257288768
0.608130861891,0.215810313953,0.0374457316155,0.138613092541
0.0162377716583,0.55549868466,0.000265599307019,0.427997944375
0.30551580864,0.204237459246,0.195971966883,0.294274765231
0.0903989509863,0.709735207957,0.00775669123417,0.192109149823