0.302898882297,0.457990506006,0.202414231645,0.0366963800526
0.220191407654,0.266386715727,0.0712372002446,0.442184676374
0.23413872394,0.518348531089,0.246199338692,0.00131340627887
0.011564879333,0.473043828067,0.00290783225473,0.512483460345
0.0510947169516,0.902629045481,0.00952958841785,0.0367466491492
0.0497892444554,0.539426273688,0.036224338663,0.374560143193
0.517968827816,0.269885534447,0.15704665855,0.0550989791875
0.00488189710956,0.760628249557,0.0427832105232,0.19170664281
0.0523688384835,0.320877952067,0.196577034322,0.430176175127
0.909537195269,0.00652649812782,0.0806799688772,0.00325633772553
0.476425805381,0.0232066666647,0.294348911515,0.206018616439
0.807945859723,0.0185996692474,0.00442096401397,0.169033507015
0.789190341777,0.0327992203478,0.0367771295335,0.141233308342
0.755491963182,0.216054624139,0.0125675272592,0.0158858854205
0.0388928979932,0.0541608869231,0.817092352931,0.089853862153
0.0395614981879,0.0351827809429,0.851667608268,0.0735881126009
0.194888338101,0.425840702861,0.165657767882,0.213613191156
0.370810999405,0.118575254069,0.220074765753,0.290538980773
0.159231790885,0.174271215098,0.47909970934,0.187397284678
0.435978786849,0.321544271532,0.0146954945658,0.227781447053
0.139946891542,0.785226293286,0.00450436026268,0.0703224549094
0.494243672467,0.313202015102,0.0688148274993,0.123739484932
0.295742877944,0.114225608141,0.581374733968,0.00865677994734
0.0900655350352,0.041857056868,0.730408462163,0.137668945934
0.833572615105,0.014970502503,0.107878332902,0.0435785494892
0.075711076351,0.724425481692,0.137771612207,0.0620918297505
0.102152727991,0.780687005336,0.0966882357204,0.0204720309526
0.0835594080673,0.0454014882205,0.426932004204,0.444107099508
0.0338173063125,0.665212736064,0.0861058735089,0.214864084115
0.0429449077995,0.00638568714889,0.709422551623,0.241246853428
0.0932601152076,0.770285894342,0.0636694140014,0.0727845764494
0.17304832211,0.035215780187,0.00678901380333,0.7849468839
0.277295959672,0.63217722001,0.0475664013318,0.0429604189862
0.493864181409,0.121696737956,0.0502852559165,0.334153824718
0.389345225716,0.0034233122328,0.00918824410672,0.598043217944
0.111378342328,0.831339070611,0.049386709752,0.00789587730913
7.80952128833e-05,0.00476503389981,0.233865332803,0.761291538084
0.0149456913787,0.184362981274,0.0219002799303,0.778791047417
0.00102420208381,0.0516062347974,0.000590373030321,0.946779190089
0.790372930135,0.0305524075847,0.0346313684214,0.144443293859
0.0271162113937,0.357448806675,0.240957817431,0.3744771645
0.272904608625,0.133718203483,0.529637040817,0.0637401470747
0.370161523316,0.0597243139665,0.241046602681,0.329067560036
0.591749615159,0.051142666477,0.040979908683,0.316127809682
0.0775285508594,0.223735754083,0.0648304229469,0.633905272111
0.102092198245,0.552961955147,0.0139307241438,0.331015122464
0.597748667893,0.150589596236,0.195304441887,0.0563572939839
0.122574798849,0.377496062079,0.326484898755,0.173444240317
0.00377522459884,0.45488221485,0.432635707223,0.108706853328
0.001094085276,0.985956705933,0.00143297627288,0.011516232518
0.421106927483,0.00457864529591,0.554421412429,0.0198930147919
0.224486398215,0.774656194134,0.000671425479478,0.000185982171378
0.655384578486,0.124007507848,0.0608422687796,0.159765644886
0.244586202575,0.0247716879548,0.698513648082,0.032128461388
0.040374443699,0.307657328974,0.64485260478,0.00711562254711
0.392743254059,0.290109983913,0.155664611536,0.161482150492
0.0718969141434,0.700100124991,0.0340508806292,0.193952080237
0.106319843308,0.533340107928,0.173444035475,0.186896013289
0.372595397044,0.295875377502,0.191989026812,0.139540198642
0.336812835672,0.510580016687,0.012216786706,0.140390360935
0.0734783682915,0.238229025314,0.019091449774,0.66920115662
0.649219808492,0.178613492367,0.0348850776226,0.137281621518
0.0136150976117,0.0109511653596,0.530447594344,0.444986142685
0.566372851984,0.0706184544021,0.0993258326813,0.263682860933
0.0513499290292,0.0227640894146,0.916873294037,0.00901268751931
0.582436084726,0.0125919470448,0.143741623096,0.261230345133
0.3752757414,0.215878454517,0.176653370982,0.2321924331
0.126419379951,0.0973397535718,0.437439558571,0.338801307906
0.801159605769,0.174992300283,0.0176960532057,0.00615204074231
0.284666891957,0.641433825067,0.0155028760242,0.058396406952
0.0962076757149,0.201563538282,0.0279648554968,0.674263930507
0.0932478461595,0.658346568533,0.14914124356,0.0992643417475
0.185155894327,0.0623778199231,0.153645406711,0.598820879039
0.0115164096981,0.844291636904,0.00683646008727,0.13735549331
0.0654097567333,0.741479012078,0.144558781546,0.0485524496425
0.484749225669,0.139629055942,0.0152648470713,0.360356871318
0.0684370571228,0.846441929678,0.0736222318221,0.0114987813768
0.183708336792,0.0214245590881,0.323510331081,0.471356773039
0.54089229833,0.299723702881,0.106818982486,0.0525650163034
0.737171493244,0.166987022889,0.00195318675728,0.0938882971097
0.338367070659,0.136548237208,0.332288897558,0.192795794575
0.140074400331,0.115303206115,0.691234958479,0.0533874350744
0.00112053365297,0.0325620994417,0.556299244479,0.410018122426
0.0846802046325,0.0937226292473,0.816526744676,0.00507042144459
0.257272968546,0.11005102855,0.325895774133,0.306780228772
0.431250786516,0.0326858954452,0.0183996028468,0.517663715192
0.00703889213299,0.00844564044981,0.898492713668,0.0860227537493
0.637043331001,0.190540677973,0.0656797380095,0.106736253017
0.68902315183,0.176956013515,0.0492278982052,0.0847929364497
0.336879519343,0.264639169233,0.0737406750156,0.324740636409
0.0729158344768,0.256303658665,0.585347357406,0.0854331494525
0.356374674169,0.431802888167,0.0494226124519,0.162399825212
0.484635110965,0.171771489959,0.190071304511,0.153522094565
0.0361377619309,0.828345806031,0.021886413776,0.113630018262
0.0538406627891,0.186142875825,0.73272386235,0.0272925990355
0.215271170453,0.301875555573,0.455391751899,0.0274615220754
0.19873901465,0.271115192951,0.0540756324709,0.476070159928
0.101663471924,0.387981878838,0.414304893706,0.0960497555318
0.140427275716,0.405672044992,0.328214457932,0.125686221361
0.000204766707147,0.000335638027786,0.995876535392,0.00358305987343
0.014387550962,0.541036832335,0.0315505718319,0.413025044871
0.667974926562,0.0227657652106,0.173423746717,0.13583556151
0.000769749432907,0.641088529067,0.343051518953,0.0150902025475
0.0176078319521,0.523498585355,0.304267407971,0.154626174722
0.00503323777461,0.112249211032,0.650578728101,0.232138823093
0.0847247147348,0.62163322705,0.266324388557,0.0273176696584
0.272440568884,0.00780968699161,0.706033967978,0.0137157761464
0.657198008397,0.113445028722,0.225288772059,0.00406819082199
0.069704486682,0.340734502396,0.340244056777,0.249316954145
0.479524179879,0.0631054842272,0.0185462368492,0.438824099045
0.114525762698,0.0292354477193,0.00362583077893,0.852612958803
0.115765809656,0.362715280735,0.508083713759,0.0134351958503
0.0820925566469,0.267211764071,0.497539620982,0.153156058299
0.470825231509,0.0500339850701,0.259068557159,0.220072226262
0.453732669805,0.122372718064,0.210838640935,0.213055971196
0.472205968838,0.168758178407,0.128750561242,0.230285291513
0.101431725163,0.229154572267,0.0876686717852,0.581745030785
0.305961721963,0.43523399828,0.0786159717512,0.180188308006
0.796598722884,0.0479121587406,0.0975275421435,0.0579615762323
0.133899340177,0.512681069926,0.183549349979,0.169870239918
0.101637002675,0.210251052245,0.184960899026,0.503151046053
0.398154344183,0.276254990529,0.027748732838,0.29784193245
0.0708512621886,0.292601732154,0.590988085498,0.0455589201591
0.422529116749,0.409817951515,0.0270046466619,0.140648285074
0.506792451487,0.455009275264,0.0252091259244,0.0129891473248
0.229805858776,0.421516092227,0.278320515051,0.0703575339457
0.263111605918,0.292347313295,0.155920348265,0.288620732522
0.105256729919,0.295915087356,0.462156793432,0.136671389293
0.0917409189516,0.0867408978164,0.338041851947,0.483476331285
0.592417074838,0.341239739192,0.0299462563667,0.0363969296035
0.113211805246,0.107995766923,0.712545839969,0.0662465878614
0.187902996211,0.596042498144,0.050908327238,0.165146178407
0.0634369534371,0.378088985508,0.293634041879,0.264840019176
0.0373890283888,0.0428877746306,0.116742513914,0.802980683067
0.972493771662,0.010724316641,0.000648482685321,0.0161334290115
0.0609714451019,0.258400665699,0.0120688925434,0.668558996656
0.00161465977965,0.669776663577,0.302086480631,0.0265221960121
0.0218987004558,0.427501928173,0.540165347506,0.0104340238652
0.00309273435839,0.110119876852,0.750424075372,0.136363313417
0.228431956308,0.353741132925,0.324214179065,0.0936127317028
0.127661975161,0.770276316567,0.0445081099049,0.0575535983669
0.636559172637,0.125248483034,0.0764328725814,0.161759471747
0.292147079758,0.0207217696416,0.177521073206,0.509610077394
0.12079017607,0.145772388437,0.0635832391614,0.669854196332
0.73678251689,0.0218848955601,0.119140138623,0.122192448927
0.000475033865344,0.00081118159669,0.000818585571633,0.997895198966
0.070124328338,0.775371598708,0.025246527961,0.129257544993
0.0388035136301,0.000705594584629,0.960370722892,0.000120168893027
0.33414494565,0.149142280644,0.421480716886,0.0952320568203
0.262614798791,0.00395358620995,0.572081162571,0.161350452429
0.685886746657,0.133360056513,0.0233973246163,0.157355872213
0.122069408967,0.218176015029,0.127535839315,0.532218736688
0.156488807347,0.0245858245965,0.673471181715,0.145454186342
0.332058410842,0.0731980516789,0.473473812357,0.121269725123
0.180481806366,0.815462588395,0.00353372364049,0.00052188159801
0.115881416547,0.216018046957,0.561735867874,0.106364668622
0.327774725357,0.562310338145,0.0440705985197,0.0658443379783
0.540174715638,0.289138440665,0.0562365021015,0.114450341596
0.193411201974,0.213231475056,0.116159450838,0.477197872133
0.0179344211885,0.0211294747578,0.0076354062866,0.953300697767
0.113508145442,0.696092911916,0.148801183503,0.0415977591386
0.161625834039,0.0369838672591,0.448568768414,0.352821530287
0.545558759788,0.155195015603,0.133139369486,0.166106855123
0.194336650655,0.23763806649,0.529251592115,0.0387736907404
0.0284926669152,0.237803396799,0.635881898183,0.0978220381033
0.0662984288272,0.511180298125,0.199252997869,0.223268275178
0.148798955608,0.587185622124,0.183690071518,0.0803253507511
0.841125702023,0.10390926947,0.00319672022393,0.0517683082827
0.191491771275,0.0792332652723,0.0537272809976,0.675547682455
0.0545288383074,0.0944893710776,0.355939630955,0.49504215966
0.334511637623,0.389175436682,0.251619925334,0.0246930003604
0.0350441615529,0.623567491968,0.0566364995929,0.284751846886
0.122390500241,0.40025587262,0.209239558708,0.268114068432
0.448043278539,0.232124330683,0.00367763005465,0.316154760724
0.11747938144,0.0720920476999,0.799749910268,0.0106786605918
0.177867460479,0.0383269084164,0.533331610791,0.250474020313
0.532746406189,0.00216806102997,0.00148938887421,0.463596143907
0.243152738506,0.153870679783,0.479275041958,0.123701539753
0.197428117135,0.0214312771088,0.0512901365203,0.729850469236
0.145784075873,0.46081225272,0.145557144751,0.247846526655
0.651650195832,0.0503417005286,0.135748168314,0.162259935326
0.19461971007,0.787053989929,0.0068002277937,0.0115260722068
0.194582688721,0.0721701989337,0.348498616137,0.384748496208
0.182901419507,0.133777197758,0.163866177001,0.519455205734
0.0485458180314,0.0224747590204,0.404292814903,0.524686608045
0.152483843637,0.0491069245051,0.3933083777,0.405100854157
0.0140694348614,0.326253718579,0.602428662153,0.0572481844069
0.348776084943,0.0990250501177,0.318869470362,0.233329394577
0.00486225870544,0.0547715906362,0.90648361846,0.033882532198
0.105536833148,0.693716116902,0.191515982102,0.00923106784798
0.212871885109,0.0547665651241,0.0132237956172,0.71913775415
0.201632084508,0.711788150714,0.0174035252382,0.0691762395395
0.101767712532,0.341147455145,0.143792574586,0.413292257737
0.125539495932,0.10429277465,0.748455528338,0.0217122010813
0.432632898385,0.181994267263,0.128990274654,0.256382559699
0.0241807799144,0.333901043831,0.0122071440003,0.629711032255
0.160852780911,0.338275633352,0.145887827688,0.354983758049
0.0879807033666,0.0618402834483,0.0145716426357,0.835607370549
0.172758838964,0.2027133673,0.447635406351,0.176892387386
0.0633846114336,0.0323287335001,0.457255521121,0.447031133945