0.299230736762,0.397298506012,0.0978297889667,0.205640968259
0.2464506475,0.218824471558,0.117348863628,0.417376017313
0.19327857696,0.307579711149,0.160592688576,0.338549023315
0.00435959723876,0.969166249144,0.0150427955325,0.0114313580851
0.175780586051,0.149832813235,0.381858446626,0.292528154088
0.02096392769,0.834784280637,0.00194119980065,0.142310591873
0.00548193306727,0.00752123312598,0.980933101211,0.006063732596
0.696390168199,0.294613554512,0.00712900853919,0.00186726875071
0.0337975277252,0.00775791890946,0.899496244592,0.0589483087735
0.526218239065,0.401185146509,0.0484046363477,0.0241919780784
0.278211470635,0.0756468115342,0.268576807886,0.377564909944
0.594531392776,0.173052686678,0.0393310657263,0.193084854819
0.987747331725,0.00545372208498,0.00200242241238,0.00479652377715
0.00465355727048,0.00949999166563,0.320594155155,0.665252295909
0.0426788881127,0.0277371892658,0.00681161391471,0.922772308707
0.0888796578446,0.130253343225,0.757464542516,0.023402456414
0.889183424843,0.012793576568,0.00284899622324,0.0951740023657
0.310667380788,0.0124162334431,0.172749804215,0.504166581554
0.383436172601,0.0326791963712,0.220457042719,0.363427588309
0.0016077670535,0.175931545469,0.796843254171,0.0256174333063
0.71943284298,0.154127466263,0.0306085729282,0.0958311178285
0.166832192256,0.341741720057,0.122311530234,0.369114557452
0.0347318605552,0.553506182469,0.00815220349006,0.403609753486
0.73110037455,0.165436961337,0.081415737609,0.0220469265034
0.065947116131,0.22639408905,0.350061612483,0.357597182336
0.3415007584,0.0138649820639,0.056789775713,0.587844483823
0.0013128006873,0.00368322975368,0.591060192851,0.403943776708
0.0808339775202,0.375372399132,0.240244704044,0.303548919304
0.137650709346,0.00163881285186,0.677613920044,0.183096557757
0.812608420794,0.0809657808524,0.02621881543,0.0802069829232
0.0492911558079,0.890505244479,0.0179048031027,0.0422987966102
0.292126718032,0.25061877228,0.434299765808,0.0229547438793
0.753127581843,0.0642510537827,0.0718643663396,0.110756998034
0.10310488275,0.157286867474,0.108491556101,0.631116693675
0.142753835192,0.605192824403,0.0611915282263,0.19086181218
0.0378041620726,0.0266286312239,0.874419315996,0.0611478907077
0.0619379846936,0.749862808589,0.0661410371143,0.122058169604
0.317805374011,0.205066868925,0.422784374535,0.0543433825286
0.259869426761,0.0401495274752,0.659507076054,0.0404739697098
0.271721496779,0.0147622781551,0.0339140203858,0.67960220468
0.0308111328938,0.00561982381318,0.804003026934,0.159566016359
0.0325466344538,0.00865667954786,0.946224822568,0.0125718634303
0.0307049899549,0.0813853841967,0.249171331595,0.638738294253
0.0056275465193,0.00235842557435,0.980365112816,0.0116489150899
0.36845861836,0.047040657841,0.488144479774,0.0963562440244
0.222053806603,0.499846737468,0.185236363197,0.0928630927312
0.0443969276807,0.0207865987404,0.92888994935,0.00592652422873
0.437368661693,0.146391739745,0.363427179995,0.052812418568
0.29003353669,0.372983131532,0.328688736179,0.0082945955993
0.00133152104221,0.580845083134,0.411922155911,0.00590123991337
0.179605360609,0.269930592293,0.507335450041,0.0431285970564
0.0542122955345,0.656919438099,0.223696590696,0.065171675671
0.644729964614,0.0163400738646,0.00895442578173,0.32997553574
0.52395217143,0.128329277996,0.197661729452,0.150056821123
0.304933605092,0.199028122289,0.350929390634,0.145108881985
0.623250372414,0.0924004731639,0.235109129492,0.0492400249304
0.00334929939565,0.0794104878876,0.477899594173,0.439340618544
0.239269676821,0.299875776816,0.110053355794,0.350801190569
0.0234787488636,0.0129303210519,0.955675534162,0.0079153959227
0.424865111604,0.0320061752193,0.207006125641,0.336122587536
0.165440387044,0.0428499385291,0.0227589789634,0.768950695464
0.770761650795,0.0682446615973,0.13696359055,0.0240300970576
0.316004696631,0.132741622621,0.242771408881,0.308482271867
0.699109299004,0.128591868155,0.069987176606,0.102311656235
0.0366764105999,0.00071913062666,0.775293997618,0.187310461156
0.00408845774357,0.0439253624709,0.780668593639,0.171317586147
0.454436172547,0.00516242930168,0.251469318642,0.28893207951
0.0253842476373,0.499518863952,0.221457973192,0.253638915219
0.00382463731227,0.00611472263872,0.983107573373,0.00695306667599
0.835809631891,0.042795268262,0.0887489548444,0.0326461450024
0.32914329427,0.218465537221,0.0931113806772,0.359279787832
0.234916159671,0.716491530537,0.0312872222913,0.0173050875008
0.0169313051301,0.0206420196461,0.0817538712868,0.880672803937
0.945340865385,0.00166628446813,0.0516621682271,0.00133068192002
0.20073406876,0.130648643743,0.0472890755111,0.621328211986
0.0049736939442,0.000128626269509,0.387165899059,0.607731780728
0.529950687933,0.145137694944,0.26007676805,0.0648348490737
0.227960665021,0.0677386257089,0.431493168512,0.272807540758
0.482870884738,0.416488764924,0.0471964654672,0.0534438848708
0.0934284728339,0.704224621006,0.163740327389,0.0386065787717
0.061948750709,0.067584012604,0.843177202775,0.0272900339116
0.474581443059,0.0702483366177,0.446141413201,0.0090288071222
0.0285635752913,0.0780503722312,0.300249003358,0.593137049119
0.327395180046,0.442121920879,0.0927395034537,0.137743395621
0.107658619885,0.0101053307616,0.860272686028,0.0219633633254
0.00477081504626,0.00432294694644,0.966844799289,0.0240614387179
0.0729766331694,0.617958772234,0.0152526532026,0.293811941394
0.275661061308,0.428733677974,0.205440175703,0.0901650850158
0.00513552757028,0.0173191355916,0.294525374853,0.683019961985
0.264270392248,0.234037354608,0.0565903508386,0.445101902305
0.0889192914707,0.177651060206,0.0291770418835,0.704252606439
0.047347276304,0.435814017664,0.407299276903,0.109539429129
0.0504851787778,0.248402815744,0.104172062006,0.596939943472
0.17731041191,0.0300922998633,0.542005361128,0.250591927099
0.795530837272,0.0525835092007,0.0532407489222,0.0986449046046
0.0877861289658,0.0993955047599,0.508757687371,0.304060678903
0.0112558262756,0.541588030378,0.402981888541,0.0441742548049
0.915879985637,0.00346548631504,0.0803973028542,0.000257225193454
0.138546066406,0.512321758625,0.255393730913,0.0937384440554
0.184810822572,0.707582245574,0.055679487563,0.0519274442905
0.0264075395585,0.853762355809,0.0646241847347,0.0552059198976
0.862341578578,0.0810325492261,0.0222385198879,0.0343873523075
0.00327293383886,0.00534061433637,0.917122753268,0.0742636985567
0.00506620620135,0.253378782402,0.705875873213,0.0356791381834
0.155872462871,0.0314715299537,0.492401690246,0.320254316929
0.275129861081,0.498074115951,0.0895414969091,0.137254526059
0.0206021190003,0.795508254599,0.0190855655684,0.164804060832
0.00763302686008,0.273946580302,0.051122941926,0.667297450912
0.134364866973,0.181311007802,0.196819483371,0.487504641854
0.063312787676,0.0106358089425,0.0357837499617,0.89026765342
0.4598915082,0.0357165794373,0.101558880207,0.402833032156
0.0163362057674,0.0525503576202,0.868030527548,0.0630829090645
0.0227086413889,0.71796991745,0.13662025166,0.1227011895
0.00748600133825,0.0204499628932,0.424391993605,0.547672042164
0.0369248664027,0.616440322425,0.135130267257,0.211504543915
0.286115626796,0.0917440128925,0.0732575443779,0.548882815934
0.0807141600273,0.0899906862667,0.130341835485,0.698953318221
0.299869531661,0.00913500519142,0.688030549589,0.00296491355845
0.155436695252,0.80766183751,0.0319794375825,0.00492202965623
0.0464625730571,0.273528460098,0.641764725172,0.0382442416728
0.0437751413052,0.208625405001,0.27353092202,0.474068531673
0.000520797798813,0.967360570633,0.00460964652599,0.0275089850423
0.00453791357377,0.06391949826,0.806906595043,0.124635993123
0.651687746551,0.142299552518,0.122339855205,0.0836728457259
0.175473778565,0.0279534874141,0.0641970811768,0.732375652844
0.208777353973,0.329321873406,0.168140495182,0.293760277438
0.0830435768615,0.235199823865,0.427180978134,0.254575621139
0.456552324384,0.325297194293,0.113376328005,0.104774153319
0.0213211127108,0.457458150357,0.100822003628,0.420398733304
0.0268382015532,0.016245432398,0.775243707625,0.181672658424
0.0735131683149,0.235496860161,0.122972288588,0.568017682936
0.280569687016,0.0676234091286,0.639701201249,0.0121057026068
0.320011922915,0.0234019794118,0.647137938796,0.0094481588773
0.128394654148,0.438672984949,0.114925433867,0.318006927036
0.0862948362701,0.0677285173667,0.00557347353524,0.840403172828
0.174245951268,0.287797409023,0.134055269538,0.403901370171
0.58605194231,0.192498267939,0.201138293931,0.02031149582
0.194921892447,0.207635015947,0.0177635677563,0.57967952385
0.0130181144596,0.0270447054553,0.937924971274,0.0220122088113
0.0232181727667,0.0356900363673,0.549427301756,0.39166448911
0.438561694322,0.144990527544,0.0302831620881,0.386164616046
0.0632273438898,0.522586674704,0.411328511384,0.00285747002207
0.108411508518,0.113395212809,0.776027313749,0.00216596492481
0.0997300739992,0.0457259879282,0.80743250398,0.0471114340926
0.0823627142975,0.740137364105,0.107400892173,0.0700990294252
0.517750282206,0.151649415141,0.110751076133,0.219849226519
0.0531184643017,0.797351092184,0.0619424944201,0.0875879490942
0.0190225130967,0.839402803205,0.136754123582,0.00482056011655
0.734844974925,0.24290811265,0.00968215054488,0.0125647618802
0.354196206573,0.0756169850598,0.064859730577,0.50532707779
0.438744570259,0.208880280491,0.347606467603,0.00476868164755
0.14925456942,0.0151709701916,0.731285483699,0.104288976689
0.0435749817985,0.267450694744,0.6768033675,0.0121709559578
0.925070999674,0.0145135813269,0.0493042898811,0.0111111291181
0.0038661555035,0.0531107322567,0.863955093407,0.0790680188328
0.0178904190054,0.98104133888,0.000189573722578,0.000878668392054
0.271623193583,0.150871366421,0.00521093875022,0.572294501246
0.250392152533,0.0448521844099,0.479958661069,0.224797001988
0.0935187535683,0.526098766199,0.100720945597,0.279661534636
0.0827601194106,0.113034064123,0.328906184261,0.475299632205
3.4144090453e-05,2.32410715847e-05,0.632157127913,0.367785486925
0.417740354084,0.134494124457,0.0523902537042,0.395375267754
0.0518297449342,0.0296112951012,0.0584340650233,0.860124894941
0.206126834597,0.614994163807,0.0920516269778,0.0868273746184
0.16367614628,0.361354346016,0.200362820512,0.274606687192
0.446327619082,0.432239867497,0.0669626380898,0.054469875332
0.112005718952,0.860855916976,0.000996770877165,0.0261415931942
0.18381252144,0.298938204167,0.296150346344,0.22109892805
0.201181265445,0.0049586374491,0.772625655936,0.0212344411694
0.686038197204,0.0143256357865,0.296653191711,0.00298297529877
0.338944156153,0.00215997629297,0.616774434551,0.0421214330033
0.0495130271679,0.89476169653,0.00458254862747,0.0511427276751
0.562271650015,0.435487663502,0.00046343994364,0.00177724653921
0.435992339355,0.286213642858,0.0688614311454,0.208932586641
0.826916217061,0.0764401915632,0.00445837640444,0.0921852149712
0.0242615271518,0.187428275427,0.16459541486,0.623714782561
0.82196681137,0.0217955538673,0.144402552802,0.0118350819611
0.387696782413,0.473948118756,0.07667986759,0.0616752312411
0.00578360670204,0.900662021562,0.0487436956994,0.0448106760368
0.898847877611,0.0785676546481,0.000476361271977,0.0221081064688
0.0417873592989,0.137054746599,0.616541033168,0.204616860934
0.042066113671,0.129981256122,0.619842435064,0.208110195143
0.192197798563,0.618268213465,0.0514473798007,0.138086608172
0.129615616755,0.101789981834,0.455582052654,0.313012348757
0.113499367376,0.276702881993,0.566882577955,0.0429151726762
0.114392228084,0.0223513953121,0.303364231862,0.559892144742
0.0049408337862,0.539722145369,0.421263335117,0.0340736857278
0.525869578035,0.0904735393211,0.122862985207,0.260793897436
0.132116722824,0.0744285669104,0.246791399888,0.546663310378
0.0473450472741,0.00567925140776,0.805396802814,0.141578898505
0.00215873684928,0.00885384003927,0.898815212207,0.0901722109047
0.140668190747,0.483381383372,0.209002046314,0.166948379566
0.0203814665179,0.00156503028528,0.933490662145,0.0445628410519
0.127360943803,0.537238304506,0.174162253624,0.161238498066
0.809233279025,0.00497043453249,0.0561365756476,0.129659710795
0.0414564890009,0.13053131447,0.0370381939942,0.790974002535
0.0112368925055,0.277052233368,0.0129296137742,0.698781260352
0.33661747461,0.410981380729,0.0767748087678,0.175626335894
0.2367161228,0.757576083712,0.00451889784988,0.00118889563837
0.338580824735,0.0642237872328,0.483131029945,0.114064358087