0.581615253029,0.0813974740535,0.172236366252,0.164750906665
0.42622306783,0.0342464412704,0.363925104446,0.175605386453
0.0484288596604,0.160509381056,0.0733079770995,0.717753782184
0.0243823773262,0.147129387588,0.631749678425,0.196738556661
0.0778577085776,0.537851802347,0.0509494113641,0.333341077711
0.21752428629,0.0233076969771,0.572144378852,0.18702363788
0.633677810853,0.25614148882,0.0805418334964,0.0296388668301
0.482868782109,0.0423236443036,0.458874771138,0.0159328024498
0.189718433182,0.0970601564005,0.631457683923,0.0817637264953
0.00419279718967,0.620387900309,0.0904409354214,0.284978367079
0.815730138799,0.0663805147385,0.102676619377,0.0152127270854
0.124157774698,0.833116626241,0.0210540301383,0.0216715689222
0.553689142758,0.362697442337,0.067114892086,0.0164985228189
0.115733735752,0.196301172669,0.202013967149,0.48595112443
0.429432970233,0.149334040084,0.095556913737,0.325676075946
0.0193555264637,0.55860906734,0.181222647748,0.240812758448
0.92417338903,0.0115503615961,0.000273370262599,0.0640028791117
0.115106001574,0.0372046835129,0.463108590496,0.384580724416
0.0144444305757,0.287670060713,0.0404049775433,0.657480531168
0.068777129967,0.00772252655077,0.920684489829,0.00281585365367
0.0103025717138,0.960981671776,0.0135114200894,0.0152043364214
0.0119327684684,0.251461730106,0.536704427255,0.199901074171
0.0802971756245,0.086600859962,0.782826298994,0.0502756654197
0.127560246659,0.0714418558459,0.300859310921,0.500138586573
0.00608525768104,0.00143499399928,0.00301752206012,0.98946222626
0.0458672933306,0.114843781843,0.801365233933,0.0379236908934
0.0105216636425,0.327695288887,0.623509788174,0.0382732592963
0.842392803336,0.0338853703609,0.00780746128199,0.115914365021
0.209566371172,0.321066694124,0.0722417936778,0.397125141026
0.0599868132253,0.215233993631,0.551148275534,0.17363091761
0.787081659124,0.0875503299105,0.0146505614906,0.110717449475
0.159709597655,0.456893402819,0.0206453564422,0.362751643083
0.0451790801578,0.67235424609,0.120168294728,0.162298379024
0.093380786281,0.220250957114,0.641639712044,0.0447285445606
0.622603497854,0.273841721603,0.0499505670184,0.0536042135245
0.0520166946471,0.220239056537,0.0294196722255,0.698324576591
0.504809536299,0.210057537639,0.16577635315,0.119356572912
0.950871314364,0.00181774779867,0.0407234508514,0.00658748698563
0.0254275374037,0.0321880245756,0.00412374702225,0.938260690999
0.0110508129681,0.484259842194,0.172580096847,0.33210924799
0.0578433680451,0.00126581246774,0.920166522461,0.0207242970263
0.330432189366,0.242974022055,0.365966589156,0.0606271994239
0.517604040031,0.161400138262,0.0228864724346,0.298109349273
0.00484640758557,0.109890817873,0.429417269831,0.455845504711
0.0158276768932,0.812681635098,0.0862034178627,0.0852872701464
0.494868539418,0.0418550372791,0.292569151098,0.170707272205
0.0878928929413,0.598189834352,0.279478565202,0.0344387075051
0.0377222299459,0.232890175662,0.0265141821583,0.702873412234
0.0216184874922,0.00784895006223,0.958232926632,0.0122996358134
0.405031237029,0.100109665002,0.278737225185,0.216121872784
0.279991752986,0.33342030285,0.185768009796,0.200819934368
0.000367258205653,0.641374954339,0.00311517983509,0.35514260762
0.590415854515,0.145191548754,0.0808211068889,0.183571489842
0.00436535481019,0.029152291502,0.715179062896,0.251303290791
0.0711847981151,0.0851092681952,0.836138988852,0.00756694483798
0.121877347383,0.355063724033,0.239792285948,0.283266642636
0.0396173892928,0.028019330101,0.889800280957,0.0425629996496
0.0319111741592,0.0184238877725,0.199000395812,0.750664542256
0.15938073208,0.0451619425658,0.230816922957,0.564640402397
0.563439701465,0.19164376345,0.034006969243,0.210909565842
0.281544741895,0.0343977931642,0.144479962811,0.53957750213
0.84086602145,0.00396459980418,0.0173912254532,0.137778153293
0.0168453108322,0.158756505373,0.0518061357049,0.77259204809
0.0939627046545,0.638173649331,0.0419716478108,0.225891998204
0.513867240448,0.0697282937104,0.266478691477,0.149925774364
0.0131057495596,0.280648818779,0.685781617175,0.0204638144866
0.662046219817,0.0411592165185,0.291011199141,0.005783364523
0.0254924996444,0.0424701935267,0.0943447876558,0.837692519173
0.00134697197974,0.998422935081,2.79602504319e-05,0.00020213268858
0.791883520743,0.0523205940785,0.07716064518,0.0786352399983
0.0811513250406,0.00704217172939,0.00229979993664,0.909506703293
0.649758283258,0.119428861256,0.202365539585,0.0284473159015
0.0374212436911,0.0504526188496,0.442385098886,0.469741038573
0.76174540002,0.103004826423,0.0914356765836,0.0438140969734
0.323769631316,0.236781684841,0.007857552961,0.431591130882
0.0803449293002,0.899271207362,0.00525604043862,0.0151278228992
0.0139481367244,0.825253567194,0.154706196306,0.00609209977566
0.753356996939,0.0337676560766,0.208750734171,0.00412461281321
0.0114207834727,0.0528104249302,0.0562491957882,0.879519595809
0.203480979852,0.265680478823,0.0535467346469,0.477291806678
0.120272085589,0.242924812882,0.251233121548,0.385569979981
0.373436293885,0.237042082759,0.066292567219,0.323229056137
0.802466870321,0.0118445517042,0.160725750188,0.024962827787
0.175498055522,0.599144421953,0.0228327138079,0.202524808717
0.35983815023,0.2705411995,0.108712639575,0.260908010695
0.0151040424029,0.0526141779446,0.00426131790934,0.928020461743
0.342901020726,0.122718560458,0.151574610683,0.382805808133
0.0481145869275,0.0121432656987,0.0279153229778,0.911826824396
0.0212730008248,0.378907209809,0.596429236916,0.00339055245067
0.124612511572,0.602677141353,0.26435197312,0.00835837395444
0.250312013866,0.262811932347,0.299654470907,0.18722158288
0.224996525061,0.147442092915,0.0303240554333,0.597237326591
0.0161349834369,0.0156854548651,0.877947243571,0.0902323181266
0.294344961233,0.418220950775,0.00253574654,0.284898341452
0.366089092927,0.0208875481732,0.0507642499806,0.56225910892
0.495110812514,0.0246958517837,0.456356820138,0.0238365155646
0.781874668397,0.208641949312,0.008116832539,0.001366549752
0.800140217754,0.107247188744,0.0466083626045,0.0460042308977
0.00114670991912,0.966913670218,0.00232978181866,0.0296098380445
0.00954430949116,7.05657728455e-05,0.00106455100228,0.989320573734
0.117222828878,0.0583600679161,0.516844695715,0.307572407491
0.419781773453,0.4492591806,0.0575711168768,0.0733879290697
0.110260546534,0.136007032715,0.0287543340733,0.724978086678
0.158002654923,0.198157891388,0.331633334441,0.312206119248
0.0883580955175,0.104328259188,0.0390131605034,0.768300484791
0.128308155653,0.559554834684,0.237015519861,0.0751214898025
0.0454415946611,0.553072820023,0.0463756575928,0.355109927723
0.558668508538,0.0929178954125,0.00900786979504,0.339405726254
0.631517152127,0.143896518719,0.0754755904931,0.149110738661
0.0826841849837,0.515830612522,0.371176541654,0.0303086608401
0.687960329027,0.0207226962417,0.0716338497016,0.21968312503
0.0932454068401,0.226285643699,0.616063823298,0.0644051261629
0.0995449770979,0.387239184392,0.429371364078,0.0838444744324
0.00255595449367,0.0379019741589,0.181260312104,0.778281759244
0.0869577951364,0.231764338563,0.635583037719,0.0456948285817
0.417844815375,0.0374096334453,0.0568836353713,0.487861915809
0.0961990685152,0.0343215567909,0.0801297465545,0.789349628139
0.0339672222196,0.372909196392,0.563192482016,0.0299310993732
0.000369867983488,0.639710330507,0.358768723036,0.00115107847346
0.0614677778034,0.157388393682,0.440073088949,0.341070739565
0.104049851363,0.557171400384,0.159476530988,0.179302217264
0.0456736969423,0.868374324576,0.0232596181879,0.0626923602941
0.0458566031801,0.0206687619165,0.0477018341506,0.885772800753
0.179576768748,0.543574084222,0.0976396833711,0.179209463659
0.0212951694825,0.00201481490047,0.00631571318626,0.970374302431
0.52408108956,0.0322558335264,0.43596870972,0.00769436719381
0.123237645692,0.287583132628,0.310797518827,0.278381702854
0.694113744382,0.0199124205653,0.192200666548,0.0937731685047
0.002712220968,0.0846846258025,0.813315282297,0.099287870933
0.00951491835176,0.0461795998459,0.0546739504713,0.889631531331
0.0585788440083,0.0634811546224,0.12377739503,0.754162606339
0.0165374688136,0.0168648910292,0.391877935185,0.574719704973
0.106930315641,0.491219466341,0.291812646755,0.110037571263
0.293761542656,0.00690443822697,0.0254592756708,0.673874743447
0.0588525650685,0.0352811486107,0.870312229234,0.0355540570873
0.0670702822998,0.109219184776,0.705514694646,0.118195838278
0.0235924744152,0.214038609604,0.738491004539,0.0238779114418
0.0367771516744,0.560424526354,0.371456203044,0.0313421189275
0.305828644067,0.258783296629,0.385780226537,0.0496078327677
0.280828321812,0.149066299008,0.527366030533,0.0427393486471
0.494517791675,0.368677743458,0.0973288015111,0.0394756633557
0.0166821113728,0.00684599443988,0.158720177939,0.817751716248
0.047433473573,0.08371261179,0.831632338391,0.037221576246
0.273330871263,0.296555787516,0.169060462959,0.261052878262
0.119132293963,0.0956827265146,0.0326195258661,0.752565453656
0.21188554953,0.398517483404,0.13475711619,0.254839850876
0.00968931951852,0.000755832994007,0.00434582779185,0.985209019696
0.693075169878,0.0430945133483,0.177831747264,0.0859985695099
0.210371794008,0.0190971919599,0.746705720277,0.0238252937553
0.0278307619962,0.288500917723,0.67101181558,0.0126565047015
0.463548621234,0.0485288076567,0.476561336724,0.0113612343858
0.0626976477097,0.163155099913,0.211487292011,0.562659960367
0.19546598576,0.098662980742,0.671653388495,0.0342176450031
0.877158625982,0.0251266093607,0.0112339165197,0.0864808481378
0.105670867108,0.17225986215,0.642539714707,0.0795295560352
0.0459006628504,0.269291079862,0.193992697946,0.490815559341
0.158845424167,0.0165097657679,0.0655901524116,0.759054657654
0.0375967307112,0.0646537074229,0.856254219103,0.0414953427625
0.272617429905,0.33089434211,0.34252696789,0.0539612600946
0.00531130770408,0.00334598083804,0.0339286299026,0.957414081555
0.339932923782,0.107783301909,0.385981110215,0.166302664094
0.238431439538,0.113121455055,0.558945936525,0.0895011688815
0.49308419835,0.0326731556529,0.202223270676,0.272019375321
0.0221665887483,0.00458704599495,0.959021589238,0.0142247760186
0.14557382927,0.419232194167,0.137824206594,0.297369769969
0.201736401807,0.397452959479,0.153567179335,0.247243459379
0.0200505603499,0.0405511451179,0.0963020945444,0.843096199988
0.140405264637,0.407352570333,0.256957884384,0.195284280647
0.192395027348,0.798925465884,0.00559024081855,0.00308926594987
0.314658041144,0.101304900181,0.0213611643327,0.562675894342
0.176529952656,0.0118111302712,0.790533233082,0.0211256839909
0.0925209690717,0.0602255164587,0.612143356925,0.235110157545
0.242740357746,0.084464195428,0.518943919482,0.153851527344
0.0458828949629,0.277012188375,0.139839463174,0.537265453489
0.0759967698303,0.188077331764,0.622843674145,0.11308222426
0.183942225057,0.732835060477,0.0172838499295,0.0659388645367
0.828378886596,0.0241048304482,0.0394817548425,0.108034528113
0.299108737771,0.146843144795,0.356838384702,0.197209732732
0.98108289679,0.018324350705,1.307216841e-05,0.000579680336284
0.555617832471,0.0743809466779,0.0634888700533,0.306512350798
0.00558949000984,0.985929719181,0.0034748448317,0.00500594597703
0.299347775091,0.00826924429195,0.57072185926,0.121661121357
0.0843881195835,0.035984768684,0.863309675224,0.016317436509
0.229274562341,0.339538036911,0.311371563938,0.11981583681
0.197659880777,0.175324362799,0.282481939162,0.344533817261
0.0334211825847,0.393957519969,0.406267818157,0.166353479289
0.163151140927,0.732449983525,0.0535193097054,0.0508795658427
0.0130454875076,0.210026711844,0.259418869321,0.517508931327
0.0175843359987,0.209252161434,0.235544032038,0.537619470529
0.446390365363,0.0337326484552,0.343229268659,0.176647717523
0.0534378385831,0.0279982181313,0.893449833792,0.0251141094936
0.111172955749,0.207509669158,0.411673881334,0.269643493759
0.485521183645,0.00191416130716,0.0131052300273,0.499459425021
0.123396973214,0.239722064639,0.0495132096604,0.587367752487
0.00757364005928,0.430021035876,0.0964920806547,0.46591324341
0.0493937835483,0.0113371676873,0.188412292612,0.750856756152
0.412104964857,0.0850600221188,0.139254139148,0.363580873876
0.0377822386645,0.935012761477,0.0179704104605,0.00923458939821
0.257425553645,0.219538256727,0.284894615122,0.238141574506
0.683258067363,0.175701680614,0.139913121096,0.00112713092691