0.0976754642564,0.125650761524,0.442960035307,0.333713738913
0.44882911086,0.335974189669,0.120866614414,0.0943300850573
0.0502923459739,0.447851763199,0.116738821655,0.385117069172
0.144275182407,0.0254567046349,0.783515956889,0.0467521560689
0.113306053701,0.343575108281,0.495136011929,0.0479828260885
0.00157533149648,0.219487929127,0.00471159379896,0.774225145578
0.023116265995,0.0104441932251,0.249937111185,0.716502429595
0.0851498781128,0.655586308786,0.105174481232,0.15408933187
0.418906581351,0.0671187259298,0.457144613424,0.056830079296
0.885919912446,0.0364503442137,0.0111970430143,0.066432700326
0.686197016566,0.0175115472114,0.251925388894,0.0443660473282
0.230600728998,0.0258622781054,0.0146866321568,0.72885036074
0.00586100450135,0.101237330971,0.0498789880811,0.843022676447
0.23556808209,0.273914618484,0.07492945946,0.415587839966
0.0100686587175,0.170119090358,0.137553523009,0.682258727916
0.391057080735,0.262099161487,0.218542042935,0.128301714844
0.562552479103,0.119579808953,0.0411687695401,0.276698942404
0.807917713317,0.00257809357786,0.0170369714303,0.172467221674
0.115325512244,0.392990711951,0.259153684308,0.232530091496
0.100896436299,0.106231428259,0.667320572885,0.125551562557
0.0315623375555,0.080601874843,0.218446462216,0.669389325385
0.139216480282,0.773879555834,0.0132864975372,0.0736174663462
0.782819532201,0.0113283827343,0.0444058542771,0.161446230788
0.0699565900043,0.585084996496,0.340790764446,0.00416764905367
0.418687403978,0.4934088197,0.0825683085301,0.00533546779261
0.10020878114,0.425938304818,0.0231186746235,0.450734239418
0.000273095426096,0.000100918258513,1.45848884316e-05,0.999611401427
0.194229586035,0.329360138921,0.34772845829,0.128681816754
0.044999847028,0.323875879241,0.431996417611,0.199127856121
0.146937000447,0.105710953407,0.34396810041,0.403383945735
0.996605204224,1.7889714368e-05,0.00183565196122,0.00154125410055
0.00390699418447,0.0588984050505,0.809356233493,0.127838367272
0.638764636486,0.254002114379,0.0319830049372,0.0752502441985
0.109946397238,0.0801929740461,0.127571698237,0.682288930478
0.136501855167,0.837944549711,0.00251147453615,0.0230421205861
0.241335952302,0.042496922001,0.514966379331,0.201200746366
0.0120435819587,0.103527689126,0.151760399303,0.732668329613
0.0855539250807,0.850456985857,0.00416241300396,0.0598266760587
0.103599704937,0.433247265452,0.0483049284259,0.414848101185
0.00846167465136,0.0111095606336,0.95589200357,0.0245367611447
0.100814577303,0.168225060561,0.247207302098,0.483753060039
0.091216083301,0.73700627187,0.163164036457,0.00861360837199
0.0527585950888,0.0714310008118,0.117790531756,0.758019872344
0.0143154804137,0.0167075937852,0.407205192765,0.561771733036
0.0931586365626,0.895574742182,0.00750651448357,0.00376010677143
0.77627526739,0.0601256322027,0.155669439008,0.00792966139917
0.6669665351,0.0143731668805,0.268501497286,0.0501588007335
0.231554772594,0.163860330445,0.179498613462,0.425086283498
0.52403852704,0.158631346605,0.235924928888,0.0814051974673
0.947584717121,0.0429787678747,0.00875593272477,0.000680582279248
0.221869780574,0.297936130032,0.0423706352576,0.437823454136
0.697928834034,0.160880292931,0.0950396797143,0.046151193321
0.984255577399,0.00534296233707,0.00579113398835,0.00461032627605
0.0754755543247,0.126707390504,0.0450884841895,0.752728570982
0.550721144065,0.208558288379,0.058716858158,0.182003709397
0.156711760089,0.713539856722,0.109004050057,0.0207443331321
0.117197644171,0.0275519828807,0.370740632413,0.484509740535
0.844941520111,0.0125034937718,0.0291667151275,0.11338827099
0.145813038896,0.49160660508,0.332420732408,0.0301596236161
0.187929960793,0.500912518486,0.18092710811,0.130230412611
0.010198060067,0.833234650642,0.0630696325848,0.0934976567058
0.710548424635,0.00469502061074,0.280629474695,0.00412708005932
0.128830142512,0.466336674035,0.362206356951,0.0426268265032
0.0193332269602,0.000804308641051,0.870551082105,0.109311382294
0.54324369348,0.159214383152,0.137765372262,0.159776551107
0.289288195332,0.683987924539,0.0072830790174,0.0194408011119
0.0753309297127,0.0802765624068,0.573388581044,0.271003926836
0.13018505511,0.0690454500715,0.0807039311712,0.720065563647
0.157394510047,0.0107135321455,0.00173862775377,0.830153330054
0.853092992999,0.0129631528505,0.00165238984544,0.132291464305
0.00234137159049,0.0325920240578,0.936943367285,0.028123237067
0.113786782821,0.073699714882,0.406259537884,0.406253964413
0.610356169293,0.053613455148,0.121066957158,0.214963418401
0.0181736860278,0.378515170007,0.514271141001,0.0890400029647
0.119165281033,0.4747923867,0.0512808708423,0.354761461425
0.014506106736,0.00129045439404,0.00126941637639,0.982934022494
0.491757738421,0.222947467817,0.26060822316,0.0246865706022
0.0265786432308,0.768324742697,0.187149395832,0.01794721824
0.491818801226,0.393877713288,0.0883345848146,0.0259689006713
0.0505479021506,0.423674285367,0.119286576086,0.406491236397
0.264518089235,0.0909519638996,0.477783903595,0.166746043271
0.685933377804,0.0536750823492,0.0905169032239,0.169874636622
0.379015369072,0.0372944342956,0.0342821795788,0.549408017053
0.517258218216,0.329096220013,0.0309237591342,0.122721802636
0.244427038272,0.58075296506,0.112867959841,0.0619520368271
0.0715644147257,0.171508471121,0.449960567869,0.306966546284
0.00705568560174,0.866669090809,0.118390197764,0.007885025826
0.399686425421,0.102097724369,0.251582615469,0.246633234741
0.250321947762,0.414147713762,0.32511638402,0.0104139544564
0.581530155091,0.0460358314548,0.0657452256545,0.3066887878
0.229178723042,0.363591707937,0.0422661567867,0.364963412234
0.0100350486492,0.0336096048906,0.63699596971,0.31935937675
0.180634783322,0.172438678986,0.106384409992,0.540542127699
0.547869812756,0.0167359401347,0.12845653353,0.30693771358
0.0251222427702,0.768155841052,0.202942145724,0.00377977045314
0.000616320382896,0.370822853219,0.00277523795825,0.62578558844
0.0260805864908,0.0451402445158,0.836031991966,0.0927471770277
0.0256531185623,0.101162741922,0.846356895677,0.0268272438385
0.0582787994584,0.2575070687,0.645251372123,0.0389627597193
0.242829444125,0.0847199075003,0.668499516143,0.00395113223191
0.428110934795,0.0664888233768,0.330672853434,0.174727388394
0.132580034172,0.232001107455,0.448900062924,0.186518795449
0.192918853389,0.227435192124,0.206050764585,0.373595189903
0.117288944535,0.192540916322,0.585105359851,0.105064779292
0.28448477925,0.0202612092271,0.426085498333,0.26916851319
0.141248728176,0.181465662838,0.313023707691,0.364261901296
0.0282202775924,0.842410858268,0.0775136931993,0.0518551709404
0.374637740082,0.155909533872,0.424863530092,0.0445891959541
0.0053620069516,0.0738907508128,0.874716491263,0.0460307509729
0.113027390675,0.253487738303,0.523756367443,0.10972850358
0.83253141364,0.0269770163217,0.138809313795,0.0016822562439
0.239997305952,0.191945544419,0.378001432312,0.190055717318
0.0781753353254,0.536292426687,0.229556292532,0.155975945456
0.0477300627174,0.361253748198,0.412894453298,0.178121735787
0.278422399971,0.293057371383,0.389976322175,0.038543906471
0.115347261476,0.257414599642,0.041700177972,0.58553796091
0.0857423303255,0.0581152969194,0.283843407458,0.572298965297
0.467814691671,0.0702667619052,0.221142338842,0.240776207582
0.589458136629,0.0224883504742,0.369547641282,0.0185058716151
0.0731388963213,0.0387986670555,0.660392200503,0.227670236121
0.794124836376,0.0994164779578,0.00358552568984,0.102873159976
0.330033069505,0.00109666765907,0.118167615681,0.550702647155
0.32009679017,0.414439103821,0.260104358336,0.00535974767275
0.488429205494,0.0765822186827,0.0417028557121,0.393285720112
0.177741952343,0.761305668164,0.0377424887908,0.0232098907021
0.00780360627592,0.173514845955,0.740427740679,0.0782538070898
0.378138164225,0.439776577961,0.0437107280248,0.138374529789
0.00639944956216,0.715554572538,0.156939607619,0.12110637028
0.0409207356113,0.214550407295,0.741209860843,0.0033189962499
0.0103829808493,0.477803890034,0.11053735555,0.401275773567
0.103493334512,0.690509202742,0.131857150538,0.0741403122077
0.129935277382,0.222417517378,0.358562726851,0.289084478389
0.789993764416,0.113078075952,0.0377864448475,0.0591417147846
0.426147999012,0.0331579825889,0.412994985683,0.127699032716
0.571407786353,0.286056292524,0.0728554750047,0.0696804461181
0.00104468666215,0.104702318448,0.893840627859,0.000412367030294
0.0954963036378,0.846254793183,0.0427533747779,0.0154955284008
0.0205711714269,0.00418683883412,0.0155725788747,0.959669410864
0.246498944164,0.0430886077616,0.439600899712,0.270811548362
0.638114489129,0.0475578728038,0.060269788016,0.254057850051
0.114686381278,0.163124184047,0.168131259254,0.55405817542
0.0131116311809,0.238852559559,0.003743702757,0.744292106503
0.0582287410381,0.1536204697,0.753587939136,0.0345628501264
0.668109280465,0.248701893345,0.0628438238512,0.0203450023381
0.0117284541896,0.322923023372,0.651014436289,0.0143340861494
0.0828830244795,0.0319907018569,0.58063395404,0.304492319624
0.142000430724,0.0634451927646,0.270583254159,0.523971122353
0.00376261830746,0.295163569505,0.452939165729,0.248134646458
0.007908587532,0.973427113417,0.00424787281409,0.0144164262366
0.034440680768,0.0668192883307,0.881752306649,0.0169877242525
0.966406618526,0.0312525930069,0.000969898982629,0.00137088948438
0.0720633185965,0.907694608453,0.00731948705703,0.0129225858939
0.0667611065577,0.806641859207,0.0962152585243,0.030381775711
0.355840705433,0.155426661135,0.319762531599,0.168970101833
0.109857638744,0.214812701149,0.418679079183,0.256650580925
0.00103357087173,0.495896972031,0.155526175099,0.347543281998
0.637521202277,0.00851712120449,0.297842924398,0.0561187521199
0.0155247480479,0.0329586127594,0.857865972818,0.093650666375
0.108444479145,0.167016060287,0.226704257962,0.497835202607
0.018280015985,0.176703413406,0.166953206148,0.638063364461
0.396246582527,0.0451702156768,0.467533878198,0.0910493235983
0.643594149096,0.0815952260128,0.0493184210103,0.225492203881
0.141435508031,0.426561057016,0.0481539014316,0.383849533522
0.399970152401,0.0844427259075,0.25714145757,0.258445664121
0.212078164054,0.00330174445421,0.770762550034,0.0138575414575
0.487238258997,0.133234195652,0.372959845671,0.00656769968044
0.00016203715942,0.073085520155,0.000283205174272,0.926469237511
5.35577596529e-05,0.995681366884,0.00149589939666,0.00276917595928
0.56314416643,0.0106296496541,0.332794331032,0.0934318528838
0.000594685072083,0.000485578289718,0.998730386229,0.000189350409446
0.175250755879,0.794080194996,0.00410561016231,0.0265634389629
0.839864553129,0.0298047496618,0.00596032589057,0.124370371318
0.139526509315,0.00577040059857,0.0694390204573,0.785264069629
0.0076222619202,0.588778006107,0.367646269431,0.0359534625422
0.586787963719,0.195720340316,0.143715353883,0.0737763420815
0.266978991402,0.0295870654921,0.67367447619,0.0297594669161
0.207702851119,0.334323931245,0.247348163756,0.210625053879
0.0149081398784,0.315264620303,0.366085108116,0.303742131703
0.350022760185,0.583048875408,0.0459256722759,0.0210026921308
0.140285864961,0.41475892098,0.377905945075,0.0670492689839
0.00110109888719,0.0583033615304,0.0374526711941,0.903142868388
0.222199922218,0.294074064272,0.175745400016,0.307980613494
0.477798692243,0.106340047294,0.207157264758,0.208703995705
0.00137537900094,0.312738863498,0.312118892642,0.37376686486
0.0228419701771,0.847987733781,0.0763123098342,0.0528579862075
0.455442778279,0.101292562895,0.23878735185,0.204477306977
0.0111794618174,0.150673562055,0.35112379825,0.487023177878
0.750948744929,0.146894201313,0.0878457661326,0.0143112876256
0.638211919619,0.0627912862145,0.24354896651,0.0554478276571
0.106861195028,0.0216581409711,0.722834914549,0.148645749452
0.00226057104286,0.0554204890621,0.00122601181336,0.941092928082
0.273426683986,0.328472857073,0.0196064113298,0.378494047611
0.0542331222727,0.433371645469,0.0403658093549,0.472029422903
0.0893230161757,0.189540507635,0.574683388361,0.146453087829
0.00404619556808,0.0269640108049,0.86405699821,0.104932795417
0.0014482819077,0.507732297249,0.000547407514388,0.490272013329
0.00385603571796,0.0516828115589,0.929716767524,0.0147443851995
0.0994933928546,0.00519426211257,0.449913484831,0.445398860202
0.225078518557,0.00864685621696,0.714086594614,0.0521880306113
0.177040644588,0.233274158747,0.303861329903,0.285823866762