0.611898019807,0.206847067922,0.0226425579874,0.158612354284
0.269194942069,0.514084476315,0.207795756903,0.00892482471298
0.0618387700212,0.858607199673,0.0100631042669,0.0694909260387
0.0914473581867,0.345701051536,0.321515022735,0.241336567542
0.050956357852,0.266712964058,0.666841886527,0.0154887915629
0.256302075168,0.0535484422864,0.178133697026,0.512015785519
0.341328140867,0.0334814359705,0.578587032437,0.0466033907256
0.769628836146,0.0643587683686,0.0215487891107,0.144463606374
0.0384200673158,0.269389208725,0.364194884962,0.327995838997
0.205878260716,0.53089659145,0.0114511653501,0.251773982484
0.50802489392,0.412072019791,0.00520273238275,0.0747003539062
0.604898563593,0.163700889262,0.156466584243,0.0749339629014
0.725256292989,0.016267813246,0.250606334691,0.00786955907433
0.0047083433774,0.84276144897,0.0304180584538,0.122112149199
0.347662635536,0.0625844195373,0.506628361375,0.0831245835516
0.33646190132,0.517851039292,0.0971237875152,0.0485632718735
0.543706182911,0.157119495255,0.144366080427,0.154808241407
0.279935824025,0.222099933086,0.482357457866,0.0156067850225
0.227392079744,0.4548168414,0.116897733768,0.200893345088
0.131343357402,0.769460212055,0.0778112627523,0.0213851677904
0.0102298409937,0.213243288395,0.452330346829,0.324196523782
0.103734719725,0.761038772379,0.103042264854,0.0321842430427
0.382309217565,0.271982315727,0.12799667176,0.217711794949
0.0131129253946,0.0328326830252,0.790599144172,0.163455247408
0.039229839724,0.444046640404,0.22676908532,0.289954434552
0.170119206476,0.237807403982,0.0446759137971,0.547397475745
0.0179298321399,0.604899968967,0.0414103036574,0.335759895235
0.190688910006,0.271833338432,0.137500854197,0.399976897365
0.218973023111,0.0818273018845,0.626239510925,0.0729601640802
0.103714488828,0.796850345991,0.098218092477,0.00121707270376
0.0635824680514,0.76390106965,0.0190386470352,0.153477815263
0.0285815833725,0.085265187866,0.777072876167,0.109080352594
0.317678247288,0.00291527558427,0.466360038504,0.213046438624
0.249051970186,0.629551162529,0.0479170420026,0.0734798252825
0.880458607712,0.035670094707,0.0477486728702,0.0361226247109
0.0368342844598,0.481612205467,0.192188876167,0.289364633906
0.142099626038,0.639221018439,0.165842389708,0.0528369658157
0.226474015943,0.617525055781,0.0705054295239,0.0854954987523
0.135305679535,0.160471964239,0.258420436587,0.445801919639
0.0696665767885,0.249564131905,0.118752326593,0.562016964714
0.243810370409,0.000104377216402,0.0014214823792,0.754663769995
0.127704217556,0.0832172668415,0.120819291139,0.668259224463
0.345791146771,0.0232369954185,0.531752454837,0.0992194029731
0.137627900425,0.300167376742,0.366603562231,0.195601160601
0.191179924317,0.505672434634,0.0865939806983,0.216553660351
0.282797998676,0.326183024714,0.223951756157,0.167067220453
0.971712100211,0.0121471650649,0.00501440070392,0.0111263340203
0.702224109054,0.00439878060224,0.0274746676847,0.26590244266
0.333826655367,0.139924923369,0.314392469063,0.2118559522
0.0606056156651,0.2449154605,0.399778297838,0.294700625997
0.0300474950755,0.541060629065,0.14337322276,0.2855186531
0.0348360313975,0.240541160681,0.184551175231,0.54007163269
0.676113283486,0.0471124349071,0.107531358792,0.169242922815
0.00267613983837,0.087402149307,0.00890221643387,0.901019494421
0.47875912618,0.0717897840937,0.25035938171,0.199091708016
0.121643564663,0.798289886206,0.0202836991711,0.0597828499595
0.529474643727,0.111771566725,0.326285255888,0.0324685336596
0.0736005128604,0.0976853828775,0.691607435204,0.137106669059
0.168416044715,0.205786318399,0.159088489749,0.466709147137
0.0581084158177,0.385892014304,0.107477288984,0.448522280894
0.0042185991117,0.875301936867,0.0288532919078,0.0916261721131
0.153458890827,0.00475905868202,0.0593948512633,0.782387199228
0.152853573038,0.000115459909685,0.835818546596,0.011212420456
0.981985483775,0.00196508787391,0.0114718014135,0.00457762693742
5.6194496645e-06,0.0231979543649,0.707573437336,0.26922298885
0.0257840733958,0.00850022527126,0.0590451737771,0.906670527556
0.470777972919,0.0247129357057,0.150397799679,0.354111291696
0.0625747341725,0.0862898605043,0.143125926607,0.708009478717
0.0521128421007,0.403710689293,0.162607222151,0.381569246455
0.391624150159,0.186551131111,0.136520069992,0.285304648738
0.354888171958,0.0300034683446,0.048738287532,0.566370072166
0.0672404958764,0.591425953961,0.192410473175,0.148923076987
0.00179699368479,0.0115750138182,0.128667200374,0.857960792123
0.151516479809,0.182153895093,0.544964306945,0.121365318154
0.0808767335417,0.00296755424637,0.156403620107,0.759752092105
0.15268106198,0.319941755928,0.475542368172,0.0518348139206
0.992136036829,0.00122314635347,0.001965686886,0.00467512993185
0.0259287886794,0.269581412839,0.699845809994,0.00464398848793
0.0698929223807,0.916772888992,0.0124574948801,0.000876693746685
0.00206951192416,0.0180552607045,0.123429103477,0.856446123894
0.279541447995,0.578810632162,0.0279587375405,0.113689182303
0.00658178812313,0.159635967938,0.680968813046,0.152813430893
0.0582978660798,0.143206294036,0.782622821193,0.015873018691
0.16254786315,0.651343222197,0.0994256857948,0.0866832288588
0.860613591634,0.0239888525265,0.0818339796855,0.0335635761537
0.0727259077197,0.559231585143,0.113730756047,0.25431175109
0.118578181688,0.187050519215,0.13105921865,0.563312080447
0.525598884026,0.153001399462,0.253189425477,0.0682102910347
0.527916435584,0.187011041018,0.12191190071,0.163160622688
0.198414958663,0.556193222967,0.157370473462,0.0880213449086
0.697169572223,0.0525473835899,0.134442299359,0.115840744828
0.000864193873284,0.0235569146632,0.226090708321,0.749488183142
0.0327369245563,0.00470835149961,0.140055195392,0.822499528552
0.713127284805,0.0981898603954,0.165241336818,0.0234415179815
0.00705137617104,0.844587231308,0.0848974618623,0.0634639306583
0.00185630502787,0.00465066338734,0.993474114429,1.89171559839e-05
0.0310440531297,0.0976701233494,0.818643371284,0.0526424522368
0.0819048973409,0.30503198612,0.557554561439,0.0555085550999
0.706992575141,0.1366200388,0.127201006317,0.0291863797418
0.0126513582826,0.230196634373,0.00649395035169,0.750658056992
0.00538441245028,0.000210579276889,0.969224093991,0.0251809142818
0.232329279034,0.673372087531,0.0289926490158,0.0653059844183
0.0931902145729,0.107231577055,0.143799818002,0.65577839037
0.0662000601446,0.685651697012,0.136349443914,0.11179879893
0.078688300792,0.388170706667,0.0669904086478,0.466150583893
0.467472500415,0.000538057960149,0.460321452049,0.0716679895756
0.0392666525151,0.0182293096143,0.0118688672352,0.930635170635
0.315872725771,0.445772213069,0.0438805716958,0.194474489464
0.652586274921,0.100552182718,0.202683073921,0.0441784684408
0.0807144644552,0.797971602766,0.029685857891,0.0916280748876
0.594890357619,0.308481474227,0.000510260205457,0.096117907948
0.998167635788,0.000142834699427,0.00168226564166,7.26387065218e-06
0.419321842743,0.344049067789,0.194265987336,0.0423631021318
0.431240958192,0.511353441634,0.041939752154,0.0154658480199
0.143195745668,0.0343899423084,0.622432276095,0.199982035928
0.595918600198,0.308471464873,0.0303042735949,0.0653056613342
0.285443096852,0.104493527397,0.488706242579,0.121357133172
0.018985050788,0.664441573251,0.0963952446336,0.220178131327
0.186109508125,0.362342621723,0.250251155413,0.20129671474
0.368308553916,0.167074717078,0.275616576164,0.189000152843
0.074536344601,0.908273740697,0.00291329795821,0.0142766167433
0.133786434906,0.3450962724,0.228764785901,0.292352506793
0.0105016843561,0.962780604875,0.00312379794407,0.023593912825
0.272631587553,0.153579556654,0.0837100036646,0.490078852128
0.0278685319872,0.875495858579,0.0824730557429,0.0141625536913
0.0739229073742,0.0668010162395,0.490252434584,0.369023641802
0.141432973734,0.0079974204595,0.052380512486,0.798189093321
0.0217476814478,0.958884492396,0.0104237279546,0.00894409820186
0.345744591208,0.13450380059,0.0941017246403,0.425649883562
0.664676377376,0.0968787772781,0.0504741248251,0.18797072052
0.334851559461,0.37243740796,0.0519590543658,0.240751978213
0.0767564956069,0.204042708326,0.671357700641,0.047843095426
0.36511961771,0.615439310681,0.00941033772866,0.0100307338801
0.116635498058,0.459549167718,0.0029904488284,0.420824885396
0.3521299314,0.0499250931159,0.332707357988,0.265237617496
0.208867639487,0.437476215073,0.0543884016861,0.299267743753
0.600925722708,0.00212967319425,0.396089316264,0.000855287833734
0.075503464308,0.577468926053,0.175008715023,0.172018894616
0.029327107281,0.0063191701867,0.862291053589,0.102062668943
0.189922107068,0.154645124106,0.00968069081415,0.645752078012
0.0223537427429,0.136461089614,0.737598132251,0.103587035392
0.107766108087,0.335858430631,0.135563757657,0.420811703625
0.111858218897,0.619297483587,0.0644337390084,0.204410558508
0.648793779993,0.036968305613,0.241052715552,0.0731851988422
0.551395143767,0.117456564987,0.201655088982,0.129493202264
0.0726151210271,0.0477032217521,0.860007191823,0.0196744653983
0.469960736292,0.237557268437,0.201173961885,0.0913080333857
0.148392725126,0.266764210284,0.474081475463,0.110761589127
0.229939149438,0.0405516027795,0.0195606873069,0.709948560475
0.303738610297,0.28643374836,0.340392432791,0.0694352085525
0.270003049749,0.418170551676,0.132812799793,0.179013598782
0.0236928162276,0.783185494955,0.157800479433,0.0353212093839
0.0303103769933,0.0740040254567,0.869953326892,0.0257322706577
0.292347966772,0.359064499598,0.0910486954301,0.2575388382
0.340426502698,0.448035872618,0.0453069172192,0.166230707465
0.187125480797,0.364662817702,0.110469459683,0.337742241818
0.510174892084,0.352668658248,0.0600077936636,0.0771486560045
0.600378856768,0.087727067797,0.10217918121,0.209714894225
0.955673049462,0.0138251704162,0.00604257852144,0.0244592016004
0.0208368223942,0.493338209631,0.17496097669,0.310863991285
0.388890672034,0.0782358911456,0.116595609668,0.416277827153
0.0204320206463,0.167099340042,0.797389575586,0.0150790637259
0.00624200362387,0.235687126883,0.7298286383,0.0282422311931
0.0321853844822,0.0901810544781,0.862899188153,0.014734372887
0.336176289475,0.0470334433557,0.60007069064,0.0167195765297
0.279835849021,0.595348578486,0.068156264222,0.0566593082707
0.975679441532,0.00113679833134,0.0225066225116,0.000677137625582
0.344744188048,0.0290924045979,0.600255132159,0.0259082751955
0.0234778923978,0.76605171546,0.087922251642,0.1225481405
0.0276938155272,0.0265887230537,0.935589043096,0.0101284183231
0.00589942635738,0.0187427569144,0.0663266244883,0.90903119224
0.203902271518,0.0573405057876,0.699522303198,0.0392349194966
0.957600682593,0.0129423224682,0.0143734660839,0.0150835288546
0.0167654766692,0.872557615425,0.0602534676064,0.0504234402995
0.298546401824,0.618928547016,0.0748173625442,0.00770768861582
0.729648247285,0.0244045341629,0.0817131350328,0.16423408352
0.00828369115229,0.0144949263811,0.954378952748,0.0228424297182
0.0387019815492,0.674946461791,0.191675718312,0.0946758383485
0.161198013469,0.0743730661257,0.257691373711,0.506737546695
0.111777148956,0.676769869515,0.00701501117847,0.20443797035
0.0236646248019,0.14163823611,0.131279104657,0.703418034431
0.114375345128,0.117615324657,0.763257031065,0.00475229915029
0.62448214067,0.0868121943017,0.159360038758,0.12934562627
0.0267320496422,0.221253293423,0.520687490755,0.231327166179
0.242716197675,0.240656042474,0.268799186558,0.247828573293
0.186576356958,0.515776522184,0.0595496488437,0.238097472014
0.228054305756,0.071525127825,0.0246311545221,0.675789411897
0.181900481641,0.735080656756,0.0704204903128,0.0125983712903
0.0997261439847,0.870572825801,0.000415405968167,0.0292856242459
0.0244372335485,0.385586943386,0.0439453028925,0.546030520173
0.460779215854,0.0525043607703,0.42410079646,0.0626156269157
0.727697851104,0.00787345929028,0.205563655559,0.0588650340465
0.142871781253,0.313949639281,0.180016412796,0.36316216667
0.382524298721,0.213790464114,0.237267688652,0.166417548514
0.876136988061,0.021768425867,0.0252890576637,0.076805528408
0.0179802174836,0.251328689009,0.380796454053,0.349894639454
0.0191615822543,0.581821897328,0.0393651346192,0.359651385798
0.0568415686761,0.239921684991,0.100305766382,0.602930979951
0.910388753438,0.0195850383917,0.0231570943786,0.0468691137922
0.187064057158,0.0330491220308,0.681048151697,0.0988386691142