0.19083572063,0.348531992716,0.250727213814,0.20990507284
0.0865224479843,0.186805320899,0.723298183805,0.00337404731205
0.0613183743439,0.274216879314,0.515101868299,0.149362878043
0.156749708441,0.0189395844972,0.683023357569,0.141287349493
0.0909345886285,0.063894772422,0.04238786227,0.802782776679
0.210004924277,0.0153562918727,0.256742906851,0.517895877
0.00535510655381,0.00660678478095,0.967841947778,0.0201961608873
0.059198485388,0.697213693248,0.0923664526595,0.151221368704
0.02314431532,0.666005492124,0.268296220032,0.0425539725242
0.0493161670422,0.0130764679513,0.862608620806,0.0749987442
0.72329346226,0.0124670780121,0.20561819475,0.0586212649778
0.185901153216,0.606585434834,0.0624833074966,0.145030104454
0.0841803128204,0.824921695534,0.0547678131172,0.0361301785284
0.172758324911,0.0107481223625,0.761482539017,0.0550110137102
0.040072989348,0.365925110569,0.242284907493,0.35171699259
0.408656466203,0.361294186872,0.0787681383668,0.151281208558
0.334005294724,0.359532909573,0.303374762107,0.0030870335962
0.0100851892822,0.909409968594,0.00769950574057,0.0728053363829
0.088587314937,0.110396983982,0.529251910592,0.271763790489
0.568212733694,0.088771516859,0.212937235291,0.130078514157
0.0241931767182,0.0358143564585,0.020682471526,0.919309995297
0.50107272913,0.125841981951,0.353263483801,0.0198218051183
0.0381646981948,0.314769796867,0.0312172124005,0.615848292538
0.99444641804,0.0029423059259,0.00212512775106,0.000486148282757
0.151248630889,0.816078775149,0.00713444408261,0.0255381498788
0.0722824286115,0.686305841012,0.0642752998999,0.177136430477
0.159301649838,0.0618385117045,0.678361300546,0.100498537911
0.208533260069,0.146661919574,0.385554487142,0.259250333214
0.285183821711,0.216394964202,0.406960059173,0.0914611549137
0.00485658684174,0.373239177705,0.555300690756,0.0666035446981
0.170810387846,0.0884511735914,0.49794398234,0.242794456223
0.0619028887786,0.339657590458,0.365964574546,0.232474946218
0.473580476781,0.143583252942,0.0969138690679,0.28592240121
0.618315008035,0.0365306310287,0.26189351985,0.0832608410868
0.173999386299,0.591561565031,0.113045251461,0.121393797209
0.32472322143,0.302035037294,0.188844651389,0.184397089886
0.126626306678,0.0919242241385,0.000153469565284,0.781295999618
0.128463659245,0.691965526142,0.00118697711132,0.178383837502
0.969843230486,0.00185138360513,0.0141448850134,0.0141605008954
0.115622382092,0.0122317507606,0.647347712513,0.224798154634
0.383830698055,0.0474460121335,0.411973434984,0.156749854828
0.554978212313,0.0982311616664,0.0354775665266,0.311313059494
0.0682501866893,0.0378639133131,0.684780775403,0.209105124595
0.460582430993,0.422743281357,0.0547107552628,0.0619635323877
0.0572535912912,0.177110450579,0.681936493256,0.0836994648739
0.254448392984,0.108786689035,0.0135772031935,0.623187714788
0.381782063324,0.473461293442,0.0883502362589,0.0564064069749
0.287512298782,0.0637887146559,0.000396004565412,0.648302981997
0.29137351195,0.0641278703539,0.632618893402,0.0118797242937
0.792679960758,0.0389992695272,0.00713660208315,0.161184167631
0.114929022001,0.276482633896,0.474757996982,0.133830347121
0.0244875571269,0.00287643650163,0.699629370785,0.273006635587
0.0564021950322,0.00404328483661,0.334672291687,0.604882228444
0.233988441442,0.0443697621901,0.100047929329,0.621593867039
0.233536919225,0.0500272536302,0.413161179903,0.303274647242
0.399749238155,0.524119831846,0.0034710342655,0.0726598957327
0.0590256036497,0.0780060925218,0.0675074882683,0.79546081556
0.373801874609,0.0270872326166,0.0846763698801,0.514434522895
0.621889003707,0.152553813938,0.156722715257,0.068834467097
0.0421923582448,0.888362071312,0.0367598937766,0.0326856766667
0.282167240965,0.217159401379,0.16096780714,0.339705550516
0.348657552886,0.0715544109355,0.557335890785,0.022452145393
0.0255921507249,0.0289604260906,0.0120449508155,0.933402472369
0.502923226712,0.01671825812,0.357684338839,0.122674176329
0.0365287194828,0.0234903422525,0.673216014884,0.266764923381
0.0414114369254,0.000260276183707,0.935252913966,0.0230753729253
0.495427214653,0.467901591282,0.0136715792809,0.022999614784
0.0194303295913,0.0164555229214,0.0457466938918,0.918367453595
0.0446758159687,0.344136405763,0.221983875365,0.389203902904
0.0702940754926,0.456998589821,0.168611348542,0.304095986144
0.41213124024,0.473009376963,0.0908406297855,0.024018753012
0.0402688410935,0.549791671148,0.301457691888,0.10848179587
0.171381899281,0.0956472723915,0.00172961011277,0.731241218215
0.116875928982,0.0191222135617,0.261043512648,0.602958344808
0.126773016482,0.223014189131,0.485107148093,0.165105646294
0.521126453164,0.095000193433,0.19423034267,0.189643010732
0.0233480906256,0.0149419734458,0.00751652847476,0.954193407454
0.120385404642,0.730261271356,0.0416829847079,0.107670339294
0.853940256124,0.0221493575888,0.0839741224112,0.0399362638763
0.0217830716185,0.114457475303,0.644632524167,0.219126928911
0.0335223616199,0.631994553595,0.143137564684,0.191345520101
0.0579962287641,0.558191446454,0.372115911967,0.0116964128152
0.0973993597675,0.109580509129,0.0749645182017,0.718055612902
0.0250072435614,0.148174626832,0.0285943965377,0.798223733069
0.046127383481,0.179069965027,0.0172029884524,0.75759966304
0.131238182195,0.0960627049038,0.633038966784,0.139660146117
0.0126334756842,0.0773406398095,0.167011551651,0.743014332856
0.012777912087,0.694534030184,0.110083809085,0.182604248644
0.0253338082534,0.222537816744,0.00571741666703,0.746410958335
0.00333958360965,0.985096053114,0.00404967176875,0.00751469150794
0.138351918618,0.0744470366781,0.292823216683,0.49437782802
0.00139339940449,0.00081284662716,0.472356007806,0.525437746162
0.595424066936,0.266369760057,0.133895032671,0.00431114033578
0.119362293921,0.333781887284,0.475139245738,0.0717165730562
0.150575027412,0.0178823776332,0.768115514742,0.0634270802126
0.367484827402,0.465508715594,0.0489843319405,0.118022125064
0.134826621313,0.226424425876,0.31674308633,0.322005866482
0.558006564663,0.121223956732,0.205584972251,0.115184506354
0.0479480812249,0.833063316075,0.00817949808288,0.110809104618
0.492458239052,0.0367217746903,0.176415443572,0.294404542685
0.0369398648006,0.323189995705,0.420372720346,0.219497419149
0.180279243439,0.124250025405,0.260440778191,0.435029952965
0.236708566563,0.132310448538,0.0844658828512,0.546515102047
0.388162532754,0.026511041431,0.53019773694,0.0551286888746
0.0710352052794,0.0304088877306,0.867760222475,0.0307956845152
0.0117806690686,0.0312049065297,0.937334967863,0.0196794565387
0.504337303908,0.217410955248,0.0434797972126,0.234771943631
0.440316064192,0.343664712777,0.113785790869,0.102233432162
0.18129212783,0.0449592771135,0.420184754256,0.3535638408
0.504166274762,0.3962824859,0.0365478391424,0.063003400196
0.0019975724978,0.0281622035956,0.0482096715888,0.921630552318
0.417190956205,0.0323980688191,0.0497709348331,0.500640040142
0.813111364968,0.00286607304677,0.169039367928,0.0149831940567
0.117837705162,0.420372737636,0.434673076268,0.0271164809338
0.182773683357,0.144798913913,0.23500794575,0.437419456979
0.242591845895,0.0780037402602,0.110396548375,0.569007865469
0.179955077929,0.497603522124,0.199341770078,0.123099629869
0.0418826482324,0.74394269921,0.208348760985,0.00582589157219
0.510530485371,0.227477216877,0.0553189158612,0.206673381891
0.0133230809904,0.0187558809104,0.612577011599,0.3553440265
0.155313054554,0.0803351582827,0.431801409243,0.33255037792
0.401068671452,0.0737129285291,0.147729744526,0.377488655493
0.735264048401,0.154312397822,0.0499882937584,0.0604352600186
0.37470056114,0.0984435732925,0.403264044289,0.123591821279
0.585979303436,0.0632800390766,0.180795812118,0.16994484537
0.552711449686,0.200943573022,0.00648060293052,0.239864374362
0.0448463209617,0.00761545821556,0.324525953535,0.623012267288
0.00543995813507,0.0259740879174,0.488847067786,0.479738886162
0.0554170045893,0.13283703701,0.00533697777487,0.806408980626
0.0920046967764,0.0278322320081,0.100726366285,0.779436704931
0.114463400148,0.0802914573983,0.798174090516,0.00707105193773
0.00355119603794,0.00238905089844,0.419878395109,0.574181357955
0.180811379283,0.142324576747,0.00185018045163,0.675013863519
0.0369381600486,0.883545690399,0.0126845697845,0.0668315797674
0.188909756343,0.648036123189,0.113742939615,0.0493111808532
0.378169211718,0.0753461020179,0.0073515504045,0.539133135859
0.575347965759,0.416598419817,0.00410891397351,0.00394470045068
0.0498811094387,0.902672236909,0.0214061462826,0.0260405073696
0.429108575487,0.285332125525,0.0742586752686,0.211300623719
0.0193902230853,0.899880336267,0.0271551017737,0.0535743388739
0.0857257388361,0.656438848354,0.171878943283,0.0859564695267
0.0150871067067,0.046977457951,0.0691372608163,0.868798174526
0.144911751753,0.0652167941533,0.618312345119,0.171559108975
0.0365822977107,0.027623979387,0.228550585344,0.707243137558
0.278306238123,0.662124381753,0.0254658244105,0.0341035557136
0.147809783305,0.192249023064,0.0944911360441,0.565450057587
0.736264307818,0.232128466025,0.0226225186107,0.00898470754668
0.0647044909518,0.0305278751263,0.133530081302,0.771237552619
0.357098186642,0.0630602536503,0.576102233525,0.00373932618255
0.150277646094,0.282842350056,0.162099313662,0.404780690188
0.410628303229,0.484560171898,0.0226765265455,0.0821349983274
0.00989923165919,0.206073200452,0.621489177909,0.16253838998
0.0149483302472,0.357932569191,0.0276168930532,0.599502207509
0.0891382675862,0.13822321214,0.332692742121,0.439945778152
0.53894568964,0.227457302879,0.0882755329952,0.145321474485
0.0994784135482,0.0925517726639,0.241337600851,0.566632212937
0.0018567167264,0.365514344119,0.628685350064,0.00394358909066
0.251357968741,0.536223618947,0.0378360614607,0.174582350851
0.0309295883617,0.182265780608,0.44568260418,0.341122026851
0.0837133785416,0.0183120330296,0.890040690084,0.00793389834513
0.417785900746,0.457891329734,0.00182781406057,0.122494955459
0.0283993291743,0.389703470622,0.170352173443,0.411545026761
0.208767027835,0.688412115819,0.0925866829015,0.0102341734448
0.202364624004,0.0125424933427,0.741264152947,0.0438287297064
0.0726225725018,0.0452309646293,0.430101175374,0.452045287495
0.00416999287456,0.233054212236,0.758796816937,0.00397897795152
0.000472646571645,0.501729503553,0.49627694789,0.0015209019849
0.126826255293,0.700159125512,0.0880404711218,0.0849741480729
0.0663270356362,0.0150380954149,0.0190198575681,0.899615011381
0.0623244810222,0.177569904878,0.390659345112,0.369446268988
0.505468498802,0.0836462015065,0.377566097833,0.0333192018591
0.19751676956,0.110000159107,0.231039190556,0.461443880776
0.0155427784092,0.022404583772,0.956278114571,0.00577452324816
0.0106038702645,0.390132191842,0.338225910822,0.261038027072
0.102733028044,0.462297068908,0.0532013314215,0.381768571627
0.0715206617133,0.295926438885,0.00509402471718,0.627458874685
0.346351387982,0.108214207429,0.246732663789,0.298701740801
0.750502445048,0.0980223362358,0.0400715665458,0.11140365217
0.0479295459401,0.0317222742711,0.129446530563,0.790901649226
0.748214411451,0.103045056411,0.0290871730981,0.11965335904
0.54179751663,0.0156554150227,0.0140646393615,0.428482428986
0.17384460067,0.669431681382,0.138262310692,0.0184614072563
0.175261672569,0.0975323146177,0.442282395987,0.284923616827
0.470334567391,0.101966794496,0.0146347809983,0.413063857114
0.611108334258,0.116793752774,0.212264889293,0.0598330236755
0.308791540557,0.22396260261,0.320211591666,0.147034265168
0.159550693873,0.818889530443,0.0172019033375,0.00435787234698
0.268969962665,0.416203614555,0.21743662558,0.0973897971998
0.0154979476166,0.0167117750668,0.0161300565992,0.951660220717
0.684094036288,0.0867097867656,0.177055500868,0.0521406760781
0.0466142009306,0.00370195134181,0.948734062033,0.000949785694232
0.22078660903,0.0960126161099,0.592484264855,0.090716510005
0.115376353626,0.566910807241,0.223232444831,0.0944803943014
0.0474263268089,0.58782805372,0.133493250429,0.231252369043
0.0553758098877,0.049448941867,0.641093551376,0.254081696869
0.305490267379,0.603208814721,0.0134105558996,0.0778903619996
0.235514757689,0.013075490393,0.569774588749,0.181635163169
0.454167153935,0.0241431573935,0.413911518331,0.107778170341
0.035449375334,0.329577726741,0.0914241258329,0.543548772092
0.0324597402224,0.243182219181,0.00251667655911,0.721841364038