0.148442596263,0.750388758326,0.0918923066619,0.009276338749
0.557156998385,0.13003836691,0.0146997948897,0.298104839815
0.0572004847285,0.140177175372,0.173749562809,0.62887277709
0.000725956875999,0.222149376419,0.00146689892,0.775657767785
0.592231073921,0.0646403996511,0.342002015725,0.00112651070301
0.0262442988661,0.109928132734,0.0785952048122,0.785232363588
0.0155525912256,0.0844655028332,0.0945421913352,0.805439714606
0.194452559299,0.264197779313,0.462292503649,0.0790571577385
0.0451401787951,0.0648638662872,0.835964670172,0.0540312847458
0.59457193903,0.194218371128,0.177042389921,0.0341672999205
0.0246144073239,0.769040809703,0.188774644792,0.0175701381809
0.251972930561,0.153103272154,0.0468483188334,0.548075478452
0.12447455563,0.620559818581,0.0300343432854,0.224931282504
0.107826349702,0.454442608767,0.338207463294,0.0995235782364
0.648761987488,0.01996819778,0.175930319339,0.155339495393
0.272610358878,0.0564631420095,0.546392635662,0.12453386345
0.00370496322936,0.0102339318724,0.0242777888759,0.961783316022
0.0122036671543,0.00736885924033,0.121774079135,0.858653394471
0.00214104608425,0.0136928036038,0.837684872811,0.146481277501
0.139884753451,0.00897304377891,0.528733916091,0.322408286679
0.0170516342345,0.411372091008,0.094155843922,0.477420430836
0.355637167764,0.2552407708,0.0338819993846,0.355240062051
0.36647838814,0.356980982377,0.0114612866481,0.265079342834
0.958800251214,0.00816488669684,0.0234401474268,0.00959471466215
0.479915308912,0.144305593273,0.000875324593293,0.374903773222
0.324010876399,0.498514892282,0.0387372107311,0.138737020588
0.206819171561,0.210393243788,0.27207057236,0.31071701229
0.33850366927,0.239087723396,0.0999256964559,0.322482910878
0.395672789516,0.24522734449,0.332789782865,0.0263100831288
0.179716966176,0.458772325333,0.141660008187,0.219850700304
0.248621197094,0.720636682118,0.0135882392459,0.0171538815426
0.965241768398,0.0149347519918,0.00599756401866,0.0138259155912
0.0774793750446,0.191651615704,0.58979156771,0.141077441541
0.0568045256603,0.0158245008778,0.275893775038,0.651477198423
0.106133838639,0.681342168958,0.0935209147829,0.119003077621
0.218876840138,0.163774204197,0.213518008317,0.403830947349
0.0040015843909,0.965784437999,0.0165983820345,0.0136155955751
0.957212352761,0.00334334759114,0.0222487910362,0.0171955086115
0.388964059601,0.024933598582,0.274075742121,0.312026599695
0.466926495571,0.00945262651508,0.498975625836,0.024645252078
0.0902642631175,0.534814446387,0.301089806062,0.0738314844333
0.661196134402,0.303225060606,0.0092504827001,0.0263283222913
0.150757909402,0.0515519695794,0.0299660223009,0.767724098718
0.0964666819037,0.173043069385,0.122039069545,0.608451179166
0.698678554259,0.0966095593232,0.14439053629,0.0603213501286
0.759879736795,0.0954562356284,0.0971055669022,0.0475584606742
0.192434017354,0.147737516132,0.625673930035,0.0341545364792
0.00415762828596,0.0002312628311,0.00828588612446,0.987325222758
0.405764393406,0.0490264226838,0.0516836445945,0.493525539316
0.406471637871,0.0684429598478,0.5170356411,0.00804976118157
0.641932793757,0.174841838076,0.139774135532,0.0434512326361
0.0181542924323,0.0764002289224,0.846621057808,0.0588244208371
0.30380144052,0.29417242989,0.193871815797,0.208154313793
0.128382469483,0.0885902983758,0.662297912416,0.120729319725
0.00458864528828,0.818811274648,0.175425567373,0.00117451269018
0.346695608653,0.12065319832,0.437081908001,0.0955692850258
0.296088924946,0.013522854171,0.305109120692,0.385279100191
0.0246342434803,0.185002713906,0.173883371843,0.61647967077
0.176052193153,0.391725111291,0.342248253966,0.0899744415899
0.385765413058,0.221268011171,0.0430416881955,0.349924887576
0.171884848914,0.734951200295,0.0122175655135,0.0809463852776
0.661655749131,0.175941239352,0.158944010385,0.00345900113219
0.438651729769,0.0136645249723,0.515108643049,0.0325751022092
0.00207354691198,0.0894101303925,0.83839979211,0.0701165305852
0.188434860494,0.0683385219516,0.00710961570133,0.736117001853
0.0435378228321,0.0700745833016,0.380901225121,0.505486368745
0.0167763112441,0.0890947644551,0.540815380001,0.3533135443
0.3049826991,0.0244688351297,0.614325121655,0.0562233441146
0.460050899434,0.0863185583208,0.193491019927,0.260139522318
0.333481829471,0.0921682026284,0.467469465033,0.106880502868
0.220465218651,0.0183607625299,0.631247488531,0.129926530288
0.155319678526,0.0158484350001,0.260695201077,0.568136685396
0.655999405785,0.153671508764,0.121435833551,0.0688932518995
0.0145812594065,0.497691458977,0.115623730527,0.37210355109
0.09105148138,0.715547913015,0.161425556921,0.0319750486836
0.293677000542,0.286152258361,0.309455356345,0.110715384753
0.000773566265813,0.0017525488098,0.987956453061,0.00951743186304
0.487068426801,0.390051684403,0.0373487930002,0.0855310957957
0.115586201015,0.424835343355,0.188053228335,0.271525227294
0.00913608362212,0.0339864290981,0.863531045334,0.0933464419453
0.140557999437,0.0664162792547,0.314339289082,0.478686432226
0.684405403468,0.0260862007019,0.211633239196,0.0778751566347
0.240293666946,0.502629617913,0.211327156363,0.0457495587787
0.611076967639,0.0635699957503,0.0605440519286,0.264808984682
0.199952948526,0.0888776206119,0.45983571593,0.251333714933
0.0347961493598,0.0321669673423,0.493251384548,0.43978549875
0.189037919306,0.191071805635,0.247528298175,0.372361976884
0.868480819323,0.077914264769,0.0387496741606,0.0148552417479
0.436364237695,0.0967351161646,0.304389232051,0.162511414089
0.232311477496,0.607757903248,0.0770814167518,0.0828492025047
0.00449223469607,0.398660122754,0.00887704602773,0.587970596522
0.959803397841,0.0132104922238,0.0121885676331,0.0147975423016
0.078381574658,0.758308475385,0.135252888257,0.0280570616998
0.251793253801,0.240257385536,0.288659951867,0.219289408796
0.0827974128271,0.0589211834584,0.227366246391,0.630915157323
0.5663339571,0.369209081156,0.012348263263,0.0521086984801
0.00677138340263,0.23547212544,0.564092029212,0.193664461945
0.00551961690511,0.786741559352,0.0986378942068,0.109100929536
0.128488813622,0.859909646393,0.00594351548585,0.0056580244992
0.0860917383519,0.0652051877163,0.252399048072,0.59630402586
0.872150204134,0.0733224715708,0.010370968309,0.044156355986
0.365167232909,0.0746864779752,0.155186213525,0.404960075591
0.52095214218,0.338008499774,0.136783308735,0.0042560493118
0.350259071515,0.0333786595283,0.383818811971,0.232543456986
0.73755169264,0.110094490995,0.141794598964,0.0105592174015
0.523554612008,0.386126822551,0.0556857749281,0.034632790513
0.7779309602,0.0670126762549,0.0193261849999,0.135730178545
0.0276064357034,0.715177883099,0.0320687800809,0.225146901116
0.921377252051,0.0109283563009,0.0568233684257,0.010871023222
0.00393592439648,0.946652272219,0.0490398931393,0.000371910244927
0.0289964535216,0.497494325145,0.321925398341,0.151583822993
0.014590133505,0.860508403851,0.0919704006099,0.0329310620342
0.096428330562,0.0341257706916,0.177563268225,0.691882630521
0.10060139966,0.56837829044,0.0845716669267,0.246448642973
0.651858488517,0.135909480049,0.0611649818572,0.151067049577
0.244617262169,0.168496535838,0.0289054759224,0.557980726071
0.156010260607,0.0175991641845,0.148512641105,0.677877934103
0.105177999286,0.182694708668,0.690815209561,0.0213120824848
0.0269653520691,0.67682639651,0.243699646523,0.0525086048973
0.100563948976,0.502298128992,0.168425167271,0.228712754761
0.215110127239,0.276662096511,0.129630690981,0.378597085269
0.0970963313168,0.251175749843,0.00479648473067,0.646931434109
0.0202134483164,0.00134395205908,0.215854484508,0.762588115116
0.735953368151,0.0257967510289,0.00944098299415,0.228808897825
0.0807904238946,0.105384817948,0.237717948726,0.576106809431
0.360634718945,0.392703188828,0.0235789192207,0.223083173007
0.0637271125771,0.0124361799049,0.208355901589,0.715480805929
0.10486944247,0.0904629049926,0.794319487724,0.0103481648136
0.160002414527,0.296034114864,0.52472393872,0.0192395318891
0.142278295607,0.194766342801,0.623886399034,0.039068962557
0.305594885878,0.026842477187,0.652508673371,0.0150539635642
0.628862652326,0.00770684792472,0.010881421103,0.352549078646
0.463230067048,0.387977435799,0.0405200216264,0.108272475526
0.100233691749,0.161045613155,0.632067902568,0.106652792529
0.107249150821,0.0265929411711,0.249418088974,0.616739819034
0.198379499763,0.106978022053,0.65148414523,0.0431583329536
0.0472417051888,0.0749731251365,0.0765590395907,0.801226130084
0.120263772797,0.36174805683,0.0422633410807,0.475724829292
0.952310421965,0.00183951371064,0.0442554704182,0.00159459390643
0.379097878278,0.336784012744,0.0420791217624,0.242038987216
0.0413018195202,0.950855110715,0.00699335800238,0.000849711762897
8.98770212201e-05,0.660439002599,0.321048345972,0.0184227744074
0.153405733212,0.150938913521,0.384530778921,0.311124574345
0.204128402347,0.362194672215,0.0828823872413,0.350794538197
0.0061615941512,0.0131573989692,0.285624288904,0.695056717976
0.511573494576,0.0540067304856,0.429665918906,0.00475385603262
0.00575846600812,0.00763417371767,0.00665237911206,0.979954981162
0.834810368718,0.0290119888738,0.100103467998,0.0360741744095
0.116341648769,0.610580748904,0.0294756515102,0.243601950817
0.685589854924,0.00050692195509,0.000608287126129,0.313294935995
0.293901639223,0.0953674428945,0.0210492867634,0.589681631119
0.00580594402218,0.270671746464,0.00509412342024,0.718428186094
0.015335091141,0.0417427026213,0.657067833195,0.285854373043
0.722786465201,0.00315773170954,0.258545228054,0.0155105750357
0.18018258136,0.0369332032398,0.329548494763,0.453335720637
0.0035632233475,0.443248688331,0.405228322531,0.14795976579
0.805955617569,0.1898270561,0.00397333124325,0.000243995087623
0.916291288302,0.0355312428395,0.0040089712795,0.0441684975788
0.900318543628,0.00256049223952,0.0907604692735,0.00636049485876
0.0682326491841,0.300788192248,0.580947070757,0.0500320878116
0.0444699786191,0.710568733941,0.197773469861,0.0471878175789
0.58049483273,0.00129043152426,0.359719511114,0.0584952246322
0.000434279531313,0.888613818767,0.0261422273201,0.0848096743814
0.671545549172,0.0744428937793,0.0347928458042,0.219218711244
0.012996503306,0.0726130010515,0.00353480161695,0.910855694026
0.190851213428,0.546449777936,0.0909376589101,0.171761349726
0.342893970498,0.604207637169,0.0522707994761,0.000627592856897
0.138812036671,0.0653012296946,0.0725639641735,0.72332276946
0.610901884528,0.112182421449,0.157852200803,0.11906349322
0.000126670900017,0.999058780574,0.000343335561605,0.000471212964443
0.320314233581,0.294389824319,0.366377020102,0.0189189219979
0.216969783848,0.229121300373,0.292867547482,0.261041368296
0.00329228546237,0.0261964940399,0.215064863426,0.755446357072
0.0253105791575,0.0351383630728,0.0425850938603,0.896965963909
0.482322215695,0.0639246117194,0.169789858212,0.283963314373
0.138303039773,0.399062577964,0.423898678891,0.0387357033728
0.159065487847,0.11944815978,0.242774890728,0.478711461645
0.110554890581,0.317268683026,0.0942389121221,0.477937514271
0.550134397292,0.0288005400948,0.348283484238,0.0727815783747
0.438955326345,0.223465054279,0.0558382189948,0.281741400381
0.956970254364,0.00819752346954,0.0033537380555,0.0314784841111
0.892921322323,0.0127787706187,0.0628419283175,0.0314579787409
0.0574878099185,0.641334782537,0.0975468990364,0.203630508508
0.0754176463651,0.00806335264098,0.826400546323,0.0901184546712
0.07650967814,0.365100040258,0.125697848674,0.432692432927
0.160510324297,0.797917317261,0.0240378717067,0.0175344867351
0.0561954867436,0.00246481211683,0.488179079969,0.453160621171
0.116104154198,0.0514770421984,0.638297337947,0.194121465657
0.363462068409,0.333189318878,0.282268649846,0.021079962866
0.329955941257,0.0155966386176,0.606880433092,0.0475669870337
0.828612028135,0.0905412900842,0.01800832719,0.0628383545908
0.119079038042,0.859870442226,0.0151536133474,0.00589690638367
0.258900692233,0.133061906543,0.473123546625,0.1349138546
0.13491057062,0.698478999282,0.0730691363194,0.0935412937785
0.332931222804,0.26888298145,0.163833301282,0.234352494463
0.135546998418,0.0154613086849,0.791372469858,0.0576192230389
0.255272527781,0.051978093077,0.657937352688,0.0348120264541
0.0206060986301,0.703654161965,0.216780312486,0.0589594269188
0.346676641705,0.527027406362,0.0338526859387,0.0924432659939
0.730211218305,0.0581162444372,0.204372856633,0.00729968062498