0.00916649016425,0.00527645077613,0.982303065689,0.00325399337016
0.032962441986,0.320456647719,0.618371262283,0.0282096480118
0.0524673423635,0.230338689386,0.312188462945,0.405005505305
0.105715488623,0.816014663571,0.00378792759075,0.0744819202152
0.0983774839852,0.0686646930049,0.22628940254,0.60666842047
0.236437512327,0.194081664963,0.15832051899,0.41116030372
0.481863328346,0.124059154531,0.0843550984181,0.309722418705
0.890958995379,0.00403589414162,0.104106642017,0.00089846846196
0.00653351933224,0.210403578731,0.161880686273,0.621182215663
0.182474190335,0.315427929796,0.445249873657,0.0568480062128
0.144175166353,0.0711634989693,0.622493951167,0.16216738351
0.233831036638,0.360004466272,0.268796535043,0.137367962047
0.00235815545668,0.0667587584879,0.82386494754,0.107018138515
0.0333895150079,0.524792458653,0.28124924006,0.160568786278
0.734884783946,0.0848388320577,0.117927537568,0.0623488464288
0.416480682839,0.052864208774,0.335613132022,0.195041976365
0.467125142278,0.0857751926105,0.384457816145,0.0626418489673
0.0607868399842,0.0784743658159,0.0801301174392,0.780608676761
0.263800352848,0.473147049798,0.156391173633,0.106661423721
0.177269922911,0.0365054003544,0.236693904768,0.549530771967
0.994526824031,0.000132679645569,0.00283917714069,0.0025013191825
0.00864359700982,0.287833460005,0.500173841306,0.203349101679
0.0132378158548,0.0545434578376,0.47957353737,0.452645188938
0.553268073001,0.254119864053,0.0204912411614,0.172120821784
0.0120570028641,0.009090733595,0.972336375306,0.00651588823528
0.263950941057,0.534444649288,0.179340352921,0.0222640567341
0.0913179982087,0.670070264106,0.120113765632,0.118497972054
0.113335000206,0.317533294938,0.480453397114,0.0886783077421
0.0153113940054,0.0717736052019,0.187652649831,0.725262350962
0.493138043989,0.406260872835,0.0338987267986,0.066702356377
0.0744177997898,0.808589762182,0.075419357292,0.0415730807357
0.256587668794,0.073373456248,0.358558445295,0.311480429663
0.643672153909,0.00121485654091,0.349450838204,0.00566215134602
0.123665440811,0.75195379067,0.0324415787813,0.0919391897372
0.00551535542282,0.528019252016,0.154617822403,0.311847570159
0.0318325656645,0.620034571602,0.04516009933,0.302972763403
0.020513360992,0.968779193746,0.00413401395382,0.00657343130818
0.222617578867,0.0281605089954,0.0386884285714,0.710533483567
0.00856050669166,0.0397236481215,0.493171207298,0.458544637888
0.076242322076,0.0697433709671,0.817706659917,0.0363076470398
0.0301391988194,0.465438725237,0.45662997334,0.0477921026036
0.0743059577496,0.357594160648,0.164106775642,0.40399310596
0.00406184126561,0.161415846011,0.604846119509,0.229676193214
0.0363013082922,0.530278450953,0.285727251816,0.147692988939
0.155737802659,0.383410320691,0.436054073019,0.0247978036309
0.274349312093,0.505097316879,0.0483017468321,0.172251624195
0.00344596350416,0.00286035893597,0.305674903889,0.688018773671
0.0343476456906,0.576970689686,0.0113024851302,0.377379179493
0.422987259071,0.16882287316,0.344796234199,0.0633936335699
0.334516162506,0.190320254357,0.191979976141,0.283183606996
0.112071800418,0.320405582725,0.365922626231,0.201599990626
0.0183532647402,0.0171829632268,0.304323191592,0.660140580441
0.0506023475865,0.0708187661113,0.419806517429,0.458772368874
0.142279144489,0.169282422874,0.277689503476,0.410748929161
0.391944592971,0.076671154354,0.399215612337,0.132168640338
0.0270721339271,0.234472329564,0.0924085439862,0.646046992522
0.871052403536,0.0296857207353,0.0299203809443,0.0693414947839
0.337202392089,0.0877238155445,0.399950031619,0.175123760748
0.190337117326,0.130105819715,0.412852493054,0.266704569905
0.0245032118803,0.959435837609,0.0124387555142,0.0036221949969
0.00481113189477,0.632836428393,0.000438735383902,0.361913704328
0.317456131281,0.154861136763,0.458896444403,0.0687862875531
0.258690332111,0.433313948757,0.222859661758,0.0851360573742
0.440469832261,0.401790183566,0.108926383981,0.0488136001921
0.0272976795106,0.791733564618,0.016442748133,0.164526007739
0.911414144389,0.0864198368224,0.000200452006661,0.00196556678231
0.0101267699812,0.833689502023,0.153334430738,0.00284929725757
0.0880315382237,0.0367338155128,0.748319546142,0.126915100121
0.127504060349,0.687611338713,0.100966930603,0.0839176703343
0.246527315259,0.110701724343,0.0430562412491,0.599714719149
0.358890366975,0.283684717292,0.0321762857026,0.325248630031
0.189952724834,0.662823383933,0.0211311323418,0.126092758891
0.0428457479019,0.0817916838606,0.591431438266,0.283931129972
0.701419598057,0.0120385049972,0.00608817584306,0.280453721103
0.104249584382,0.346377639868,0.375009615537,0.174363160213
0.0650442447961,0.0637090481289,0.429374023179,0.441872683896
0.0485679865817,0.0219101486442,0.531939430289,0.397582434485
0.483763365818,0.000130091546685,0.442402935642,0.073703606994
0.0478849267381,0.0835414309045,0.734610906891,0.133962735466
0.494012422143,0.0770489427987,0.361323122375,0.0676155126834
0.625772403851,0.269709937657,0.069216135816,0.0353015226753
0.0936509030972,0.0478830243065,0.0403023838822,0.818163688714
0.551136028046,0.0211515582546,0.0151736950954,0.412538718604
0.100827027201,0.325972180034,0.365897825219,0.207302967547
0.624984386783,0.0527604746304,0.232573048736,0.0896820898506
0.00635533801894,0.07303609935,0.656652528249,0.263956034382
0.937367570968,0.0128398378039,0.0181096263805,0.0316829648479
0.0342677361262,0.119161285527,0.213330619493,0.633240358854
0.676519797374,0.164500996908,0.000578456902416,0.158400748815
0.287369234807,0.208214508577,0.422124529369,0.0822917272471
0.0981943942049,0.259410792321,0.474320739606,0.168074073868
0.330482740339,0.242455678632,0.327688882195,0.0993726988342
9.1635646769e-05,0.000174835538625,0.0161352837048,0.98359824511
0.215440566134,0.255665647778,0.0189733507645,0.509920435324
0.0284526651119,0.443281159703,0.510071687195,0.0181944879906
0.484646240099,0.0794177165396,0.301701144709,0.134234898652
0.975437401799,0.00170853740493,0.0192974298388,0.00355663095746
0.612182109248,0.114680620213,0.211442551078,0.0616947194602
0.364461762336,0.267951630063,0.212372147572,0.15521446003
0.22136019739,0.139032247879,0.441325931528,0.198281623202
0.372469535869,0.00624980514402,0.505814381213,0.115466277774
0.00605123931028,0.961165185256,0.0314918960882,0.00129167934533
0.0330888570676,0.213633338702,0.737035251046,0.0162425531838
0.111487383265,0.0966145377789,0.403223378243,0.388674700712
0.857621472717,0.0360859938358,0.0937003508792,0.012592182568
0.00295375819587,0.14335817331,0.0183835290373,0.835304539457
0.124694483896,0.314486418815,0.551053290627,0.00976580666136
0.154698014585,0.0139643222929,0.680476008355,0.150861654767
0.300285628767,0.2530329675,0.0709161114672,0.375765292265
0.103910958108,0.223367317694,0.530871473504,0.141850250694
0.237864934415,0.127039680392,0.475314478558,0.159780906635
0.785929555143,0.0210028332836,0.111078338525,0.0819892730483
0.393045072503,0.129960445609,0.155762644008,0.32123183788
0.160596838622,0.013561381929,0.00387624619561,0.821965533253
0.0550480782536,0.389095289051,0.532150262544,0.0237063701509
0.27757047972,0.00851410761644,0.00692338903287,0.706992023631
8.7032626575e-05,0.517329748876,0.38672647602,0.0958567424772
0.697134009536,0.252828185515,0.0269700949733,0.0230677099761
0.101334931915,0.372282285419,0.515538857188,0.0108439254786
0.229082395605,0.0349400255586,0.0744932617559,0.661484317081
0.463878877773,0.0456673417678,0.313949658108,0.176504122352
0.264663895727,0.101050301358,0.474314349911,0.159971453004
0.0160814749946,0.0209718816847,0.703033790188,0.259912853133
0.0118865837853,0.139080933346,0.0630685071254,0.785963975743
0.325195336672,0.0280626343861,0.477619325173,0.169122703769
0.37350882419,0.191274816654,0.302979598502,0.132236760654
0.0206319472383,0.0169158766756,0.787546436913,0.174905739173
0.142352494591,0.788273907041,0.0153620257703,0.0540115725974
0.0205189774125,0.00675026275912,0.286156085982,0.686574673847
0.00547158152564,0.93551897263,0.0131965995045,0.0458128463397
0.71094074847,0.0903958071921,0.182380152282,0.0162832920559
0.739431461636,0.164398461094,0.0532558172802,0.0429142599898
0.0136924429473,0.694349448129,0.0198443134137,0.27211379551
0.0978347261325,0.118426387967,0.159669173545,0.624069712356
0.411594527767,0.0926033173055,0.0547518581792,0.441050296748
0.161199949921,0.687588801412,0.115923163414,0.0352880852535
0.0161906039775,0.0524084491377,0.121325662398,0.810075284487
0.0201150477046,0.000784487105269,0.00114358490156,0.977956880289
0.937764642955,0.043827206149,0.0175149694238,0.000893181471789
0.0323621921694,0.733910053511,0.211068013855,0.0226597404651
0.66816302859,0.0298003299052,0.260842356767,0.0411942847379
0.131313154039,0.566857456559,0.119058940001,0.182770449401
0.552591690461,0.147422308462,0.148292235853,0.151693765224
0.424068267811,0.253092518053,0.0435032190327,0.279335995104
0.617398257208,0.0131242622887,0.0542568018387,0.315220678665
0.00126802551755,0.938616684326,0.0575972827656,0.00251800739067
0.590501539178,0.398048323789,0.0104943054499,0.000955831582939
0.0312416513079,0.0978391322196,0.190188633304,0.680730583168
0.220380754008,0.302018577643,0.123543511538,0.354057156811
0.679500073651,0.0633909217375,0.199320875041,0.0577881295704
0.269271928595,0.47145977196,0.00392155658449,0.25534674286
0.012797827949,0.63672890446,0.0325501261625,0.317923141429
0.311380467566,0.00292369190495,0.171220208697,0.514475631831
0.562787222229,0.219221870531,0.117875577675,0.100115329565
0.0258155564521,0.233089496042,0.0147745677221,0.726320379784
0.632284078427,0.133600834821,0.109119980358,0.124995106394
0.216594846935,0.688810603488,0.0214880778872,0.0731064716899
0.656838874804,0.0506681483531,0.223872199061,0.0686207777815
0.12446662134,0.411942854005,0.0343557619363,0.429234762719
0.642826765197,0.0106810299823,0.279605801083,0.0668864037372
0.00509165273491,0.825512321276,0.163960237884,0.00543578810533
0.0281878855498,0.103844402404,0.571361320093,0.296606391953
0.651890242405,0.237458600113,0.0606713815284,0.0499797759535
0.722101018972,0.0220693094642,0.0967269628967,0.159102708667
0.0504552271486,0.0786666288408,0.632666493956,0.238211650054
0.674554302026,0.0677027289363,0.24703259303,0.0107103760073
0.0672807563698,0.144596774795,0.0891228128483,0.698999655987
0.9256100825,0.0100184241827,0.0332159872203,0.0311555060967
0.374073378013,0.0203491353669,0.20564890471,0.39992858191
0.508689459292,0.0274140869847,0.000571904881869,0.463324548841
0.540893343423,0.346978327654,0.0471808657722,0.0649474631515
0.22927731224,0.391760330103,0.0359520286499,0.343010329008
0.133460641616,0.761908107562,0.0481617896015,0.0564694612206
0.586055325353,0.128648856845,0.230191019313,0.0551047984889
0.822297365449,0.0126030870433,0.123564532806,0.0415350147019
0.160606404268,0.442757074235,0.151103358751,0.245533162746
0.24199742707,0.362110909165,0.284615187702,0.111276476063
0.0276694937533,0.00262727199924,0.178610063967,0.791093170281
0.00100402715693,0.00363192056533,0.424120640961,0.571243411317
0.041715692789,0.125126950709,0.529840277135,0.303317079368
0.901193639273,0.0522950810026,0.0434335604743,0.00307771925028
0.918835590133,0.0103585862498,0.0578960237841,0.0129097998336
0.0105721285302,0.431857821942,0.0395093332268,0.518060716301
0.556678454776,0.187399948503,0.235038970752,0.0208826259694
0.123907443117,0.540690885848,0.265963453312,0.0694382177238
0.0244455110473,0.00712069439374,0.505221751574,0.463212042985
0.0702181794635,0.501699495501,0.0373286502965,0.390753674739
0.0319937964668,0.0230027292646,0.0752322201637,0.869771254105
0.951904634689,0.00174482381929,0.0264447165021,0.0199058249891
0.0285618479514,0.368876600074,0.0131311977107,0.589430354264
0.390068651334,0.409294799722,0.0147751105311,0.185861438413
0.0262784384958,0.195055036157,0.564846370253,0.213820155095
0.0016069095377,0.153700706646,0.0788283287715,0.765864055044
0.00999695444828,0.809697808,0.00390214685605,0.176403090695
0.0647674743325,0.559136205068,0.367285312162,0.00881100843744
0.0576085980404,0.597339712426,0.303661429501,0.0413902600327
0.571474578928,0.133907549119,0.215735822168,0.0788820497846
0.0698864932082,0.254621890323,0.183948603829,0.491543012639
0.994154775989,0.00226118900478,0.00342890123103,0.00015513377473
0.125799750393,0.203990062876,0.628828209738,0.0413819769935