0.14514713533,0.738713802334,0.00393952960505,0.112199532732
0.00336941806416,0.0111288207187,0.00434872622572,0.981153034991
0.465111062128,0.375616648271,0.00586796281917,0.153404326781
0.0270992736738,0.0017145537631,0.0231508927381,0.948035279825
0.0321878881387,0.69508835959,0.0957339884399,0.176989763832
0.299017020378,0.224383254235,0.401220838556,0.0753788868311
0.397682397106,0.11806565741,0.333350359919,0.150901585565
0.440479708264,0.0498999332084,0.473777469337,0.0358428891914
0.0455290974575,0.0139304735116,0.00114431897963,0.939396110051
0.957316659566,0.0306144351744,0.00645427272667,0.00561463253239
0.083388479907,0.168857140573,0.257256115483,0.490498264037
0.454922397609,0.027856831319,0.332866555715,0.184354215357
0.0736833330244,0.135849505017,0.6951700977,0.095297064259
0.00558379682261,0.0500839649822,0.856344536273,0.0879877019217
0.30772239366,0.401951163016,0.116159815627,0.174166627697
0.184492061528,0.101754519114,0.606136340172,0.107617079185
0.105318538435,0.230237975871,0.659319954222,0.00512353147248
0.462537088004,0.0111699344723,0.523736048617,0.00255692890715
0.732018520639,0.143457804539,0.0909245835925,0.0335990912298
0.446643336363,0.12350929325,0.397263866553,0.0325835038338
0.270922419554,0.121702131027,0.018637364885,0.588738084534
0.684844919653,0.0266992786058,0.0918945911968,0.196561210545
0.0437171745628,0.526929649884,0.274862368699,0.154490806855
0.00963701169025,0.566956239312,0.40236236735,0.0210443816478
0.550227783762,0.174489687694,0.23327371462,0.0420088139239
0.543270774134,0.417814724948,0.00168776763238,0.0372267332856
0.0430416888685,0.445604836257,0.471707662512,0.0396458123626
0.474167064655,0.101307852764,0.422349484021,0.00217559855898
3.0729914584e-05,5.93436821e-05,0.999901831865,8.09453865566e-06
0.242912368512,0.0258850769292,0.354582589453,0.376619965107
0.51797943857,0.19907953877,0.0795747219859,0.203366300674
0.591461565644,0.0825729818247,0.0618379070398,0.264127545492
0.0571040008606,0.025048295719,0.664714734129,0.253132969292
0.567105321048,0.0362234160719,0.324846549294,0.0718247135858
0.880593232162,0.0107529380861,0.080397409165,0.0282564205866
0.0241630044269,0.0460416194258,0.325084574529,0.604710801618
0.304091652031,0.393687386928,0.0604444024268,0.241776558614
0.266049762414,0.417209404721,0.299531183443,0.0172096494224
0.641174908543,0.173878681898,0.016105634577,0.168840774982
0.249255962969,0.000271435037665,0.748333078693,0.00213952330033
0.0529703491173,0.481686623068,0.22968276474,0.235660263075
0.119419871016,0.689887377877,0.0789422112736,0.111750539834
0.000768719539767,0.986787767526,0.00585451434085,0.00658899859387
0.0936314634461,0.800548769511,0.0243676180322,0.0814521490111
0.736622709766,0.0605547138517,0.108668845815,0.0941537305678
0.0217254500622,0.50535491458,0.0772986748554,0.395620960502
0.0778332859618,0.476138878522,0.332278240839,0.113749594677
0.153359134266,0.666152347457,0.178276992977,0.00221152529903
0.00760134506694,0.0771183287139,0.896614682995,0.0186656432241
0.195664638302,0.0126549262358,0.198787779677,0.592892655786
0.166529098714,0.157105673957,0.379548651635,0.296816575694
0.00704777479505,0.543118216654,0.440364680028,0.0094693285228
0.286870197686,0.155643375019,0.397559804461,0.159926622834
0.168618079101,0.407175997908,0.355582286091,0.0686236369005
0.0582037626064,0.0962357150056,0.803759251495,0.0418012708932
0.0654884912996,0.102298188494,0.00173904991901,0.830474270288
0.0160492186927,0.495861402741,0.406236094097,0.0818532844694
0.115716905276,0.0638553438939,0.0116485658254,0.808779185005
0.463328826707,0.057645149521,0.364016958953,0.115009064819
0.00419367607915,0.331717826181,0.651313743788,0.0127747539516
0.508011340085,0.14424902905,0.0196741080193,0.328065522845
0.0906707243798,0.0416014537583,0.835650723053,0.0320770988093
0.0153241280169,0.543463830736,0.0451661089339,0.396045932313
0.234040357339,0.359314693935,0.086738542951,0.319906405774
0.0854750594141,0.0676622610431,0.725333126914,0.121529552629
0.0632800130587,0.802353824612,0.0240187786136,0.110347383716
0.0283877438567,0.00284775414997,0.208067858117,0.760696643877
0.0850580340034,0.115567484805,0.047505684532,0.75186879666
0.145936271831,0.346556642449,0.307459694238,0.200047391483
0.0749884695787,0.203648679504,0.121734928347,0.59962792257
0.00109428670007,0.00242603871363,0.20109053542,0.795389139166
0.0154569717006,0.0955547108619,0.886319511539,0.00266880589844
0.240554848404,0.166957338309,0.058678942231,0.533808871056
0.432584264718,0.155041463557,0.239284112401,0.173090159323
0.360357555654,0.327684152901,0.304818399038,0.00713989240678
0.397750908275,0.108898328567,0.106550661704,0.386800101454
0.0115330828039,0.563701625888,0.400662319559,0.0241029717494
0.267031386958,0.0396210926758,0.200240499303,0.493107021063
0.435194293807,0.529882720829,0.00885832772524,0.0260646576386
0.630910039296,0.28852838494,0.022335653095,0.0582259226686
0.0501950325199,0.223032935873,0.483075382549,0.243696649057
0.403548312105,0.0511365512518,0.293988487022,0.251326649621
0.0535070324716,0.805443694444,0.0872632535442,0.0537860195405
0.546317233609,0.136201494433,0.18341613461,0.134065137347
0.243744685628,0.0442390826171,0.170947310298,0.541068921457
0.819333241715,0.132682732745,0.00607887708838,0.0419051484515
0.0427038121265,0.582058141132,0.328712590951,0.0465254557907
0.121970799409,0.0542455099779,0.756044382819,0.0677393077946
0.861133950985,0.127038120359,0.00969862847546,0.00212930018087
0.00576435255913,0.456739306465,0.402000736502,0.135495604474
0.236628198562,0.292580791767,0.245063922575,0.225727087095
0.196337919846,0.139620473926,0.164243201533,0.499798404695
0.0588073617402,0.0499044802873,0.412235728331,0.479052429641
0.0041982614146,0.967740294404,0.0181782611898,0.00988318299116
0.0800725292128,0.733615967564,0.176369839026,0.00994166419733
0.0445424121388,0.135023756756,0.0377696162288,0.782664214876
0.00558316657465,0.00668561894046,0.98533867392,0.00239254056445
0.665813758997,0.214561972186,0.0333052524984,0.0863190163186
0.191296070697,0.141905873696,0.651107557605,0.0156904980026
0.735551003005,0.0177788105724,0.0229380275133,0.22373215891
0.997559232928,0.00129678898476,0.000263157254066,0.000880820832875
0.0323129889559,0.0438362450521,0.00346124716013,0.920389518832
0.0625425813929,0.00336257845829,0.564349168124,0.369745672025
0.258029020711,0.0762629247898,0.205229797117,0.460478257382
0.265888232833,0.0215548424275,0.00449295013247,0.708063974607
0.621924958861,0.210514535768,0.151491159115,0.0160693462561
0.728477359798,0.0595101911125,0.109219857761,0.102792591329
0.213386530906,0.0266738661043,0.361626627971,0.398312975018
0.153596604842,0.0304230569577,0.699207584646,0.116772753554
0.0307785554884,0.185751534903,0.00825003561103,0.775219873997
0.0553092080552,0.548124378486,0.375348375322,0.0212180381365
0.000485237438317,0.915470469319,0.00444247851121,0.0796018147319
0.122188776022,0.130471208753,0.572887686741,0.174452328485
0.0561378289022,0.580266624842,0.264078884306,0.0995166619499
0.902552087774,0.0881720528111,0.00586502818503,0.00341083122986
0.116951401813,0.551834817989,0.0486972308341,0.282516549364
0.0309368759523,0.0677361328586,0.883971293094,0.0173556980953
0.444158973704,0.319070759208,0.176218358989,0.0605519080995
0.885962860629,0.0006469278121,0.00518125201924,0.10820895954
0.107861646672,0.105187572877,0.433225637845,0.353725142606
0.171274328115,0.0455425314635,0.293506754046,0.489676386376
0.298005991463,0.495559784196,0.0378086484834,0.168625575858
0.329329082006,0.277305055118,0.289486912227,0.103878950649
0.0515081350486,0.00261230842743,0.369122332493,0.576757224031
0.240114605096,0.129869776279,0.533785005377,0.096230613247
0.105452989781,0.177236162368,0.631174518523,0.0861363293285
0.00653278502537,0.0227976254355,0.91736744741,0.0533021421288
0.053879850748,0.386304331308,0.267678280188,0.292137537756
0.0586286780391,0.224346481371,0.652003304556,0.065021536033
0.00433590573491,0.0114271126246,0.973636380666,0.0106006009743
0.40133528189,0.0424317073399,0.535341603879,0.0208914068917
0.663681773371,0.0174888971232,0.0137717146667,0.30505761484
0.991750661908,0.000327504183994,0.000193177056219,0.0077286568519
0.0692682736765,0.0645073551872,0.844044680002,0.0221796911344
0.0124471231833,0.915014042102,0.0120783809739,0.060460453741
0.0186890249234,0.113275154321,0.10507025481,0.762965565946
0.836495925822,0.032912241345,0.0345092629237,0.0960825699094
0.166506046789,0.216285238103,0.0455427274007,0.571665987707
0.519267500138,0.0435293615753,0.0736748947372,0.363528243549
0.167905441589,0.738566653822,0.0387143057172,0.0548135988721
0.334058056624,0.283764006968,0.0252335411052,0.356944395303
0.0341317725393,0.153046406185,0.35178709237,0.461034728906
0.0176971023971,0.153016362071,0.163822851985,0.665463683548
0.795836203629,0.068941828003,0.0385773655844,0.0966446027833
0.518307526476,0.213055392288,0.255990618805,0.0126464624309
0.00180769822848,0.983375363942,0.00818607736955,0.0066308604602
0.0159495327131,0.85154615912,0.00314330711103,0.129361001056
0.0463098736087,0.14440048632,0.0579474870906,0.751342152981
0.163389061403,0.265286393175,0.464830774154,0.106493771267
0.0665162022171,0.152975045643,0.0160920040361,0.764416748104
0.663049659268,0.000145856133836,0.0177490590135,0.319055425585
0.348960488496,0.400045251312,0.247534737269,0.00345952292323
0.00651196232612,0.817821657901,0.0600153157012,0.115651064072
0.1696332972,0.343190936412,0.283157545154,0.204018221235
0.284289453151,0.0604261596328,0.418323028608,0.236961358609
0.0500675169657,0.663191129553,0.27859915786,0.00814219562169
0.546463054644,0.038795078296,0.103618434712,0.311123432347
0.000474577097315,0.351579322792,0.0945872007007,0.55335889941
0.0119762647831,0.185016925664,0.783353910818,0.0196528987351
0.454483496011,0.0778074923327,0.426177021781,0.0415319898744
0.594623096792,0.185728284241,0.013851021332,0.205797597635
0.00138028276079,0.405020934924,0.478134717053,0.115464065262
0.035429202101,0.52122325658,0.370336461045,0.0730110802734
0.591114152822,0.0569430958642,0.209678289841,0.142264461473
0.0881898957376,0.889626325566,0.00341276284462,0.018771015852
0.613900326526,0.0889968409035,0.014444913456,0.282657919115
0.0305753868348,0.938716662884,0.0278386879122,0.00286926236909
0.0297021393039,0.215549543987,0.246394904698,0.508353412012
0.145965140049,0.237102717243,0.426546311587,0.190385831122
0.350110146783,0.0415637790049,0.377613022504,0.230713051707
0.227932630196,0.426139403559,0.317493027821,0.0284349384246
0.370421998437,0.0483376839612,0.273615895435,0.307624422167
0.181626580644,0.116927314622,0.662693003386,0.0387531013475
0.0297255618558,0.00101007050191,6.05648658353e-05,0.969203802776
0.0241106633847,0.595763505269,0.12902621869,0.251099612656
0.0222497170367,0.768069895225,0.0233500950266,0.186330292711
0.347446584954,0.194578681539,0.114937125929,0.343037607579
0.243036512801,0.124006997989,0.490866704117,0.142089785093
0.0530076866874,0.181987039753,0.534775183334,0.230230090226
0.639993231861,0.108624589709,0.0839536943203,0.16742848411
0.0636221323935,0.0309934896742,0.898955939579,0.00642843835314
0.27095890531,0.0282051786186,0.466401110787,0.234434805284
0.117990324102,0.116708405591,0.42573101447,0.339570255837
0.560013970179,0.190026760456,0.0954740968254,0.154485172539
0.0768559014383,0.149086493263,0.22180414118,0.552253464119
0.412960073194,0.137780025703,0.110740430656,0.338519470447
0.280467671661,0.611059000672,0.049419871433,0.0590534562345
0.75782456101,0.0649544885462,0.0918228968937,0.0853980535497
0.179925052514,0.523112000796,0.146561874036,0.150401072654
0.115569752786,0.011977790088,0.271952481673,0.600499975453
0.367951878111,0.373072457658,0.00971876004108,0.24925690419
0.00246437207908,0.571654373496,0.000691283349507,0.425189971076
0.214345252264,0.37740555524,0.241454939705,0.166794252791
0.930834741963,0.0685429724045,0.000472733274773,0.000149552357544
0.411343850006,0.160344746273,0.204195005925,0.224116397797
0.514896853124,0.00213767934211,0.0514219476722,0.431543519862
0.141319698694,0.380470791275,0.0459794119529,0.432230098078
0.508069661396,0.247822928282,0.174948347,0.0691590633216
0.00841412400505,0.0107045692746,0.963130085157,0.0177512215632
0.292237772905,0.134760202802,0.00594659366021,0.567055430633