0.249668476503,0.144342218626,0.494875525626,0.111113779245
0.0260699931672,0.0393496797776,0.44233687008,0.492243456975
0.304819461552,0.551944266026,0.0421151295416,0.10112114288
0.58406796662,0.230911123032,0.0458280061433,0.139192904205
0.0643099409289,0.678534182072,0.234816814206,0.0223390627935
0.213464900834,0.110966306185,0.452364389646,0.223204403335
0.00832999156003,0.0372227477847,0.440935771359,0.513511489296
0.785596822513,0.092434493276,0.0157231540028,0.106245530209
0.419885942378,0.428240583479,0.151176827239,0.000696646903096
0.613543571687,0.0131500109157,0.357376607976,0.0159298094219
0.0693039884352,0.247393008432,0.618578638203,0.0647243649294
0.0917536445623,0.311620474298,0.362717830345,0.233908050796
0.14335527692,0.205334697031,0.623728429304,0.0275815967446
0.0622066041508,0.0137897445852,0.632637223795,0.291366427469
0.0638258547251,0.832718259621,0.0959307195975,0.00752516605627
0.00736568101794,0.0424832194429,0.0323951077274,0.917755991812
0.0589377448434,0.0445565503604,0.0104891316496,0.886016573147
0.17301926024,0.103012109494,0.0338120296639,0.690156600602
0.170750928265,0.127077252139,0.133378402038,0.568793417558
0.365386444684,0.459476480418,0.10996927587,0.0651677990275
0.076950701172,0.627014618659,0.287936335531,0.00809834463782
0.211010572452,0.505934130311,0.264589938577,0.0184653586599
0.672585920038,0.285446733426,0.0375386064476,0.00442874008832
0.025557515994,0.948151075196,0.0220180125647,0.00427339624518
0.16397479025,0.135935391052,0.104825988057,0.595263830641
0.485532382245,0.0188712355219,0.0582329721024,0.437363410131
0.323398657921,0.106134911354,0.320935397935,0.249531032789
0.00124271913268,0.000171007768111,0.520733725124,0.477852547975
0.0294133495075,0.118673671552,0.139926718797,0.711986260143
0.629157833451,0.225537795837,0.0333236368359,0.111980733876
0.000124814396715,0.0019971283729,0.997530880119,0.000347177111795
0.0695370160338,0.275535848511,0.0440424479766,0.610884687479
0.043643921062,0.616854338738,0.127137120749,0.212364619452
0.0961515726926,0.422997032503,0.13241642691,0.348434967894
0.0874859819032,0.332837551154,0.240782309053,0.33889415789
0.00194204965152,0.05151488217,0.0292493567677,0.917293711411
0.119348131043,0.0594772906854,0.784886461281,0.0362881169907
0.172640543156,0.150245947963,0.0613267021529,0.615786806727
0.018344263535,0.271330579933,0.699089208769,0.0112359477623
0.160407405715,0.627469807467,0.101791635069,0.110331151748
0.200580805954,0.462857715094,0.256353441941,0.0802080370109
0.977476352668,0.00317313689918,0.0144029709258,0.00494753950706
0.016042977821,0.149932663118,0.149719714638,0.684304644423
0.864836073783,0.0400052361682,0.068941783943,0.0262169061056
0.027753992684,0.375363430311,0.043233346319,0.553649230686
0.156051419653,0.136122352498,0.418327620475,0.289498607375
0.0138150109626,0.209850875503,0.0293363746747,0.746997738859
0.0188006103276,0.822518152765,0.146407404836,0.0122738320711
0.0811361853275,0.565208166236,0.271163299143,0.0824923492931
0.17602808612,0.0111081708349,0.0468907829228,0.765972960123
0.434307554764,0.15914825144,0.253586313484,0.152957880312
0.0319293764894,0.0650115253809,0.525158603583,0.377900494546
0.100595283685,0.0293775872328,0.851749120003,0.0182780090788
0.0419250341632,0.128145332518,0.134139951701,0.695789681617
0.00519477274807,0.422734365382,0.0346854227625,0.537385439107
0.274474128727,0.231955658399,0.0111635240191,0.482406688854
0.108073610495,0.40803586977,0.0135545199596,0.470335999775
0.974112314816,0.00107443125344,0.0156823649312,0.00913088899965
0.0010732689116,0.0163337099832,0.1705208435,0.812072177605
0.482919475746,0.109565622038,0.0832532145714,0.324261687645
0.00646466519668,0.89303870793,0.0380628321012,0.062433794772
0.228773214988,0.62001737597,0.136177528823,0.0150318802195
0.0155857396789,0.192636810198,0.0156588672086,0.776118582914
0.306269757484,0.0191078825233,0.500736218206,0.173886141786
0.0107677438894,0.625680848432,0.223164621422,0.140386786256
0.510976478682,0.259991707935,0.0675673542407,0.161464459142
0.344237800824,0.0305081530295,0.601100392667,0.0241536534802
0.0232116365431,0.0762466376807,0.822500362931,0.0780413628453
0.141865041647,0.047477460925,0.620951433173,0.189706064255
0.179728941499,0.283918124416,0.411296265789,0.125056668295
0.292999665982,0.0674388296054,0.0764748390741,0.563086665339
0.29629712881,0.150033672198,0.033188404974,0.520480794018
0.716849642063,0.161085098968,0.00491347878792,0.117151780181
0.096646041975,0.0137760545006,0.179088156399,0.710489747125
0.0306106089948,0.0513741323013,0.916600162072,0.00141509663172
0.384762465282,0.355747826785,0.242701275964,0.0167884319687
0.163316297123,0.051140604358,0.505514873113,0.280028225406
0.100046120161,0.152900052121,0.169062673383,0.577991154335
0.371660424692,0.0528887314097,0.0110623562223,0.564388487676
0.33758834442,0.0285756710709,0.27388027164,0.359955712869
0.608870575626,0.158798029114,0.101864866336,0.130466528924
0.000945475918638,0.0330022605556,0.955467715403,0.0105845481225
0.133339800317,0.45442551305,0.285527840799,0.126706845834
0.0109561185132,0.0120923550402,0.0203786210118,0.956572905435
0.812811552347,0.0845903475937,0.0477006647454,0.0548974353134
0.013298718069,0.881956957926,0.00837375792153,0.0963705660834
0.108919148489,0.776373377439,0.102522561775,0.0121849122969
0.118774722508,0.188324211703,0.157857015688,0.535044050102
0.769035156682,0.100558012356,0.00715892164227,0.123247909319
0.0498521873672,0.061090696858,0.796701771421,0.0923553443538
0.0615254723779,0.0571927121289,0.0612461108831,0.82003570461
0.0128311698901,0.879493896218,0.000404045944449,0.107270887947
0.0543246242839,0.481466617464,0.0247040509306,0.439504707321
0.0520331680379,0.38072418434,0.547063466932,0.0201791806901
0.0656753162064,0.928657275907,0.000955866093186,0.00471154179353
0.0644442160496,0.592904410704,0.148458128336,0.19419324491
0.0344510110676,0.459435805607,0.219981734342,0.286131448983
0.100036443996,0.00798496638436,0.891501644119,0.000476945500767
0.00563053210235,0.0686449578116,0.246851782157,0.678872727929
0.0486235743568,0.0215824778609,0.864246390907,0.0655475568753
0.989254572111,0.000798105591677,0.00986678808755,8.05342097047e-05
0.427519126779,0.0142645519439,0.00278990058567,0.555426420692
0.47404980615,0.193376028789,0.00859336123263,0.323980803829
0.25376883306,0.540425689385,0.200001804539,0.00580367301589
0.360814697628,0.076077969982,0.0274363965966,0.535670935794
0.00125494696294,0.99098632655,0.00424286283516,0.00351586365162
0.137669379983,0.149399212572,0.443069708278,0.269861699166
0.038977388119,0.00517123887908,0.78837111474,0.167480258262
0.0469563108867,0.125186770926,0.338181285453,0.489675632735
0.0874382072424,0.646441818074,0.0287326855317,0.237387289152
0.162260187688,0.344835599967,0.0610682403293,0.431835972016
0.922358036639,0.0597502561926,0.00666283574892,0.011228871419
0.010845174138,0.0478090645642,0.0468247851292,0.894520976169
0.404327318061,0.160345090894,0.420910895289,0.014416695756
0.0139886327437,0.199842358312,0.665982304362,0.120186704582
0.747040919294,0.0484037353799,0.0764975870083,0.128057758317
0.12346996705,0.0821045947197,0.41337021774,0.38105522049
0.11146148845,0.291519107008,0.584687180932,0.0123322236099
0.422630587851,0.423998067468,0.100350554198,0.0530207904839
0.361874079835,0.449758881506,0.172122955408,0.0162440832508
0.29117958177,0.144518068387,0.543772930442,0.0205294194005
0.0165789245662,0.0816815057514,0.815823918608,0.085915651074
0.60917952532,0.151161812337,0.0823691823514,0.157289479992
0.434565018156,0.08211519976,0.0300157461051,0.453304035979
0.89698894336,0.0122269282091,0.0902063789533,0.000577749477206
0.565625633126,0.124314214794,0.172522173077,0.137537979002
0.0680957541738,0.0353066396049,0.130330884236,0.766266721985
0.248848938152,0.104827842363,0.303067453868,0.343255765617
0.0273866286643,0.788956196429,0.103705539154,0.0799516357521
0.124514640173,0.497963783754,0.201902494477,0.175619081597
0.850807232027,0.0148648539928,0.0272386145156,0.107089299465
0.0442410418584,0.00586589280197,0.802830841699,0.147062223641
0.00840935812647,0.799732433072,0.0632737192316,0.12858448957
0.56517673066,0.0225519080091,0.0441095434589,0.368161817872
0.172540980278,0.0810176097494,0.364810596787,0.381630813185
0.00605278859992,0.108195606194,0.0630370166933,0.822714588513
0.00147241334724,0.703255428847,0.292946875812,0.00232528199451
0.889961060972,0.0418899485904,0.0340573955507,0.0340915948869
0.0792292874351,0.0640000552978,0.322248600348,0.534522056919
0.029939985102,0.0292286074612,0.0128514776382,0.927979929799
0.221518675249,0.037075717072,0.00139133135575,0.740014276323
0.0990832163517,0.32778944653,0.499825156085,0.0733021810338
0.94588926293,0.0115489809792,0.00177948403729,0.0407822720533
0.0457503692311,0.148744955791,0.0053936278133,0.800111047164
0.383217876237,0.165931781798,0.01089990804,0.439950433925
0.679327954463,0.100660176435,0.118975866595,0.101036002507
0.538050788567,0.258516101808,0.130724693892,0.072708415733
0.195486998602,0.704184184998,0.0104049263476,0.0899238900526
0.151195465194,0.053500623938,0.0227553571228,0.772548553745
0.401594042163,0.277563839519,0.0679894455381,0.25285267278
0.18535353156,0.183551307221,0.285102303267,0.345992857953
0.308705882107,0.124818993349,0.3965110941,0.169964030445
0.0428084992353,0.57642679202,0.30806987077,0.072694837975
0.010809340822,0.468823645351,0.519718100639,0.000648913187929
0.0951424856402,0.831758538108,0.00151447560137,0.0715845006503
0.0625187882371,0.917016923139,0.0147219193645,0.00574236925903
0.377721263861,0.000458314964185,0.0613610416617,0.560459379513
0.0653510125104,0.203505746191,0.0107611595256,0.720382081773
0.327923079114,0.177896088066,0.40279964419,0.0913811886298
0.665412352564,0.000631718738206,0.217740812211,0.116215116486
0.537481237292,0.0544577643472,0.0299383040477,0.378122694313
0.0258525358597,0.162719169376,0.29070627296,0.520722021804
0.10084925055,0.161115495657,0.244760298868,0.493274954925
0.863303565413,0.0521539999923,0.0238279885448,0.0607144460499
0.00168788076857,0.176998132444,0.371544111826,0.449769874962
0.18545995874,0.283048911005,0.0665011700231,0.464989960232
0.370912971433,0.0259620471036,0.551353660757,0.0517713207061
0.237199038771,0.0916469777222,0.638793729076,0.0323602544308
0.416861841097,0.134521068142,0.416683703233,0.0319333875273
0.139893539032,0.417907397047,0.0296708050095,0.412528258912
0.0446678271914,0.0610745703817,0.448173612872,0.446083989555
0.0227695613316,0.95810583835,0.013191998729,0.00593260158949
0.0265451931475,0.376771399818,0.465224129671,0.131459277363
0.00528790232145,0.545140987413,0.010699904788,0.438871205478
0.0307311760192,0.32622418956,0.0208366321586,0.622208002262
0.813686262599,0.0386714697714,0.0435979192697,0.104044348359
0.439937164751,0.548018099702,0.0115386084634,0.000506127084321
0.00051691519919,0.121302409754,0.00635279566264,0.871827879385
0.130024110554,0.249867117503,0.128768499722,0.491340272221
0.589187876625,0.205964263384,0.133732241432,0.071115618559
0.764754857148,0.00174703845823,0.0668870749623,0.166611029431
0.160394040767,0.776572093197,0.0511183877337,0.0119154783028
0.0686499558936,0.675584215262,0.00343815206813,0.252327676776
0.0667813262214,0.63954934574,0.0782693253861,0.215400002652
0.31260336227,0.100544185386,0.578127275089,0.0087251772542
0.228020657389,0.0296641402095,0.726535108668,0.0157800937332
0.249634872476,0.0191316411069,0.0393907321941,0.691842754223
0.143634314728,0.280840628626,0.563406459627,0.0121185970194
0.328266127031,0.153485600958,0.222581943402,0.295666328609
0.206877221952,0.32605178644,0.464688381854,0.00238260975361
0.913176166918,0.0813818101442,0.00287442479576,0.00256759814201
0.207192522415,0.101847254479,0.105682090886,0.58527813222
0.0758194601245,0.230920448509,0.615463664145,0.0777964272216
0.157343344795,0.308891746852,0.331223552661,0.202541355692
0.708313645724,0.113224302871,0.159184314693,0.0192777367117
0.136911424284,0.232833143726,0.0120262737308,0.618229158259
0.22244362801,0.0272598305764,0.0479934645148,0.702303076899
0.870240158615,0.0265334652914,0.0970448253206,0.00618155077327
0.0134055621332,0.253781375804,0.0706809431584,0.662132118904
0.0968301860977,0.221584659508,0.23449634432,0.447088810075