0.000197487939282,0.000483623685255,0.0203666947578,0.978952193618
0.543215344061,0.0382838979017,0.212380053212,0.206120704826
0.510418879623,0.19250546885,0.00788149867138,0.289194152855
0.70945061312,0.218311024255,0.0257518667809,0.0464864958439
0.0708933105023,0.0494989412444,0.456442142734,0.42316560552
0.0754847152083,0.0765896410535,0.34700693265,0.500918711089
0.674935713436,0.0102786967042,0.00988191238689,0.304903677473
0.0290286412002,0.381899187692,0.320815548608,0.2682566225
0.0159569104728,0.950994855671,0.00704180469939,0.0260064291569
0.0259690875149,0.0339072011552,0.0554871443018,0.884636567028
0.0080255653272,9.04726326979e-05,0.00656742529895,0.985316536741
0.773587020849,0.00810767869974,0.211919442212,0.00638585823979
0.0560331905202,0.797974500978,0.091336253137,0.054656055365
0.260225300567,0.132961703685,0.603314402325,0.00349859342315
0.215902969118,0.366991834347,0.351927911829,0.0651772847064
0.165281058247,0.186806599241,0.302615328469,0.345297014042
0.0867081837142,0.414475384169,0.0303670825697,0.468449349547
0.138026639808,0.414640951958,0.112967719327,0.334364688907
0.0243029346429,0.011157985658,0.827204327757,0.137334751942
0.0373454104903,0.534924511183,0.284133581899,0.143596496428
0.237099487445,0.439611638367,0.161893351646,0.161395522541
0.347786510444,0.366358300139,0.274142442301,0.0117127471161
0.103600097379,0.27533855034,0.474905211254,0.146156141027
0.0865934005268,0.368594597265,0.180002621925,0.364809380283
0.0267002188385,0.0456752294349,0.356849281349,0.570775270377
0.231681792472,0.148698088292,0.260101990514,0.359518128722
0.271426071605,0.0141321397599,0.0757690317811,0.638672756854
0.00865396358402,0.717433039066,0.261473477697,0.0124395196532
0.429729035095,0.429986675291,0.0594196245806,0.080864665033
0.139444973047,0.699730011382,0.0947381347836,0.0660868807867
0.131539828043,0.403095172844,0.107832255287,0.357532743826
0.270871299957,0.115286200953,0.559806719453,0.0540357796363
0.497518117507,0.0646557332258,0.259701042073,0.178125107194
0.73898979898,0.0181401174858,0.19657440475,0.0462956787839
0.0115248799934,0.00986107126904,0.853524019206,0.125090029531
0.062639918686,0.389491723213,0.171867435974,0.376000922127
0.271953482325,0.0652070694975,0.429808874123,0.233030574054
0.206841249766,0.0160881796891,0.756349584354,0.0207209861906
0.0983375633702,0.0768098052058,0.703445142927,0.121407488497
0.0146781294774,0.889566509692,0.0423779534707,0.0533774073597
0.0581655221732,0.60175628657,0.0355691768815,0.304509014375
0.0220287300469,0.455258562887,0.521006662351,0.00170604471483
0.00391255293487,0.0475758258876,0.941894955131,0.00661666604637
0.108245817805,0.213422354465,0.200864293259,0.477467534471
0.515506996827,0.470915461093,0.00416552968262,0.00941201239729
0.336494521829,0.172672107641,0.335768391063,0.155064979468
0.529669004373,0.0243142722173,0.21306161908,0.23295510433
0.0576683171247,0.849537385336,0.00431642521649,0.0884778723225
0.277194886003,0.095141851643,0.359160982999,0.268502279355
0.550286604767,0.24419042789,0.0647154876114,0.140807479731
0.0223267531106,0.0571266061838,0.838342497518,0.0822041431875
0.0794941472542,0.519472213736,0.0477137593411,0.353319879669
0.487028800018,0.479327384704,0.029220836432,0.00442297884594
0.167449910729,0.209092536459,0.42860810985,0.194849442962
0.00041027974101,0.000280402787223,0.942674496274,0.0566348211981
0.581687933411,0.102102355859,0.188347054667,0.127862656064
0.18766287223,0.37026940592,0.161739440775,0.280328281075
0.187365933233,0.0920077465517,0.0268019635503,0.693824356665
0.0187485586339,0.00921402431966,0.504494371617,0.467543045429
0.928299072568,0.0280660490837,0.00159831014796,0.0420365682008
0.022859894415,0.571699510836,0.377599057561,0.0278415371875
0.0417994536085,0.863877586153,0.0110177757606,0.0833051844778
0.589148551917,0.0540947241004,0.0943458202547,0.262410903728
0.656811203333,0.0202532012936,0.319931108342,0.00300448703154
0.980623247517,0.00232284156226,0.0168857467631,0.000168164158143
0.0593219406418,0.202919956529,0.644875775483,0.092882327346
0.31716523641,0.0631015086999,0.146029570149,0.473703684741
0.0198310488054,0.245908885336,0.167338843927,0.566921221931
0.694183948777,0.00468071772703,0.300199069741,0.00093626375458
0.0165859166291,0.929041029543,0.00352344148696,0.0508496123405
0.0332093253572,0.32250623819,0.601226800753,0.0430576356998
0.0792963813304,0.0663947993131,0.748754659241,0.105554160115
0.0126101637194,0.539689046393,0.395162624097,0.0525381657906
0.320283541198,0.193786889248,0.44089142537,0.0450381441839
0.626901778344,0.16164836921,0.0302014920133,0.181248360432
0.545132286629,0.213255743349,0.0624755895419,0.17913638048
0.0724371143909,0.133534685114,0.65088674463,0.143141455865
0.00399091840857,0.64919048126,0.0168095447507,0.330009055581
0.184838190944,0.453783101197,0.0973094853777,0.264069222481
0.55409463617,0.0156302773813,0.00580842827796,0.42446665817
0.0608163827845,0.915325252084,0.0218169054037,0.00204145972775
0.217569930761,0.0655072693079,0.13190717336,0.585015626571
0.697690860893,0.029529648486,0.050295769251,0.22248372137
0.19799702696,0.066388300723,0.0137203538881,0.721894318428
0.0826808526285,0.0182033351574,0.157619146225,0.741496665989
0.476241977626,0.395584865517,0.106471176516,0.0217019803406
0.0280492810541,0.31765192515,0.0109702936754,0.643328500121
0.0133863337332,0.061393494299,0.914544189523,0.0106759824451
0.00815018062055,0.387009777685,0.186154105406,0.418685936288
0.26942978486,0.0942486404389,0.282664793937,0.353656780763
0.0206638985058,0.9738753293,0.00107763005717,0.00438314213725
0.181061881612,0.552775843925,0.22137604632,0.0447862281432
0.8583100876,0.0467455738931,0.0365036044259,0.0584407340812
0.022085213068,0.598828509086,0.352339668361,0.0267466094851
0.703898027155,0.0425618572545,0.179744841435,0.0737952741549
0.502905258616,0.20450257178,0.178406607153,0.114185562451
0.302750786874,0.013966781812,0.0296797149201,0.653602716394
0.868540419178,0.0259092565255,0.088049232769,0.0175010915273
0.338287265575,0.0188404730535,0.108114883722,0.53475737765
0.0121711157291,0.0127742388893,0.959500816045,0.0155538293364
0.0254751590793,0.623375164753,0.315029067957,0.0361206082107
0.0726882350696,0.0147923243357,0.239690300419,0.672829140176
0.474684048748,0.0693676141133,0.326108762773,0.129839574366
0.0294414811778,0.00211753876438,0.903355045212,0.0650859348463
0.0713818838144,0.631136541078,0.150408367579,0.147073207529
0.303661815845,0.180948316114,0.446590066457,0.0687998015838
0.0566069975181,0.246678795593,0.0939665023631,0.602747704526
0.0124883071714,0.716352570917,0.0173524924808,0.253806629431
0.735838392176,0.127008045917,0.0546850438214,0.0824685180858
0.311341466268,0.204181923553,0.00936740697268,0.475109203206
0.0402854723509,0.193253007509,0.729861468268,0.0366000518726
0.00268087346811,0.164530701029,0.252593054735,0.580195370768
0.000798098103753,0.00321067583632,0.308928731634,0.687062494426
0.982944059232,0.0048273608448,0.0119724379127,0.000256142010671
0.20787309646,0.561109334718,0.00324256883319,0.227774999989
0.433766659555,0.277512561645,0.137103957072,0.151616821728
0.000896504892828,0.438263712157,0.171257470057,0.389582312893
0.0588349320242,0.349994794122,0.461582625571,0.129587648283
0.43926088476,0.0197542511311,0.288812828857,0.252172035252
0.137974100194,0.0139444817786,0.0107389919952,0.837342426032
0.076999553769,0.314405788855,0.608245141924,0.00034951545248
0.00162372846619,0.398106648378,0.557182489897,0.0430871332587
0.0352349463237,0.321946980092,0.0125515950176,0.630266478566
0.114306503949,0.233030119655,0.384887032983,0.267776343413
0.9033448398,0.0125385997648,0.00538636019848,0.0787302002372
0.00222060367351,0.00805641883282,0.00468752749414,0.98503545
0.740850587131,0.162099632193,0.0729314570099,0.0241183236666
0.0028892018656,0.961042504735,0.0227578888122,0.013310404587
0.23834562135,0.509429719355,0.089086609679,0.163138049616
0.131552498295,0.211671084963,0.340831786899,0.315944629843
0.580090576448,0.168731651854,0.0642452782355,0.186932493462
0.116598359032,0.0338527105236,0.0250472630734,0.824501667371
0.0915505491599,0.552411456481,0.0646123914836,0.291425602876
0.315368066695,0.0127712173436,0.0331392226495,0.638721493312
0.209687505986,0.7398619083,0.0393616883843,0.0110888973296
0.0269103106675,0.0140984026207,0.0246514585479,0.934339828164
0.152734847345,0.040296516061,0.757685086685,0.0492835499094
0.621623944688,0.0527340992633,0.0938071477789,0.23183480827
0.146773149987,0.0980123118127,0.72578617502,0.0294283631805
0.00233534091739,0.166455858117,0.211448657741,0.619760143224
0.470637310255,0.325054144076,0.161613784712,0.0426947609573
0.00859385025798,0.0239863112771,0.00685794951368,0.960561888951
0.359642180818,0.500932024991,0.0290597821796,0.11036601201
0.266925273384,0.418465558525,0.182737803814,0.131871364276
0.00338915546396,0.213272760174,0.513473898324,0.269864186038
0.178398164691,0.0389173373038,0.573243021467,0.209441476538
0.412448595972,0.205024864779,0.0321552145859,0.350371324663
0.180168358473,0.0200141592266,0.181906739977,0.617910742324
0.114280660847,0.783914123052,0.034672030066,0.0671331860349
0.832202558574,0.0089731139087,0.000558861042323,0.158265466475
0.372282435978,0.201038197103,0.0387752080618,0.387904158857
0.0277518775994,0.260899693426,0.0146674290028,0.696680999972
0.000277698808262,0.000337420752736,0.000982445120164,0.998402435319
0.935737678621,0.0321561969503,0.0164014697963,0.0157046546328
0.147483502766,0.341259750552,0.0246527243138,0.486604022369
0.303156475885,0.407850756766,0.161263660152,0.127729107196
0.763292091539,0.171040806773,0.0179198466068,0.047747255081
0.00709659102404,0.832390052816,0.0274274132742,0.133085942886
0.0121596914935,0.0464845995702,0.178580589406,0.76277511953
0.335368401067,0.153905474589,0.293843845094,0.216882279251
0.24018962074,0.520675777534,0.197061556331,0.0420730453948
0.29375192397,0.0489793555618,0.438262843734,0.219005876734
0.626454642133,0.330952340859,0.0179089250417,0.024684091966
0.0175865127979,0.0196110156293,0.941918445997,0.0208840255759
0.0113816793815,0.792009898697,0.160856937915,0.0357514840065
0.075506952744,0.0309988514983,0.0195886941723,0.873905501585
0.394815026118,0.563877597363,0.00133717008474,0.0399702064345
0.0697998756678,0.314863853998,0.495070997279,0.120265273055
0.0115731013586,0.00239306524333,0.190714573856,0.795319259542
0.138933225783,0.0309624602942,0.406203561829,0.423900752093
0.792376655885,0.0835092519413,0.0408836273544,0.0832304648196
0.624410770396,0.024078462151,0.152003619044,0.199507148409
0.00287748791633,0.426489774703,0.556897794572,0.0137349428084
0.575939812281,0.216480709326,0.152780937968,0.0547985404252
0.00278650598909,0.0209399177185,0.969248806297,0.00702476999576
0.0019564914967,0.15696490674,0.496034796552,0.345043805211
0.0572987076852,0.155951576743,0.34201418872,0.444735526851
0.305837640544,0.120536460307,0.264843255076,0.308782644074
0.0961748520776,0.751189214491,0.05048755556,0.102148377871
0.803932501569,0.0378348396983,0.107126280423,0.05110637831
0.416749270733,0.0499005132733,0.178130671665,0.355219544329
0.183422185027,0.283548470143,0.0272418217699,0.50578752306
0.0712966635126,0.00360773165234,0.917294809888,0.00780079494676
0.181808976182,0.0406747475084,0.746401242135,0.0311150341749
0.289343890652,0.0701855533363,0.300061507446,0.340409048566
0.779352814228,0.0451281391993,0.128735704605,0.0467833419674
0.84478281286,0.0300625170189,0.0331528586646,0.092001811457
0.282179109076,0.0165853969827,0.327848213719,0.373387280222
0.861180423819,0.0512751403012,0.0385690527871,0.048975383093
0.00875834141989,0.41410599901,0.397111747888,0.180023911682
0.0619427486219,0.4104528436,0.23532076764,0.292283640137
0.0713988504377,0.439010404876,0.36208292926,0.127507815426
0.112208107979,0.379981484268,0.0974414734996,0.410368934254
0.18749122281,0.330254229086,0.233307051742,0.248947496362
0.175778098328,0.000873585893568,0.823238264739,0.000110051039798
0.0629761912298,0.0346850647356,0.0342596978412,0.868079046193
0.0788622871051,0.0107049496273,0.0197530816747,0.890679681593
0.232641814927,0.208812363986,0.000755660733498,0.557790160353
0.0836726916649,0.913504353347,0.00102677505948,0.00179617992891
0.100234698582,0.511466994299,0.379553693506,0.0087446136128