0.0993889605624,0.0844085038335,0.682526582437,0.133675953167
0.02938912993,0.439141375375,0.428852207451,0.102617287244
0.00161453103978,0.00927247237236,0.00249623221096,0.986616764377
0.316026692397,0.152181494245,0.367082325985,0.164709487373
0.299500814919,0.520748705012,0.11447911757,0.0652713624994
0.0868876015486,0.726974829746,0.0282232886287,0.157914280077
0.0619452817898,0.234945391008,0.172315431254,0.530793895948
0.0686130452812,0.0562209543047,0.0760587253693,0.799107275045
0.213179880958,0.580576683301,0.100984860016,0.105258575726
0.722386842329,0.0310684506587,0.239277381319,0.00726732569379
0.251065118391,0.10477625092,0.615027270299,0.0291313603896
0.690420029557,0.15367524169,0.0311709758414,0.124733752912
0.395346863567,0.0902173300465,0.290197861448,0.224237944938
0.194644070327,0.238670509365,0.45934248715,0.107342933158
0.010279780143,0.0513899021384,0.849572852128,0.0887574655909
0.154361885278,0.497276674004,0.114974004981,0.233387435738
0.633934255946,0.0362286153266,0.126318429379,0.203518699348
0.52142986108,0.319692968293,0.0604363194121,0.0984408512149
0.0159751726481,0.906936806569,0.0469276062924,0.0301604144906
0.107320319772,0.0067806497703,0.154604240815,0.731294789643
0.918065519481,0.0112265834187,0.0546611661321,0.0160467309684
0.655516875625,0.11101985755,0.0995776544222,0.133885612403
0.447833656675,0.0393200372201,0.489040213994,0.0238060921109
0.00531592018206,0.120594311707,0.868662102702,0.00542766540945
0.984324679731,0.00407912307099,0.00159289251935,0.0100033046783
0.900372680199,0.000178480151377,0.0953866673249,0.00406217232434
0.14104358804,0.0768741293019,0.466541783805,0.315540498853
0.0522764723105,0.937771025008,0.00301238386058,0.00694011882057
0.0131559543559,0.931142821968,0.0136695171759,0.0420317065002
0.627498973429,0.0131145028358,0.267055900633,0.0923306231024
0.262176014544,0.0499718509854,0.393250156334,0.294601978136
0.00267645028273,0.0337957364512,0.0822748745082,0.881252938758
0.0768534736494,0.0422933392528,0.50249361516,0.378359571938
0.105733371705,0.00735892253413,0.102550958015,0.784356747747
0.0229492451407,0.261654560129,0.125088614434,0.590307580296
0.465912436826,0.194206645201,0.286654886457,0.053226031516
0.0475485798924,0.060063730839,0.203404615201,0.688983074067
0.0610217991446,0.0592841031734,0.804336271971,0.0753578257111
0.840036186651,0.0961003352396,0.0459024945805,0.0179609835294
0.0799774242304,0.807139299221,0.0831658412961,0.0297174352531
0.100880700541,0.00304388200661,0.851229165734,0.0448462517186
0.0044615756615,0.0590661512473,0.856091872523,0.0803804005679
0.218632827344,0.0120115482264,0.0550856629508,0.714269961479
0.45432456905,0.20442012197,0.00683338898226,0.334421919998
0.270414695344,0.241518853996,0.0958332480957,0.392233202564
0.235505477315,0.330548951984,0.267877450797,0.166068119903
0.387884997757,0.0891940731662,0.221560353495,0.301360575582
0.189932726648,0.0378543901204,0.0532313605991,0.718981522633
0.0173911757682,0.00756502634362,0.971689651505,0.00335414638334
0.000653523634664,0.0171670278707,0.981317663812,0.000861784682613
0.761217642155,0.0300370874038,0.0478779546733,0.160867315768
0.0638536879652,0.0635892574664,0.781346512841,0.0912105417278
0.0472461900533,0.669989416116,0.0357118786104,0.24705251522
0.0609680803457,0.0664594808624,0.602924094624,0.269648344168
0.280552559514,0.0684829224494,0.60792724998,0.0430372680558
0.869771946543,0.0160558790326,0.0430450239337,0.0711271504903
0.873111207016,0.0705321748962,0.0308606219973,0.0254959960902
0.164913736903,0.585858779283,0.198229093054,0.0509983907605
0.111867367877,0.0523668866134,0.281060103286,0.554705642224
0.0428070414788,0.0295159445314,0.891001449596,0.0366755643935
0.136444586729,0.440793562353,0.139895804108,0.28286604681
0.343689729024,0.0796311689656,0.572903151175,0.00377595083602
0.146659974524,0.131549165616,0.540226253987,0.181564605873
0.0253525667523,0.536365308088,0.152106652748,0.286175472412
0.0127193572629,0.549329664073,0.245805200907,0.192145777757
0.341223491235,0.085861267861,0.198560001379,0.374355239524
0.120905518233,0.429344592623,0.203982573448,0.245767315695
0.532703495953,0.39641789311,0.0116276005812,0.0592510103558
0.644273781169,0.0777526847845,0.0286165202847,0.249357013761
0.0746911661546,0.0613570036012,0.00221830250184,0.861733527742
0.0181314822815,0.805506896659,0.00843553994867,0.167926081111
0.362575995418,0.057274260018,0.492459696309,0.0876900482551
0.00327059579037,0.204007493388,0.00620364598851,0.786518264834
0.111841594032,0.429518292548,0.360738568974,0.0979015444454
0.00997161700198,0.924003463422,0.0510676160253,0.0149573035503
0.0500683276056,0.517990740602,0.2107353485,0.221205583292
0.0122317593481,0.107772796869,0.331451894399,0.548543549383
0.0787624132428,0.0144248537974,0.902640446407,0.00417228655233
0.00902048150379,0.340359508204,0.212623909896,0.437996100396
0.241213902009,0.163631392372,0.590302522186,0.00485218343368
0.0350454082591,0.137528171548,0.0777850589455,0.749641361247
0.298729284082,0.0316178975673,0.425075068497,0.244577749854
0.171284897538,0.20710356697,0.0471448033551,0.574466732137
0.0382139948554,0.814065641495,0.146118955618,0.00160140803153
0.0109067950985,0.000479722120143,0.0816075472683,0.907005935513
0.0310306598283,0.117913376015,0.207725398914,0.643330565243
0.869480444074,0.12314233303,0.000572841743556,0.00680438115245
0.276215534346,0.0223307473598,0.415020140035,0.286433578259
0.802878650453,0.0468051331824,0.143838410742,0.0064778056225
0.425220429611,0.141474173708,0.260735060598,0.172570336084
0.0421898072796,0.0515450516455,0.0498129726752,0.8564521684
0.464664952686,0.0687858048517,0.00258968592932,0.463959556533
0.0370483644968,0.48157550524,0.117565852054,0.36381027821
0.0864032086309,0.031321013237,0.866890396298,0.0153853818339
0.346283226356,0.134406858271,0.329360112413,0.18994980296
0.000792286268116,0.000920690502595,0.996059669289,0.00222735394039
0.238927734851,0.209590940028,0.41953531703,0.131946008091
0.0305171478181,0.458104307717,0.454894811058,0.0564837334075
0.0493724278597,0.150088616873,0.480176592934,0.320362362333
0.00855795813138,0.036992236125,0.909802062217,0.0446477435267
0.53001365837,0.0065560463209,0.0426925783843,0.420737716925
0.172140768428,0.318911146671,0.150282490571,0.358665594331
0.224186301763,0.153260937136,0.174049221947,0.448503539154
0.0394232814096,0.0290393350461,0.00457675101282,0.926960632532
0.169750815669,0.392710596988,0.0584754747868,0.379063112555
0.451176111145,0.00669151621514,0.090057931692,0.452074440948
0.0258387560948,0.00115632057341,0.754461353543,0.218543569789
0.387990873478,0.212790272833,0.190284118794,0.208934734895
0.44019590506,0.485113955199,0.0636922682504,0.0109978714915
0.0055464623674,0.0156591287677,0.793369735616,0.185424673249
0.484681296019,0.0538442820102,0.329493056279,0.131981365692
0.0067709619467,0.559570581763,0.0330677811832,0.400590675108
0.0905807516338,0.262913955386,0.613517929929,0.0329873630515
0.0941155237509,0.175937620002,0.0267083285413,0.703238527706
0.648461144377,0.048050727169,0.0103594808895,0.293128647564
0.951731904245,0.00164800164677,0.000700104015189,0.0459199900932
5.21879255486e-05,0.999853759307,9.85041948076e-06,8.42023478692e-05
0.0959593639631,0.647077435483,0.0174050166809,0.239558183873
0.282932734562,0.01486236818,0.17942588447,0.522779012787
0.122254561051,0.0736500755159,0.431065893227,0.373029470206
0.0616536109856,0.800278326831,0.117051109385,0.0210169527983
0.11988554813,0.0857889763478,0.765465786718,0.0288596888038
0.122641564047,0.00387491545745,0.419864908037,0.453618612459
0.451317123247,0.0491067332169,0.382224379495,0.117351764042
0.016559454204,0.570245130172,0.0529201465255,0.360275269098
0.525261237104,0.189301237316,0.0237577316046,0.261679793975
0.13647832159,0.350564370158,0.455586210707,0.0573710975447
0.844162492003,0.00397937301414,0.0845906138531,0.0672675211297
0.0505469908074,0.259786657854,0.652497268336,0.0371690830032
0.00861939760703,0.0111705573699,0.972761237329,0.00744880769411
0.0972290850679,0.33907396445,0.0137165560106,0.549980394472
0.758791093507,0.104958362872,0.0438580626627,0.0923924809585
0.287722317917,0.0586354107527,0.341080966203,0.312561305127
0.0485843101106,0.101931017951,0.836682677308,0.0128019946312
0.750535765682,0.0228906249972,0.205756672056,0.0208169372649
0.0913393232402,0.0901152862119,0.0759419994038,0.742603391144
0.227423331938,0.514973761638,0.129462004887,0.128140901538
0.0823573749361,0.478064613683,0.213884295355,0.225693716026
0.0641545099441,0.501048990519,0.400188785805,0.0346077137321
0.495018524725,0.218551537219,0.0290941719435,0.257335766113
0.000886226518938,0.00644481751143,0.0426629800444,0.950005975925
0.13693937258,0.280015563259,0.14019543029,0.442849633871
0.254260745856,0.546159470691,0.193276357961,0.00630342549265
0.556837226898,0.132943326303,0.0474598812388,0.26275956556
0.271921754288,0.0861771865351,0.640574038667,0.00132702050988
0.109625512909,0.117243869439,0.00177426597337,0.771356351679
0.0995020998898,0.312656081616,0.165075707932,0.422766110562
0.401596222183,0.0106352323893,0.00469826867588,0.583070276752
0.151227190282,0.0324749267024,0.438894432966,0.37740345005
0.368823656179,0.10142218108,0.0896303457666,0.440123816974
0.00211914375024,0.818398503091,0.00116806635744,0.178314286801
0.0795666412333,0.012470397785,0.902125698179,0.00583726280225
0.095410098776,0.544174074026,0.260019238236,0.100396588962
0.0495494530266,0.0174778747833,0.0715860374815,0.861386634709
0.664237791118,0.0362469256644,0.197309469061,0.102205814157
0.7570797234,0.0818734451493,0.00791715768391,0.153129673767
0.767129807145,0.216528549834,0.0105755145491,0.00576612847135
0.281545207679,0.300549039983,0.395101083983,0.0228046683541
0.629451100923,0.0803650002784,0.137414711108,0.152769187691
0.550195932891,0.0173903739983,0.432304145943,0.000109547167724
0.774695430538,0.011970650111,0.0829814042932,0.130352515057
0.0913300064399,0.21291217622,0.202593584311,0.493164233029
0.859527762512,0.0791041349117,0.0559574534833,0.0054106490932
0.130217463783,0.04986113051,0.613558735931,0.206362669776
0.376613864598,0.00969742765007,0.0190421008436,0.594646606909
0.368720232209,0.178916905477,0.247944729424,0.204418132891
0.0882224074852,0.540627427573,0.0960487633238,0.275101401618
0.75438923457,0.119338174061,0.048129207996,0.0781433833734
0.0678008678195,0.155039490425,0.377188355764,0.399971285991
0.0306176552355,0.907429755617,0.0119083834178,0.0500442057295
0.0126996860502,0.0737575645449,0.0365999810923,0.876942768312
0.277461611639,0.146432612004,0.235031959568,0.341073816789
0.049606323996,0.242354994522,0.256308286859,0.451730394623
0.864934503451,0.00972153017936,0.0988933867134,0.0264505796562
0.486288201271,0.245781942489,0.0356787287921,0.232251127448
0.955978212663,0.00655272308934,0.0231316301992,0.0143374340481
0.0128276342983,0.0216719926637,0.00673581428159,0.958764558756
0.0894017265524,0.0849292433875,0.528688223432,0.296980806629
0.369851046372,0.143821066416,0.185125277029,0.301202610182
0.0276896905522,0.288904488522,0.66861617141,0.0147896495155
0.00405916959013,0.306183244604,0.0247855029783,0.664972082827
0.337423687791,0.096075801452,0.0433180643135,0.523182446443
0.453290294814,0.21337905478,0.108490161747,0.224840488659
0.0670928687682,0.216473302817,0.686812620149,0.0296212082653
0.119042377614,0.366336643291,0.418729363172,0.0958916159235
0.405841989337,0.208421429886,0.2544580914,0.131278489378
0.0377806309406,0.0217572192493,0.0851674969511,0.855294652859
0.0117987988708,0.0760236184341,0.904697833709,0.00747974898601
0.0017185031791,0.00247107076585,0.00596596561906,0.989844460436
0.465156501855,0.00191815238761,0.0153689361795,0.517556409578
0.0363316111752,0.015441150518,0.00813621448639,0.94009102382
0.498028539885,0.15507328748,0.0728707205223,0.274027452113
0.211562431159,0.0946861566936,0.689771170745,0.00398024140224
0.0709796792987,0.0253375147278,0.503158490748,0.400524315225
0.540319182199,0.0533803147386,0.140064865835,0.266235637227
0.240238824007,0.187686902725,0.545253512318,0.0268207609494
0.0252721641447,0.0670832759822,0.382900167651,0.524744392222
0.84883242745,0.0145817145555,0.086917991117,0.0496678668779
0.431455728085,0.204116409391,0.348709181307,0.0157186812165
0.288523253943,0.348989940074,0.15826373641,0.204223069573