0.449966166206,0.185378273558,0.284809075061,0.079846485175
0.0201882655127,0.0924907020146,0.822151239708,0.0651697927644
0.0334401040159,0.452730057441,0.167734941931,0.346094896611
0.620536229727,0.234553123228,0.0734032935046,0.0715073535399
0.119810657019,0.351435299666,0.470861296088,0.0578927472272
0.0476068017205,0.749027724511,0.0711564829892,0.132208990779
0.00594868313882,0.986153404312,0.00787611693123,2.17956179007e-05
0.180164851874,0.729235499757,0.0693527895053,0.021246858864
0.398227058917,0.205561971951,0.23260580832,0.163605160812
0.686823414012,0.140530438826,0.0792179440951,0.0934282030677
0.134390037984,0.750476040966,0.11451570408,0.00061821696929
0.0218845952736,0.321991519132,0.313315088155,0.34280879744
0.142904092367,0.323201074252,0.0185743301712,0.51532050321
0.215589633549,0.233148006793,0.084106109278,0.46715625038
0.907609214791,0.0180328789362,0.00324417780218,0.071113728471
0.0858637390283,0.00332113770778,0.752558519737,0.158256603527
0.0129699342145,0.981355826867,0.00193558392391,0.00373865499426
0.132057757546,0.059742553984,0.121085488411,0.687114200059
0.15708036815,0.379177814327,0.21898820031,0.244753617213
0.389019382477,0.294102392637,0.187461429967,0.129416794919
0.198357924486,0.326727246666,0.443318291524,0.0315965373238
0.0202607998391,0.120961606487,0.00955977653205,0.849217817142
0.120060401001,0.117741372414,0.704977982983,0.0572202436022
0.898535713053,0.0430657358712,0.0404405293531,0.0179580217223
0.338443389977,0.500169912524,0.105335826067,0.0560508714327
0.540649714027,0.0245141900303,0.293244337283,0.141591758659
0.214894194815,0.687714761974,0.0531424334658,0.0442486097457
0.210403613009,0.115649447124,0.0810229927566,0.59292394711
0.188452828344,0.185337541004,0.403946673635,0.222262957017
0.512484677373,0.0399499923742,0.357361396841,0.090203933412
0.489466668506,0.0301479397009,0.126987802897,0.353397588896
0.0295548288833,0.552649055654,0.044501766611,0.373294348851
0.0682991089153,0.0910599232712,0.257521293828,0.583119673985
0.22177639562,0.690300509174,0.0639454352964,0.0239776599097
0.106181219873,0.320043689458,0.244617595201,0.329157495468
0.135005565772,0.171153954134,0.116818306547,0.577022173547
0.0653337367761,0.534822983849,0.244823267568,0.155020011808
0.0275661626378,0.315840677226,0.542456599484,0.114136560652
0.735123276338,0.059399344516,0.0492335874651,0.156243791681
0.0375568827177,0.022991517663,0.0297457355472,0.909705864072
0.16742580787,0.148768747056,0.435916460923,0.24788898415
0.267650443618,0.153337699633,0.0889620413335,0.490049815415
0.0683373936618,0.262407092872,0.00206891968237,0.667186593784
0.564815537272,0.0718167412016,0.177842733857,0.185524987669
0.0634613759542,0.923989317201,0.00858475885283,0.00396454799202
0.624229749858,0.0746515925914,0.00517933194396,0.295939325607
0.264548541352,0.0296876164316,0.0349594985112,0.670804343705
0.0569940120596,0.904928815902,0.0188512034329,0.0192259686056
0.908753934931,0.0385491139286,0.00776394985797,0.0449330012823
0.305024814772,0.254372137445,0.123558696881,0.317044350902
0.0970234087818,0.862250823101,0.0293551818117,0.0113705863051
0.712894998381,0.192599249623,0.0676732738043,0.0268324781921
0.00664648542651,0.012279449741,0.968383908502,0.01269015633
0.0709413761818,0.0125950428484,0.0804601657264,0.836003415243
0.2416220373,0.297334948345,0.29171897557,0.169324038785
0.0587240385817,0.0102205006401,0.927940474499,0.00311498627902
0.187708138096,0.376720420136,0.164603967757,0.270967474011
0.23142903253,0.367269389421,0.255233617253,0.146067960795
0.32414957857,0.394142503866,0.0600166416094,0.221691275955
0.000524289944219,0.000286129174371,0.985915695163,0.0132738857181
0.13952445687,0.00244811771888,0.00576434016929,0.852263085242
0.0597514406439,0.238874015759,0.701107362012,0.000267181585299
0.489173624548,0.00642644264315,0.422707499402,0.0816924334064
0.541894606782,0.0831828014759,0.356895549414,0.0180270423289
0.256939537065,0.390295881238,0.0431427275601,0.309621854138
0.206853441104,0.00365571005063,0.284421089303,0.505069759542
0.720773718084,0.0636584044476,0.00534024741726,0.210227630051
0.134782085792,0.391421554437,0.23405975719,0.239736602581
0.54585336231,0.167067802384,0.159773044383,0.127305790923
0.332228467245,0.127892592991,0.473167560478,0.0667113792861
0.777973208517,0.189518106636,0.0173170632375,0.0151916216091
0.621098673885,0.187007073225,0.100259462522,0.0916347903681
0.473872793962,0.0776515973269,0.411460018878,0.0370155898335
0.341287583106,0.0919134921481,0.333719010157,0.233079914589
0.121101812263,0.0826043440397,0.568520140412,0.227773703285
0.540338625573,0.247558442048,0.121277285758,0.0908256466208
0.684209617174,0.209112972329,0.0420459054979,0.0646315049982
0.250454384795,0.256235451073,0.439837763841,0.0534724002913
0.644597555725,0.142924076452,0.0701719364596,0.142306431363
0.147017213423,0.0536947223539,0.185641229521,0.613646834702
0.537859319744,0.0272201772736,0.419287350059,0.0156331529232
0.274309690384,0.286018572254,0.138160641379,0.301511095982
0.21990933813,0.0490233136054,0.173331973857,0.557735374407
0.223656192803,0.684025835492,0.0784821157737,0.0138358559306
0.00977428766848,0.138936392812,0.841380946645,0.00990837287483
0.153019444263,0.12121033811,0.0363203211768,0.689449896451
0.426290186927,0.000145751944337,0.121023634714,0.452540426415
0.0402168508456,0.199080772269,0.690454746384,0.0702476305014
0.00750139548436,0.80440844835,0.0570301355753,0.131060020591
0.0427586648274,0.0568458023302,0.853513273024,0.0468822598182
0.0729466176102,0.288575854366,0.0679703293338,0.57050719869
0.00151515559536,0.207396193509,0.724674514138,0.0664141367572
0.455714340359,0.0915896897604,0.0261384827509,0.42655748713
0.459513182056,0.251953043793,0.132708226177,0.155825547975
0.344959618081,0.494559732214,0.0163976522738,0.144082997431
0.421982997158,0.281130335166,0.044944981318,0.251941686358
0.472871463663,0.401368213811,0.106531788089,0.0192285344374
0.405051650134,0.156538198817,0.224462909333,0.213947241717
0.096340421397,0.600552923825,0.268982993708,0.0341236610701
0.267124682571,0.108776415324,0.449959130322,0.174139771783
0.0824146282539,0.221907876199,0.684642482124,0.0110350134231
0.102711653682,0.206363452125,8.64902540812e-05,0.690838403939
0.035513692139,0.0356851716635,0.326601194442,0.602199941755
0.277651545301,0.273018306192,0.161356081439,0.287974067068
0.207484109387,0.317139093001,0.249457455976,0.225919341635
0.378523530145,0.190371269104,0.392061828949,0.0390433718019
0.124682549606,0.600269299769,0.222052558206,0.0529955924193
0.773118592639,0.0237241421572,0.0695262419518,0.133631023252
0.000847670272165,0.388886225469,1.63087137469e-05,0.610249795545
0.056028942403,0.299185948277,0.592387366778,0.0523977425416
0.237018094143,0.176767180576,0.250310765249,0.335903960031
0.17776222289,0.00390471916285,0.0259415398927,0.792391518055
0.0293026733564,0.158018929192,0.432009869087,0.380668528364
0.167949673757,0.329939227662,0.336565426582,0.165545671998
0.100809180717,0.870441531918,0.0270684015557,0.00168088581005
0.0120026954067,0.157693146263,0.780940064694,0.0493640936361
0.0236840786219,0.0396607003153,0.0532412481573,0.883413972905
0.310602795039,0.347005420584,0.0561010223156,0.286290762062
0.130682139035,0.60207701871,0.25072433344,0.016516508816
0.00722719265448,0.00686359136757,0.200515346514,0.785393869464
0.176446275953,0.139033288152,0.477506693692,0.207013742203
0.0335795732497,0.244282080429,0.31766260712,0.404475739202
0.403478473082,0.516364479137,0.0769042695125,0.00325277826817
0.00778758563299,0.198047981846,0.514185922091,0.27997851043
0.0987390136778,0.2334076911,0.293148055057,0.374705240165
0.328755157236,0.367395984571,0.293078469418,0.010770388775
0.390365231083,0.0925141040154,0.100261946517,0.416858718384
0.00358813630554,0.00600267818953,0.978717896094,0.0116912894113
0.0193464209971,0.885047179685,0.0488206743331,0.0467857249851
0.228304902495,0.247221107462,0.177388303422,0.347085686622
0.000731376304476,0.941512096919,0.0383228054775,0.0194337212985
0.479439001646,0.0520190452051,0.0403219766833,0.428219976465
0.544009434704,0.165998578811,0.189727707871,0.100264278614
0.534775803712,0.0640095813178,0.373792896566,0.0274217184041
0.141516857672,0.506667676391,0.076580721475,0.275234744462
0.863312711125,0.0812804266767,0.0181811491301,0.0372257130678
0.0459599256773,0.0177114004976,0.573819114227,0.362509559598
0.431464005144,0.422951204167,0.0607611336283,0.0848236570615
0.000930034056318,0.0190593110585,0.948091060504,0.0319195943813
0.482690156662,0.214969998155,0.202728101666,0.099611743518
0.0204119198064,0.059285474295,0.423383257206,0.496919348693
0.0183886785457,0.219323506643,0.724329770669,0.0379580441423
0.766018941283,0.038905789397,0.115669524179,0.0794057451412
0.0703118743115,0.677327119317,0.195579554049,0.0567814523219
0.298369214494,0.109920401344,0.14384848078,0.447861903383
0.0958187361671,0.764256274013,0.012094901696,0.127830088124
0.125918230036,0.747045765742,0.0460927866354,0.0809432175868
0.00990238695803,0.00127154625769,0.912574647408,0.0762514193766
0.0832884612575,0.554588837366,0.170065097147,0.192057604229
0.165270573487,0.703012139745,0.0795139420163,0.0522033447508
0.0228377618573,0.0282321313481,0.0824820641417,0.866448042653
0.174871297494,0.465981608475,0.044246184599,0.314900909432
0.0151645521928,0.025547567411,0.0089148953841,0.950372985012
0.0979475933465,0.0929028455847,0.409561492252,0.399588068817
0.229400125453,0.0490394954677,0.186730582255,0.534829796825
0.394702799583,0.118566600284,0.120160147997,0.366570452136
0.247598059379,0.196164194041,0.107951139535,0.448286607046
0.291423201051,0.055494479977,0.00270428910367,0.650378029868
0.176519168161,0.138961225279,0.0761695073345,0.608350099226
0.959758781354,0.0252323965691,0.000623647294039,0.0143851747825
0.304296418852,0.338427158918,0.0175096247686,0.339766797461
0.0265701549153,0.273153648851,0.161350806479,0.538925389754
0.791230474468,0.115629698711,0.0853976251704,0.00774220165089
0.531210318426,0.375949241122,0.0795782439493,0.013262196503
0.758830133943,0.00856675518653,0.0216643985862,0.210938712285
0.0731971094942,0.722682835235,0.158205807904,0.0459142473673
0.722893545805,0.0301871233999,0.0116428494471,0.235276481348
0.0458462464847,0.0273034697757,0.0436330125424,0.883217271197
0.0519492393145,0.122743625961,0.0221672176087,0.803139917115
0.00727087774381,0.0149674084847,0.887233468797,0.0905282449747
0.159763514419,0.229962140193,0.604169568426,0.00610477696175
0.188257589056,0.139776129105,0.653665715614,0.018300566225
0.187344112114,0.484402841696,0.135371436185,0.192881610005
0.0112307494267,0.0430691665183,0.0049225479174,0.940777536138
0.321199174719,0.143631115596,0.439153850165,0.0960158595198
0.0287743601137,0.023366737119,0.032169984806,0.915688917961
0.288611368452,0.38437631732,0.230935263811,0.0960770504159
0.613014833249,0.0816174355863,0.274734477484,0.0306332536797
0.774858165736,0.172426956844,0.051541834141,0.00117304327958
0.709279767376,0.128570997029,0.115046850644,0.0471023849518
0.230933166211,0.00755507877931,0.0626283958263,0.698883359183
0.0462785173195,0.473081575227,0.390230345907,0.0904095615457
0.00954917882667,0.949782328193,0.0309892902735,0.0096792027066
0.297158761658,0.388862877897,0.278998459659,0.0349799007859
0.038647156261,0.166562831634,0.646825400975,0.14796461113
0.473213725835,0.0354315928657,0.108271828769,0.383082852531
0.846557979764,0.0819981831088,0.0222994455396,0.0491443915871
0.490693858213,0.141356911039,0.0377393334572,0.330209897291
0.0143744077752,0.029323802768,0.950865918106,0.00543587135128
0.0419957082329,0.747452655671,0.0659265500044,0.144625086091
0.275537984717,0.721454859845,0.000943410146326,0.00206374529202
0.0013421295764,0.690135877617,0.274586402303,0.0339355905032
0.160336099913,0.0559708262334,0.781578542403,0.00211453145139
0.651204080959,0.216752485232,0.116039251338,0.0160041824712
0.00325513743739,0.645177469423,0.326359160863,0.0252082322767
0.592222775165,0.0400983091405,0.0600195437532,0.307659371942
0.812534069941,0.0285573845493,0.145258578279,0.0136499672303
0.439268754121,0.239773280899,0.311908526137,0.00904943884372
0.376801400793,0.00858936880864,0.120923170835,0.493686059563
0.331749550475,0.16326602214,0.440404395526,0.0645800318589