0.132268544448,0.726361943244,0.080491918115,0.060877594193
0.994508861391,0.00116813020077,0.00173533314188,0.00258767526648
0.000611816384705,0.736656634489,0.00653018713666,0.256201361989
0.780931775606,0.135698282818,0.0122012112679,0.0711687303083
0.0044946626305,0.172863190839,0.178125848463,0.644516298068
0.834536723656,0.0797356331848,0.0383775856618,0.0473500574978
0.10723785017,0.103017609109,0.126423930568,0.663320610153
0.0447219484977,0.00255220140621,0.00405623241378,0.948669617682
0.0974634295074,0.100049755933,0.201511259531,0.600975555029
0.617076066197,0.0117577283342,0.25739911512,0.113767090349
0.186747906642,0.450702879769,0.266226063376,0.096323150213
0.587667762852,0.00195223766409,0.0391461627895,0.371233836694
0.114420784055,0.105931946157,0.633835330857,0.145811938931
0.30196579053,0.0190585177238,0.657286628481,0.0216890632657
0.96205689448,0.0126654754574,0.012079929742,0.0131977003205
0.327338037092,0.067161379451,0.593580209033,0.0119203744238
0.058925060249,0.1123171207,0.399695807552,0.429062011499
0.500095014305,0.312722266761,0.0614323898296,0.125750329104
8.51605908149e-06,0.000124955771981,0.000112955903662,0.999753572265
0.0193571997214,0.132643225222,0.219290873878,0.628708701179
0.125636556098,0.0100723244951,0.00588907629899,0.858402043108
0.866479370445,0.0764597134544,0.00664294497048,0.0504179711304
0.520983747552,0.210621687627,0.189030037326,0.0793645274954
0.0266585610002,0.0527256500577,0.558448860853,0.362166928089
0.0307066427121,0.18970245882,0.0528632124028,0.726727686065
0.0204076564297,0.065061701592,0.747575953525,0.166954688454
0.845770277033,0.0136279549168,0.0219028225079,0.118698945542
0.562168893675,0.24176264041,0.166590827521,0.029477638394
0.0614436547789,0.0686822403993,0.0998902743864,0.769983830435
0.0168736269964,0.095150155139,0.262697434222,0.625278783642
0.0383644598534,0.461688185385,0.032764243181,0.467183111581
0.217626951464,0.412815254965,0.166802594497,0.202755199075
0.857877519416,0.0222280111717,0.10573098165,0.0141634877619
0.202588764066,0.165434023256,0.00907068273377,0.622906529944
0.127892377979,0.710495000567,0.0468565198801,0.114756101574
0.378127659432,0.458775048275,0.0103044302032,0.15279286209
0.215877526157,0.344056577378,0.0397284703784,0.400337426086
0.115963874225,0.773602259,0.0246552426407,0.0857786241346
0.862391765288,0.00917413591373,0.0439600132271,0.0844740855714
0.0902568442268,0.185913897312,0.272270502666,0.451558755795
0.467161613105,0.0772216606781,0.231583309386,0.22403341683
0.432691616733,0.075570361627,0.0806533687342,0.411084652906
0.222436189015,0.0143324684029,0.0426013776331,0.720629964949
0.538685837472,0.0284180258122,0.245716279451,0.187179857265
0.263546469385,0.223512605188,0.384715814388,0.128225111039
0.050558632983,0.660510521211,0.115630988677,0.173299857129
0.00746966371409,0.0298275496166,0.936984430512,0.0257183561577
0.120072863808,0.153727688443,0.0504894481888,0.675709999561
0.331272214471,0.529779107568,0.0771664446902,0.0617822332704
0.794386399036,0.184845966984,0.0157052219248,0.00506241205567
0.170517244237,0.650048582028,0.148927009392,0.0305071643429
0.630124051465,0.240514638512,0.00151369203521,0.127847617988
0.647121501102,0.0644236779007,0.196781323879,0.0916734971181
0.276989317367,0.307630929649,0.335773982842,0.0796057701424
0.506234208269,0.146525019113,0.286126053134,0.0611147194834
0.35129268017,0.647432148173,0.000354483287036,0.000920688369534
0.0205863509395,0.0441400874803,0.930675748985,0.00459781259511
0.352411113378,0.409983628614,0.0332166259436,0.204388632065
0.575403043042,0.0212123122277,0.380478962394,0.0229056823366
0.663777766155,0.0588713685742,0.0544828395682,0.222868025703
0.455859428462,0.179254618724,0.295678412542,0.0692075402717
0.486869626126,0.425961317453,0.0262075901099,0.0609614663104
0.597117265951,0.0876995182686,0.0986732324705,0.21650998331
0.770805066745,0.0875514092867,0.0699496189961,0.0716939049719
0.0128264030307,0.0107241803452,0.939060786091,0.0373886305334
0.0795545297282,0.345938999866,0.128156406077,0.446350064329
0.0219439291411,0.0384834049699,0.926070829872,0.0135018360167
0.294491659832,0.301754812148,0.125668026442,0.278085501577
0.0528888208666,0.0174520128236,0.0595242687645,0.870134897545
0.607700293153,0.179697233364,0.000592802478217,0.212009671004
0.249834187148,0.465688368119,0.0953348948552,0.189142549877
0.232478045841,0.339855851327,0.0273472102096,0.400318892622
0.910297182475,0.0047271149335,0.00191166362122,0.0830640389702
0.0940393222122,0.870945711919,0.0349983971843,1.65686849663e-05
0.521765648234,0.0126376121843,0.309567154416,0.156029585166
0.0362010931665,0.040657851645,0.903337544722,0.0198035104663
0.572691517887,0.148864674847,0.00368043772123,0.274763369545
0.0292597032388,0.928978642034,0.0102502362306,0.031511418497
0.407562380008,0.0686114027737,0.353982414643,0.169843802576
0.105449599932,0.0662908353799,0.205752340128,0.62250722456
0.553022473299,0.43281580933,0.00669112033831,0.00747059703342
0.27404411194,0.0395544059732,0.273420736482,0.412980745605
0.166005766158,0.0368816091175,0.325331171125,0.4717814536
0.000941924125589,0.000619856355487,0.2186405354,0.779797684119
0.0251872966538,0.172349301958,0.755864489972,0.0465989114169
0.0226118894901,0.0320727005359,0.940054261342,0.00526114863172
0.0921426459169,0.0415939738321,0.303958140327,0.562305239924
0.737670970933,0.100404483693,0.00238886277134,0.159535682603
0.724989627718,0.17523658412,0.0632710926597,0.036502695503
0.116284434928,0.690274638626,0.0353666509642,0.158074275482
0.23288957513,0.167449511506,0.22233234058,0.377328572784
0.701733622167,0.20413153849,0.0256748029776,0.0684600363655
0.00442019889435,0.00143466146505,0.0114553612077,0.982689778433
0.00196649095343,0.964723667936,0.0287092436571,0.00460059745356
0.958270643205,0.017724255017,0.00105642223734,0.0229486795411
0.195493182784,0.173925338149,0.596326066604,0.0342554124638
0.131930341696,0.118566206184,0.254584406985,0.494919045135
0.15310095516,0.706086169264,0.0236309536712,0.117181921905
0.282541179535,0.0504354694266,0.0299207488303,0.637102602208
0.69595568404,0.0263959033052,0.197700876091,0.0799475365638
0.623100035738,0.131458576119,0.165148835796,0.0802925523475
0.355524127556,0.00987199384378,0.379230595749,0.25537328285
0.760510275318,0.158453352428,0.0799589020461,0.00107747020877
0.0887084082061,0.399406372342,0.00885004366068,0.503035175791
0.95661304435,0.0404869951884,0.00205715688102,0.00084280358021
0.000297618228915,0.0864485048575,0.854150202435,0.0591036744791
0.0148513808969,0.0511826387075,0.813466743919,0.120499236477
0.2427952132,0.193587842752,0.541515389502,0.0221015545454
0.146612821436,0.180434484975,0.0155741025969,0.657378590992
0.145288394687,0.0158109691722,0.618917213371,0.219983422769
0.0331878926363,0.816353115498,0.0502372389806,0.100221752885
0.0173568996988,0.012627047651,0.00433416984815,0.965681882802
0.577296072171,0.375005355132,0.00577885118772,0.0419197215089
0.0337350811362,0.0226129288498,0.934325198714,0.00932679130029
0.729476058355,0.037636380061,0.186632023567,0.0462555380174
0.568721311124,0.058753885097,0.0728105411094,0.299714262669
0.725890169352,0.135024375161,0.0039961419222,0.135089313565
0.114886985576,0.437721354244,0.0872276414069,0.360164018773
0.139998242194,0.579488204553,0.11608867039,0.164424882863
0.081000409517,0.209927776525,0.587774628943,0.121297185015
0.20694548731,0.434381014296,0.17878134304,0.179892155355
0.00985244533395,0.618963747259,0.227952185252,0.143231622154
0.0725955218909,0.626821012278,0.175040113945,0.125543351887
0.0612703177133,0.569609721382,0.328826417147,0.040293543758
0.289132778488,0.296235278906,0.230745985499,0.183885957107
0.4093797118,0.476227990163,0.0244858707087,0.0899064273279
0.163684618288,0.00655254970692,0.00180687235641,0.827955959649
0.252618094036,0.336813664573,0.208928009684,0.201640231707
0.96934871976,0.0210410838023,0.00715100088381,0.00245919555368
0.0309998376866,0.220256163591,0.259699225927,0.489044772796
0.00444824788634,0.0016181642238,0.00204799707358,0.991885590816
0.221344407667,0.181420448874,0.476046075348,0.121189068111
0.0272598298929,0.0520919565418,0.869418019341,0.0512301942241
0.969402490985,0.0230096392328,0.0029854903917,0.0046023793901
0.247577853894,0.0795896340719,0.526129106635,0.146703405399
0.007699166566,0.0498332161505,0.00951532156316,0.93295229572
0.267183618635,0.0741577618949,0.610922324955,0.0477362945144
0.0116505486859,0.0594767873722,0.913012865343,0.0158597985993
0.875329558326,0.0277075734199,0.0691567515362,0.0278061167183
0.063000827882,0.0835928791921,0.598511070845,0.254895222081
0.0335237541027,0.693740586177,0.132747609641,0.13998805008
0.968004930172,0.0108828832319,0.0074284614949,0.0136837251009
0.24526229585,0.500361948161,0.138164271851,0.116211484139
0.33074131859,0.505353953211,0.126688365657,0.0372163625413
0.0759165050531,0.0417697592599,0.855589057442,0.0267246782448
0.344993535894,0.307257210035,0.238713872991,0.109035381081
0.0243065521545,0.0186151989263,0.441257011427,0.515821237492
0.0041226223112,0.348550188222,0.477250208839,0.170076980628
0.0765855923582,0.321482627774,0.566891216203,0.0350405636647
0.195142815223,0.166987844444,0.0438719946671,0.593997345665
0.653543626038,0.0455753569089,0.293328488451,0.00755252860169
0.00951084824571,0.105240266566,0.84701884726,0.0382300379282
8.92717388095e-05,0.425796049252,0.572139444554,0.00197523445576
0.349626732298,0.0661834566664,0.381000504216,0.20318930682
0.526366624859,0.256858391542,6.19956630937e-05,0.216712987936
0.165589527043,0.478638741058,0.173150211453,0.182621520447
0.0759151079438,0.480601045272,0.0951951278012,0.348288718983
0.010815813714,0.043588946622,0.0647779280688,0.880817311595
0.0808457473724,0.192679221876,0.349396709125,0.377078321626
0.236238299458,0.124850429301,0.599099168636,0.0398121026045
0.224186696016,0.0914936193569,0.0142893245096,0.670030360117
0.770271604331,0.00804972989577,0.184927323521,0.0367513422527
0.0203306938786,0.000755375614819,0.909188034757,0.0697258957496
0.20769007828,0.153957017619,0.305987022588,0.332365881513
0.15879071711,0.13414936349,0.275606998863,0.431452920537
0.0113510398203,0.938442319048,0.0157097606159,0.0344968805154
0.269471680162,0.500821557143,0.151146444465,0.07856031823
0.250330601697,0.64304036093,0.017038558228,0.0895904791444
0.239558786041,0.149787856432,0.579292161871,0.0313611956563
0.891234437032,0.0463260654507,0.00179309308078,0.0606464044365
0.096789354049,0.118758752297,0.682350478988,0.102101414666
0.379781190788,0.467547627258,0.0864972234815,0.0661739584729
0.0866875785549,0.0503331785798,0.731510854146,0.131468388719
0.291324457554,0.160326293284,0.401018962089,0.147330287074
0.475230613259,0.467283816213,0.0555770077612,0.00190856276772
0.16602817578,0.306708853223,0.00783218860017,0.519430782397
0.246838763602,0.523672440644,0.0527432651571,0.176745530597
0.444727162208,0.222888162296,0.2954882259,0.0368964495964
0.605276141477,0.0485575992669,0.136642268648,0.209523990608
0.0924654471129,0.101509246429,0.576623212173,0.229402094285
0.0252815184467,0.581589075245,0.367378728711,0.025750677597
0.195285506319,0.780760865047,0.0224637483451,0.00148988028845
0.821707813602,0.0549765604108,0.105691455726,0.0176241702609
0.0718284362926,0.596228274302,0.319366761203,0.0125765282021
0.654959375175,0.0840628021854,0.085913041892,0.175064780747
0.319112751636,0.365035312477,0.292133428533,0.0237185073537
0.220455208369,0.108860154357,0.0395086445611,0.631175992713
0.585617078448,0.176043299161,0.0362595350976,0.202080087293
0.0798079079865,0.106430273058,0.10705076518,0.706711053775
0.717846355214,0.175542997351,0.0266649278792,0.0799457195561
0.00430558932028,0.964500312756,0.00783246376791,0.023361634156
0.0478078479177,0.163345339131,0.734037345898,0.0548094670529
0.215620611641,0.0863899370999,0.315320855013,0.382668596246
0.235388271071,0.247645042653,0.502847713609,0.0141189726664
0.00104874708958,0.971823349011,0.0246656509981,0.00246225290144
0.22279053674,0.128169843018,0.0753212832262,0.573718337016
0.0360893289726,0.922359466895,0.0296139969795,0.011937207153
0.0176624691994,0.258563336658,0.399965469128,0.323808725015
0.0561548030745,0.0345839473143,0.898121211959,0.0111400376525
0.0175567796686,0.660977006849,0.321450323048,1.58904343198e-05