0.0811045653941,0.0303890552924,0.799402551897,0.0891038274167
0.0761417229078,0.0177272181583,0.0379583507611,0.868172708173
0.234940688757,0.134444161964,0.292364895547,0.338250253732
0.018684228901,0.0216264674362,0.87763834683,0.082050956833
0.300892939127,0.0629322441223,0.280962016073,0.355212800678
0.124537918281,0.503050401887,0.235445824923,0.136965854909
0.203212969302,0.151252581854,0.29824952476,0.347284924084
0.102145941441,0.711333752155,0.101684777413,0.0848355289907
0.548327710737,0.279363431026,0.0426379177981,0.129670940439
0.574827725109,0.0182387608202,0.0279090356007,0.37902447847
0.00231513618862,0.893510528347,0.103064254039,0.00111008142536
0.0713548173404,0.000972954789858,0.703545996976,0.224126230893
0.00665829314261,0.087024647339,0.0883756160938,0.817941443425
0.108169124301,0.255928173474,0.298765715583,0.337136986642
0.0671541623555,0.257043042326,0.202582604319,0.473220191
0.187310268979,0.195872591887,0.394321585071,0.222495554063
0.130645046325,0.00683559640238,0.620664603529,0.241854753743
0.0228802497942,0.134108551168,0.0304081545431,0.812603044494
0.00903480721102,0.963083148473,0.00263945307619,0.02524259124
0.115691317857,0.364929147856,0.0418709304818,0.477508603806
0.0154607092894,0.904786022317,0.0663797923845,0.013373476009
0.359045521413,0.285334085902,0.284486700625,0.0711336920604
0.291131690592,0.21346997273,0.254190821295,0.241207515382
0.0678040416283,0.702676427607,0.198053890236,0.0314656405281
0.337516684363,0.20821325777,0.365603035577,0.0886670222901
0.661750965486,0.165966667845,0.0380306336595,0.13425173301
0.0681753544616,0.00619594868703,0.227332313735,0.698296383117
0.00947181234997,0.0148747042534,0.0456455954066,0.93000788799
0.733018122807,0.0183509432813,0.0191491413562,0.229481792556
0.483413143512,0.0766918248465,0.117626859241,0.3222681724
0.0115922264017,0.249262677885,0.0857068822272,0.653438213486
0.0909663112514,0.373738030901,0.48074749553,0.0545481623171
0.00430236642503,0.088368688484,0.248866712694,0.658462232397
0.271269094511,0.0648867539391,0.634794490929,0.0290496606208
0.437516582928,0.229154829538,0.0194350247933,0.31389356274
0.550276843566,0.00463636479193,0.439582454776,0.00550433686601
0.0157411713757,0.546079187922,0.433052302954,0.0051273377485
0.516764057655,0.0183707235099,0.18400453353,0.280860685305
0.545634120598,0.0804763895071,0.332399899837,0.041489590058
0.554107773185,0.249441310471,0.178297613445,0.0181533028994
0.394938373713,0.125775207974,0.0672766532734,0.412009765039
0.550501596393,0.257267549179,0.0387566771488,0.153474177279
0.148455878218,0.149418814985,0.246571720429,0.455553586368
0.848885965549,0.0376829636924,0.0322470614629,0.0811840092954
0.0411835764401,0.231535977985,0.00498809177071,0.722292353804
0.155987540866,0.616143357249,0.0549304663605,0.172938635524
0.440286122304,0.163991362036,0.308621474375,0.0871010412849
0.14134523858,0.593671831151,0.128224898546,0.136758031723
0.0295531433218,0.907132654624,0.00691672988069,0.0563974721734
0.194934876988,0.07856427889,0.430345836237,0.296155007885
0.310288756345,0.0109583046159,0.495292284193,0.183460654847
0.340314081895,0.111232734979,0.509604200526,0.0388489826
0.208323536494,0.112813749848,0.15234968399,0.526513029668
0.251933698001,0.028599378136,0.268542624863,0.450924299
0.444713574773,0.25781848474,0.0769679838245,0.220499956663
0.873506082829,0.0067254259988,0.0160356111875,0.103732879985
0.0188376852185,0.381481052262,0.27941719776,0.32026406476
0.000213641888269,0.977005116336,0.00838374563714,0.0143974961389
0.7217343795,0.106877297979,0.00426057632752,0.167127746193
0.300906669147,0.463667822117,0.181641292534,0.0537842162013
0.152951361658,0.0251791086487,0.383634043479,0.438235486214
0.249593825243,0.00345451755887,0.683784604785,0.0631670524135
0.288484078525,0.487959872957,0.177589143173,0.0459669053446
0.853134169291,0.0343037072542,0.0438358559284,0.0687262675263
0.0188465608914,0.59112095607,0.294887451239,0.0951450317993
0.175162559202,0.578042583714,0.185725272038,0.0610695850459
0.0838478861846,0.611978706734,0.201719390584,0.102454016497
0.310219072305,0.0921823272294,0.316691873893,0.280906726573
0.783404850801,0.0318861404867,0.0426525891256,0.142056419586
0.059024794474,0.0292032834785,0.771951668189,0.139820253859
0.0410963362729,0.0947696436338,0.517289245301,0.346844774792
0.660963797889,0.291998676889,0.0239451351269,0.0230923900947
0.176978435294,0.0496971717558,0.509492746021,0.263831646929
0.454154081771,0.422923465177,8.50813713413e-05,0.122837371681
0.286693983017,0.0820877545902,0.0815277383431,0.54969052405
0.95819989537,0.00911019593674,0.0249903040877,0.00769960460534
0.22650770278,0.39561583342,0.254154318262,0.123722145538
0.24448237567,0.0899860472586,0.143846595029,0.521684982042
0.0639872870665,0.360442632424,0.331028152118,0.244541928391
0.0333833451653,0.171397689303,0.746378320896,0.0488406446359
0.000348759649573,0.00702969716382,0.183421559847,0.809199983339
0.451276314923,0.546425649403,0.00119992717457,0.00109810849982
0.0507290222814,0.361491353409,0.29240397269,0.295375651619
0.467583146403,0.133297434021,0.344730361779,0.054389057797
0.0255844239105,0.0674640102909,0.380819245544,0.526132320254
0.352745587417,0.259051110482,0.192395819386,0.195807482716
0.126920217432,0.315188471614,0.392827474537,0.165063836418
0.622759694968,0.0139240752645,0.359134282312,0.00418194745527
0.362656423773,0.0430272696766,0.0546583447247,0.539657961826
0.00279600192964,0.0225944207139,0.900770041492,0.0738395358645
0.00911557887634,0.407630018923,0.455326528385,0.127927873816
0.0399653896417,0.500449304658,0.406235432821,0.0533498728788
0.280957111713,0.0842412017563,0.0155163336177,0.619285352913
0.253013620104,0.290462005402,0.00374030990244,0.452784064591
0.12547282787,0.00413001944693,0.817123974747,0.0532731779357
0.53330192866,0.293438718036,0.125677493795,0.0475818595089
0.0156333971506,0.809329544184,0.140323649466,0.0347134091988
0.43599146157,0.0492687809206,0.468855721348,0.045884036161
0.772059334222,0.00513419878044,0.0186637926267,0.20414267437
0.690932130254,0.0199359343419,0.266808142946,0.0223237924583
0.282254126686,0.0909882084634,0.370198599485,0.256559065366
0.224202247468,0.517967072789,0.0951613843309,0.162669295412
0.153977985542,0.312313004619,0.196054304902,0.337654704936
0.0819896527395,0.00165218273878,0.68569292121,0.230665243312
0.518020951346,0.0733428417109,0.235003577072,0.173632629872
0.169328942471,0.657073413533,0.150842015199,0.0227556287972
0.0537170930216,0.262399245721,0.0449849116998,0.638898749558
0.00151249220982,0.0572694826758,0.166186722044,0.775031303071
0.00220256847657,0.027461774259,0.0153254757805,0.955010181484
0.0350031691844,0.00249508420043,0.887727490681,0.0747742559337
0.0604887185846,0.110210110706,0.716351996615,0.112949174094
0.0504508225504,0.762748198274,0.0014296376866,0.185371341489
0.0463742252758,0.00207851100209,0.0404910530504,0.911056210672
0.808448308468,0.0697114030902,0.0371739663385,0.0846663221037
0.375348736457,0.167213995689,0.398082438229,0.0593548296248
0.832583395157,0.0446880206437,0.069453829406,0.053274754793
0.112984217735,0.30567923768,0.257914274521,0.323422270064
0.0744849801149,0.161200415677,0.391017245027,0.373297359181
0.155142843198,0.136098219321,0.585392208885,0.123366728595
0.00342751388816,0.70503756732,0.289127123733,0.00240779505883
0.515678638699,0.0530337508944,0.146054761947,0.285232848459
0.20172052308,0.589152318962,0.123675870167,0.0854512877903
0.0793268538831,0.58720608318,0.0896692137152,0.243797849222
0.187373656794,0.72454646621,0.0562078459444,0.031872031052
0.212124627232,0.138740217463,0.0838487365948,0.56528641871
0.146436445728,0.036223349821,0.71719914128,0.100141063171
0.126680468742,0.0234083961138,0.297048334116,0.552862801029
0.0242931528396,0.0291736624892,0.0147751727273,0.931758011944
0.162964303211,0.0331895098221,0.283119577244,0.520726609723
0.0415101767596,0.33949761865,0.0523491581677,0.566643046423
0.11705743924,0.0109712583807,0.0320417609549,0.839929541424
0.101638880293,0.123614932355,0.287545823997,0.487200363354
0.144054898493,0.0951756036064,0.123375256993,0.637394240908
0.0910381240069,0.0950582780878,0.257388541304,0.556515056601
0.0866162254441,0.0766391733331,0.549350333134,0.287394268088
0.585295584012,0.00463236074906,0.0205159165065,0.389556138732
0.260268439583,0.308774862941,0.174456353539,0.256500343937
0.152506386208,0.481080009958,0.11174682821,0.254666775623
0.443823229158,0.414735756383,0.0368060634974,0.104634950962
0.0272603230001,0.262883031401,0.578511846308,0.13134479929
0.793679525178,0.0843611579783,0.060199947208,0.0617593696355
0.0718109411006,0.0715145280248,0.723198815505,0.13347571537
0.214637995708,0.231206753133,0.513660116223,0.0404951349366
0.596639066086,0.203737599301,0.0231094577439,0.176513876869
0.0527705770661,0.081174770528,0.807662651245,0.0583920011614
0.03880774895,0.548412466811,0.393473315269,0.0193064689706
0.341287433635,0.0430728884031,0.0087524326782,0.606887245283
0.251887439637,0.120670658457,0.194944534154,0.432497367751
0.000169897927089,0.00419525580149,0.995524470932,0.000110375338995
0.140457754263,0.442599227065,0.0828946213027,0.33404839737
0.137519388775,0.806012336576,0.0511393849252,0.00532888972302
0.137530800317,0.312413592767,0.397073970993,0.152981635924
0.0211918245183,0.585511160801,0.0175024990321,0.375794515649
0.014399170328,0.00050206811562,0.974869280016,0.0102294815403
0.660407939547,0.311747223798,0.0231763763962,0.00466846025916
0.417998567857,0.0440616742813,0.259258324155,0.278681433706
0.0143757438321,0.823344050246,0.150440835687,0.0118393702345
0.144174402295,0.0343443608581,0.250379131133,0.571102105714
0.0137429898045,0.121443625898,0.568511858161,0.296301526136
0.337695365993,0.0735924784205,0.471365381761,0.117346773825
0.204488846097,0.167588979252,0.0319660012702,0.595956173381
0.0271913054282,0.0782296556514,0.292108460672,0.602470578249
0.283182094165,0.609136127552,0.0928130905431,0.0148686877402
0.0483006476439,0.37668148852,0.203804887521,0.371212976315
0.47503228079,0.159989800891,0.15645461207,0.208523306249
0.797761522839,0.101570068746,0.0950837289761,0.00558467943896
0.399005390325,0.195836159712,0.35000502377,0.0551534261929
0.373650905954,0.00689812211898,0.459209002345,0.160241969582
0.359582034281,0.459432180748,0.15142812231,0.0295576626605
0.435361999449,0.452167343752,0.0258240501603,0.0866466066389
0.0216419190911,0.860095994395,0.0948848801028,0.0233772064114
0.538906954598,0.00256217429533,0.323761175613,0.134769695494
0.157025827539,0.220060066854,0.151572233005,0.471341872601
0.0928348775635,0.611203099562,0.0162208682424,0.279741154633
0.648798281943,0.215204915004,0.0262269523428,0.109769850711
0.329600306691,0.0406520599925,0.501398319275,0.128349314042
0.324815880148,0.0271397668274,0.118482368301,0.529561984724
0.311338228003,0.00246301029324,0.652871641699,0.033327120004
0.671830853326,0.0194849364341,0.170623427677,0.138060782563
0.49439668998,0.147486275804,0.301519411092,0.0565976231234
0.139477558489,0.379607532975,0.0580844491722,0.422830459363
0.370689111377,0.174814326699,0.00138946991254,0.453107092011
0.208630597947,0.515283944672,0.179671741836,0.0964137155459
0.104423328784,0.040589318061,0.826178494707,0.0288088584479
0.895979292287,0.00582656159432,0.00617123764527,0.0920229084738
0.353232601773,0.0612119653282,0.146015440405,0.439539992494
0.270661576761,0.21510701423,0.422510979996,0.091720429013
0.424944167479,0.212517340641,0.0176660070099,0.34487248487
0.539989191426,0.0135763576623,0.140310599802,0.30612385111
0.381405400749,0.0198475064171,0.591532260601,0.0072148322327
0.0655254686183,0.270430005405,0.442445562063,0.221598963914
0.00691399628437,0.00662455631785,0.0576242587166,0.928837188681
0.304319533047,0.19332532529,0.141328091379,0.361027050285
0.15912683511,0.591161127618,0.0302265991051,0.219485438167
0.0410581754625,0.886767598776,0.00945175920295,0.0627224665588
0.195540102044,0.327146724346,0.460011839488,0.017301334122
0.533597508959,0.350448987967,0.081311847176,0.0346416558975
0.0591668962341,0.423430046164,0.345656362088,0.171746695514
0.459025247182,0.0187398980852,0.0180603581748,0.504174496558
0.250274145278,0.0181488227267,0.0074761780511,0.724100853945