0.229919668442,0.490566561301,0.0955460296841,0.183967740572
0.0129263138712,0.946027682253,0.0216846842472,0.0193613196287
0.122316190638,0.541620441415,0.0224320277007,0.313631340246
0.362470718657,0.0871131316747,0.378283141805,0.172133007863
0.797060669643,0.0845803479052,0.0475229345263,0.070836047926
0.0161168114109,0.547237792728,0.100460959378,0.336184436483
0.199656580219,0.43721732602,0.0363206799064,0.326805413855
0.027928388761,0.107878645178,0.141836294725,0.722356671336
0.305392425922,0.277549179139,0.348966301077,0.0680920938617
0.096821162368,0.600942370027,0.180002950035,0.12223351757
0.375267468467,0.163376502168,0.236460098283,0.224895931081
0.341754477086,0.0493437551639,0.369263967469,0.239637800281
0.701094181703,0.190100994493,0.04136171653,0.0674431072741
0.164285032264,0.59967229148,0.0503372646414,0.185705411614
0.323383141818,0.307595406976,0.342686992147,0.0263344590586
0.000502070109226,0.713503155964,0.0724652980865,0.213529475841
0.726671470391,0.0472268904167,0.0248864241222,0.20121521507
0.0623377041141,0.00235612929936,0.934120021875,0.00118614471102
0.467975268854,0.215550502201,0.152101930697,0.164372298248
0.407732519525,0.00104860830559,0.58127635982,0.00994251234898
0.000420146286853,0.135769804655,0.00190828951773,0.861901759541
0.0313634345076,0.766190729801,0.0275852414594,0.174860594232
0.074776584239,0.534400859376,0.182805048979,0.208017507406
0.224542156789,0.308293790988,0.376245068869,0.0909189833538
0.128028757536,0.121494369868,0.319925789263,0.430551083333
0.115277895029,0.804127843987,0.0207950483393,0.0597992126449
0.474084784934,0.173718584168,0.291250465163,0.060946165736
0.116210986396,0.563476003135,0.232634394229,0.0876786162392
0.586100372242,0.170714457746,0.119546776125,0.123638393887
0.01404248917,0.916583250063,0.0125578569612,0.0568164038063
0.255865788108,0.0572299676443,0.0976614908601,0.589242753387
0.102231304293,0.186950095786,0.708214686845,0.00260391307527
0.0516503318134,0.023997889407,0.875524551148,0.0488272276319
0.106726664377,0.0133560255397,0.879839104812,7.82052711323e-05
0.187021049714,0.026057504387,0.443218668511,0.343702777388
0.39771377694,0.00129137679936,0.286876640408,0.314118205853
0.677590644308,0.000423742424413,0.321587255777,0.000398357490605
0.231080706508,0.0810124668772,0.683029055936,0.00487777067908
0.0307087327133,0.0010539850958,0.0197015277361,0.948535754455
0.0258502614318,0.813729065865,0.0884440727331,0.07197659997
0.0606964766342,0.378152814964,0.267796073638,0.293354634764
0.83751791851,0.00723580240271,0.0726424492012,0.0826038298858
0.0337105230616,0.087640186114,0.804778556116,0.0738707347085
0.942760715159,0.0127218496181,0.0232772573026,0.0212401779206
0.322864649326,0.0984918669956,0.0573771347288,0.52126634895
0.238633789103,0.493536244949,0.22929085266,0.0385391132888
0.0647401164177,0.238237930811,0.626632597147,0.0703893556246
0.0595323406078,0.170482668526,0.0632643599664,0.706720630899
0.0643631436858,0.132345905881,0.726981333312,0.0763096171212
0.00844100113054,0.00944764695915,0.250447125284,0.731664226626
0.151798331897,0.169010710789,0.454290321979,0.224900635335
0.251985053318,0.082306111412,0.660652510672,0.00505632459763
0.736870478216,0.113829851388,0.138104348875,0.0111953215213
0.0135330648619,0.262430165403,0.643425345241,0.0806114244947
0.692702760016,0.131890988428,0.0756137397427,0.0997925118132
0.0508539901822,0.347381530966,0.0262638547424,0.57550062411
0.071469412022,0.0464385315277,0.602056969957,0.280035086493
0.20675553502,0.236275923172,0.27350273869,0.283465803118
0.0560159508979,0.446744125684,0.479935630384,0.0173042930335
0.124162765494,0.0733496605928,0.743558599872,0.0589289740407
0.125469424681,0.292851242908,0.45179699942,0.12988233299
0.763232037382,0.0611246703397,0.00990173504928,0.165741557229
0.629472531515,0.120977707362,0.23450062937,0.015049131753
0.367568853536,0.35724664542,0.013353365415,0.261831135629
0.07014849639,0.0232502310146,0.857324141297,0.049277131298
0.93340301067,0.0246255587501,0.019246153699,0.0227252768812
0.0230609789097,0.0714806485773,0.132256810164,0.773201562349
0.0870785284281,0.370235667931,0.203495589928,0.339190213713
0.0755229452232,0.133906198621,0.509749315701,0.280821540455
0.00535457994087,0.379790893325,0.148157877574,0.466696649159
0.104899729901,0.0870899689077,0.448573913098,0.359436388093
0.308255104437,0.0164806687274,0.148872008757,0.526392218078
0.268865764931,0.598001109226,0.0373674631943,0.0957656626485
0.152257292909,0.045671691456,0.781145192494,0.020925823141
0.515984277177,0.277097366013,0.116312321106,0.0906060357036
0.273379279224,0.202755790752,0.354343612437,0.169521317587
0.00597769643019,0.0105088641326,0.975539761857,0.00797367758036
0.0423427463047,0.0563702351237,0.224563438018,0.676723580554
0.337697268232,0.216496286563,0.401616927069,0.0441895181354
0.250435552048,0.146159814385,0.51464759425,0.0887570393163
0.0375262925706,0.354366681055,0.0884769090634,0.519630117311
0.0335346701934,0.0482521558409,0.903842484742,0.0143706892239
0.0118886751435,0.599524458793,0.285158089759,0.103428776304
0.729177880834,0.174714621651,0.0641778435925,0.0319296539234
0.889245292321,0.00277907517256,0.0413334182402,0.0666422142659
0.222270952626,0.133625101936,0.163450792268,0.480653153171
0.929258980879,0.0193021030718,0.00258915641489,0.0488497596344
0.186322119767,0.230149511418,0.530305594923,0.0532227738919
0.286150941399,0.153070005699,0.332020405269,0.228758647633
0.98202060315,0.00365133237226,0.00240037680067,0.0119276876775
0.0500173353933,0.603111371788,0.230247222272,0.116624070547
0.110434280982,0.18186853582,0.0629186247994,0.644778558398
0.189211710872,0.179429512149,0.298826716932,0.332532060048
0.00287349684222,0.400782559778,0.193078238655,0.403265704725
0.380131271541,0.362861707521,0.0886270101372,0.168380010801
0.0425613684945,0.366712124829,0.150811783599,0.439914723078
0.14881892764,0.784391608284,0.0140379191501,0.0527515449263
0.00242666967097,0.00192879873319,0.000143249276678,0.995501282319
0.00661454365798,0.000707787107688,0.336130303486,0.656547365749
0.689603731245,0.0285897903131,0.162266308422,0.11954017002
0.292510169537,0.124744610913,0.00992123172526,0.572823987825
0.0940016015684,0.121556023054,0.335814579394,0.448627795983
0.581169030803,0.081753453343,0.0866341057045,0.25044341015
0.319388319336,0.118672045394,0.220411251493,0.341528383777
0.710661737901,0.0122523160862,0.0770231490516,0.200062796961
0.243484389986,0.332019741866,0.262444693335,0.162051174813
0.298694271495,0.334999176158,0.322656731861,0.043649820486
0.561248782281,0.110841004308,0.314164787552,0.0137454258593
0.672628140413,0.325057848497,0.00230300821931,1.10028708966e-05
0.0409593336732,0.702858414442,0.0447245448307,0.211457707054
0.00951477404345,0.989143995151,0.000566423143449,0.000774807662442
0.125235842434,0.00760064881826,0.365385894701,0.501777614048
0.0261563874032,0.339228582219,0.490255943495,0.144359086883
0.0356514677573,0.0523663487797,0.853832037714,0.0581501457491
0.148287610881,0.123509008917,0.686879278096,0.0413241021069
0.179721412512,0.00162578666647,0.810788824743,0.00786397607762
0.179907918315,0.808025237287,0.0053617100232,0.00670513437441
0.0953205533098,0.520874124786,0.0301005914449,0.353704730459
0.10354853697,0.807451069029,0.0266210922813,0.0623793017199
0.0972940007419,0.0287134014226,0.425548276325,0.448444321511
0.232777798461,0.396865981132,0.0959701726472,0.27438604776
0.124760130414,0.0236719754068,0.373629999975,0.477937894204
0.035980373904,0.608025639062,0.0141722241361,0.341821762898
0.138229902676,0.0642846438888,0.145622685549,0.651862767885
0.307291208408,0.267249059575,0.29629324681,0.129166485207
0.0880539367073,0.176524640748,0.0019954430082,0.733425979536
0.247295077155,0.272432001306,0.399687282121,0.0805856394182
0.0191263232808,0.0113998357599,0.0295227181147,0.939951122845
0.732872134966,0.263016099419,0.00246920326907,0.00164256234571
0.18795676717,0.155481376005,0.31304650073,0.343515356096
0.241819930016,0.137233100443,0.11817283283,0.502774136711
0.0546447587738,0.84112944065,0.0733274394819,0.0308983610943
0.0973210815742,0.0592599255921,0.742983696089,0.100435296744
0.514261065624,0.00214631810693,0.284281116161,0.199311500109
0.913806308953,0.00130701400035,0.0844399063209,0.000446770725916
0.0234705062607,0.565943708297,0.00696500371286,0.40362078173
0.673276375934,0.000437328537271,0.325454427825,0.000831867703787
0.0182541832378,0.0743567733271,0.863870481666,0.0435185617689
0.0890353749017,0.159178481006,0.348636421186,0.403149722906
0.449367445996,0.144653077912,0.114990228443,0.290989247649
0.504489198817,0.0212187460789,0.103049526254,0.37124252885
0.14485937293,0.0137308533304,0.675341515728,0.166068258011
0.0781215065321,0.107713294198,0.485352638571,0.328812560699
0.185380346187,0.310609218443,0.217170531542,0.286839903828
0.10647796248,0.718255399757,0.118408443152,0.0568581946102
0.0580018418304,0.000219608672065,0.00189657057649,0.939881978921
0.0182118309199,0.024302336661,0.282347267473,0.675138564946
0.882584177413,0.0516412390968,0.0305108795035,0.0352637039862
0.635679373453,0.0362603260282,0.00616707090457,0.321893229614
0.150490382677,0.828010457901,0.00087005401744,0.0206291054038
0.180028277951,0.122341663786,0.685063178245,0.0125668800174
0.905764348912,0.00377414817658,0.00700025174357,0.083461251168
0.652943620744,0.141011274568,0.0247244129197,0.181320691769
0.0599024973749,0.700836034444,0.0568243216764,0.182437146504
0.0658000561027,0.12955240167,0.129176789819,0.675470752408
0.639584642601,0.122641927377,0.0563699686623,0.181403461359
0.813029145183,0.0307789401762,0.108272146591,0.0479197680495
0.0007210465534,0.963934243423,0.0011737245823,0.0341709854413
0.243037889408,0.0206539857532,0.369888146675,0.366419978164
0.294124336029,0.134153886106,0.00885952989686,0.562862247968
0.145901178367,0.104450303488,0.0472157666665,0.702432751479
0.858381981591,0.0469157738341,0.0902840572121,0.00441818736308
0.497632161987,0.0300004913545,0.46107570007,0.0112916465876
0.133637064244,0.736288364916,0.117230955188,0.0128436156531
0.00709279356915,0.561846618888,0.0339607945465,0.397099792997
0.270862464858,0.234712551214,0.326027442508,0.168397541421
0.193171118393,0.0176522901497,0.00693351795,0.782243073507
0.274278909364,0.0119627087094,0.607000865222,0.106757516705
0.209930114034,0.471647739487,0.318070099894,0.000352046584711
0.0277091396053,0.0406104426812,0.782537309264,0.149143108449
0.0437235224033,0.0243519854239,0.801969167923,0.12995532425
0.244503961899,0.197801904023,0.331907661873,0.225786472205
0.182481371971,0.239518761176,0.314685033992,0.263314832861
0.0632978122232,0.823652902045,0.0249946649788,0.0880546207531
0.949725753998,0.0118178298732,0.00569195776149,0.0327644583672
0.00196848894671,0.0335964640835,9.70288858387e-05,0.964338018084
0.0729321795847,0.387833164964,0.0401624828131,0.499072172639
0.00381469821694,0.640658088803,0.354830891892,0.000696321088104
0.0764176310087,0.903994208071,0.0115408115344,0.00804734938554
0.00136442820338,0.00837817559686,0.000991649846476,0.989265746353
0.0358698455877,0.171906565356,0.308314096513,0.483909492543
0.161635260128,0.191043454391,0.350272471684,0.297048813798
0.0255669656751,0.540173358985,0.26033809929,0.17392157605
0.472455428425,0.335995813542,0.111666059272,0.0798826987618
0.102393192628,0.786522523979,0.0700012237373,0.0410830596558
0.0818211954492,0.400692673483,0.287920182556,0.229565948512
0.440718022891,0.34806567585,0.141197162762,0.0700191384967
0.0121914039058,0.0477016888024,0.00028206195827,0.939824845334
0.051285389517,0.0184821924372,0.519882822465,0.410349595581
0.56870496687,0.0324972876175,0.163963170346,0.234834575166
0.00205440287241,0.985916691157,0.0101164610087,0.00191244496203
0.00154632369057,0.00324231212415,0.000150860338491,0.995060503847
0.138276905728,0.165311182357,0.639072188438,0.0573397234772
0.042891028781,0.788000363387,0.0716634100525,0.0974451977791
0.232138399706,0.102076469016,0.573780589759,0.0920045415189
0.436170314977,0.369888212191,0.0138096569669,0.180131815866
0.0136731217464,0.940213017433,0.0295510687467,0.0165627920742
0.0925203026523,0.789913596798,0.0126296756226,0.104936424927
0.149078671651,0.207668006514,0.103471254562,0.539782067273
0.183953810358,0.76130437838,0.0362332757137,0.0185085355486