0.0261550701915,0.231546888458,0.735261610549,0.00703643080224
0.0484043601221,0.223304469914,0.0263301805256,0.701960989439
0.239348409487,0.242225165773,0.0727780269409,0.445648397798
0.303885046096,0.00130652288173,0.0109597054184,0.683848725604
0.332783565475,0.0454764321775,0.0624661104055,0.559273891942
0.000449706385855,0.00475901223906,0.992854517739,0.00193676363648
0.0611117418509,0.70837539706,0.0157066248696,0.214806236219
0.0755169721438,0.0293842355431,0.862280587906,0.0328182044068
0.299597296347,0.454487537365,0.229223855873,0.0166913104148
0.701805135037,0.0848884138058,0.0921947738237,0.121111677334
0.881139661762,0.00312575409165,0.0951107266454,0.0206238575012
0.513177209952,0.149539796901,0.1809386544,0.156344338747
0.640197365155,0.0104397468345,0.337197535289,0.0121653527211
0.0869472898082,0.480968965788,0.408971345827,0.0231123985769
0.337433922433,0.11455755506,0.16556457198,0.382443950527
0.112815923,0.0335081263712,0.690029798659,0.16364615197
0.130614493047,0.090329495724,0.725268403657,0.0537876075715
0.00184507448517,0.00344559040786,0.894216693208,0.100492641899
0.0666545398423,0.00297997723261,0.661376096064,0.268989386861
0.00748659516235,0.530350420658,0.200842814552,0.261320169627
0.0224273230523,0.907475420692,0.0418263006086,0.0282709556472
0.695274515123,0.0310379816041,0.0106066455335,0.26308085774
0.551800043731,0.164395325716,0.0365282642501,0.247276366303
0.744210780073,0.0683421891305,0.00932658666469,0.178120444132
0.00360037436222,0.0386681651344,0.814952821114,0.142778639389
0.00867572075095,0.00907026244331,0.164248253828,0.818005762978
0.0696375266366,0.221366350537,0.136873634642,0.572122488185
0.120961422864,0.774219916265,0.0678483743137,0.0369702865572
0.350953556932,0.00209073638418,0.536517658373,0.110438048311
0.778660832733,0.0538915980687,0.041949979953,0.125497589245
0.450732255632,0.0820983669604,0.202128654733,0.265040722674
0.00489436233317,0.934292281417,0.0127104207676,0.0481029354827
0.00448962326752,0.982880615307,0.00933539870296,0.00329436272258
0.0465195389555,0.0663631560458,0.535021027564,0.352096277435
0.00964689467581,0.166303960699,0.00576316238452,0.818285982241
0.184849115743,0.539413399052,0.00599119555946,0.269746289646
0.329310786938,0.153461180999,0.2284648126,0.288763219463
0.157038568439,0.63805238432,0.0893099329069,0.115599114334
0.111597263709,0.162972980956,0.0420893617013,0.683340393634
0.531146776154,0.130360533675,0.304925954362,0.0335667358098
0.237086755402,0.245171777044,0.0457776147677,0.471963852787
0.412232505629,0.123359545941,0.0275999495029,0.436807998927
0.119298288757,0.488767591749,0.0698456617537,0.32208845774
0.249265903508,0.213520545361,0.363288894889,0.173924656242
0.150197716654,0.0029936496574,0.106738138606,0.740070495082
0.613837794624,0.230585758065,0.139621588403,0.0159548589076
0.427507135848,0.461096518945,0.0969149110603,0.0144814341467
0.206596198974,0.493231489009,0.056190379625,0.243981932393
0.0487327479413,0.00141666018527,0.89164165614,0.0582089357337
0.0292523135395,0.530861760103,0.391103952452,0.0487819739049
0.91507844942,0.041804586426,0.0150865607866,0.0280304033678
0.0200651590592,0.111608316541,0.700429723073,0.167896801327
0.00373770418651,0.0534010015526,0.0907449696092,0.852116324652
0.295681075441,0.493692285083,0.175505580357,0.0351210591185
0.177116634218,0.0572900471376,0.720751601983,0.0448417166615
0.0208007352207,0.0322970018903,0.181228184624,0.765674078265
0.0394971399376,0.0932376632179,0.704656050766,0.162609146079
0.000145367002773,0.353440152175,0.646277640614,0.000136840208441
0.245569943949,0.306071185399,0.108669783456,0.339689087196
0.950102663232,0.0451550928358,0.000304314453241,0.00443792947935
0.0364868809712,0.0759506605468,0.64622229651,0.241340161972
0.0756629351241,0.165966078316,0.241724060816,0.516646925744
0.381944931544,0.408161285152,0.0301978539188,0.179695929385
0.70584493922,5.02007417084e-05,0.294070602541,3.42574969436e-05
0.118078381231,0.0432315952478,0.0388948377098,0.799795185812
0.207897153337,0.00175798819355,0.664549352328,0.125795506142
0.0145553810021,0.0769248652015,0.256667132846,0.65185262095
0.458021742782,0.437540752798,0.0672017840714,0.037235720348
0.00381289399704,0.460833842626,0.516976502636,0.0183767607408
0.0109147935281,0.0802343068529,0.897827602691,0.0110232969284
0.0111224162231,0.985285328729,0.00267275879916,0.000919496249017
0.0421799325324,0.0873216643333,0.0728607728058,0.797637630329
0.703482841204,0.0901081911783,0.0182438908884,0.18816507673
0.489068785967,0.0504098910567,0.298871205761,0.161650117215
0.865855415701,0.0040392681621,0.000278101966734,0.12982721417
0.0994922281839,0.663993558001,0.075910053431,0.160604160384
0.0861307364499,0.117462337015,0.533322602302,0.263084324234
0.074567927255,0.297876296425,0.307980769535,0.319575006785
0.150066086452,0.0614800379178,0.65937802899,0.12907584664
0.37285537745,0.24337126393,0.0115069973354,0.372266361284
0.134262261629,0.458049567824,0.28246724213,0.125220928417
0.052545640416,0.354964048202,0.186526235246,0.405964076136
0.0011599443759,0.933514518435,0.0284969426401,0.0368285945494
0.257013722534,0.1388405481,0.2955848599,0.308560869467
0.0340944743203,0.0693789575912,0.0056198047843,0.890906763304
0.800380481576,0.0693718376021,0.113456739231,0.0167909415907
0.306649468917,0.0108758469692,0.0555639823075,0.626910701806
0.238299264783,0.207800559384,0.434765955431,0.119134220401
0.125835416824,0.173005147214,0.611081634561,0.0900778014011
0.03790951201,0.000907923692137,0.6419317637,0.319250800598
0.643667825313,0.00655715971829,0.221778941019,0.127996073949
0.362185844465,0.0201047768766,0.389871960647,0.227837418012
0.287080514417,0.00172058947529,0.710092039291,0.00110685681606
0.179192318803,0.058544925435,0.719918289121,0.0423444666413
0.00320782708987,0.192753876724,0.476048487789,0.327989808397
0.622776496555,0.0850754360968,0.00871606782786,0.283431999521
0.0792367893268,0.540083423796,0.0556554649331,0.325024321944
0.285430506975,0.279248418046,0.433450553583,0.00187052139602
0.0937868644363,0.0728863146431,0.495180769301,0.338146051619
0.0266383615541,0.00286625093546,0.000759695391461,0.969735692119
0.0639439260465,0.404324598432,0.330553262526,0.201178212995
0.724254712162,0.0707267149548,0.15720382559,0.047814747293
0.0973881744765,0.593720926667,0.286390807711,0.0225000911456
0.529784042381,0.101435198446,0.208257973471,0.160522785702
0.528571351116,0.170187330689,0.273882341063,0.0273589771321
0.173919396767,0.259039900149,0.23966880774,0.327371895344
0.405323177957,0.221225530085,0.262815790356,0.110635501602
0.269706946368,0.556600157321,0.158869766024,0.0148231302863
0.0143083622617,0.231273850577,0.580597379231,0.17382040793
0.0256101179199,0.00483220674585,0.899716377185,0.0698412981494
0.892380213613,0.0433752547914,0.0548877963763,0.00935673521894
0.990810303045,0.00448470310512,0.00379632572643,0.000908668123413
0.0025882909273,0.0342842848921,0.940897756942,0.022229667239
0.306067485354,0.0598868192998,0.0800226670582,0.554023028288
0.307968218699,0.351868704735,0.0538810242848,0.286282052281
0.72751844865,0.071100496581,0.0784663351557,0.122914719613
0.732010310176,0.117069201348,0.0228284483361,0.12809204014
0.140302953231,0.60692837073,0.250350665879,0.00241801016022
0.256590620565,0.0163573099007,0.497859884584,0.22919218495
0.386646049592,0.115062089467,0.369614297681,0.128677563261
0.0312809718651,0.856928596547,0.020886328898,0.0909041026902
0.0687453676809,0.693556913404,0.190194827416,0.0475028914986
0.333917318365,0.0900218968351,0.0792194101049,0.496841374695
0.0392276034685,0.926130630084,0.0286069690628,0.00603479738476
0.167540007163,0.432819222756,0.251220178129,0.148420591951
0.193871021112,0.113085366733,0.540457805735,0.15258580642
0.0749883990769,0.460114060725,0.0879376775973,0.376959862601
0.208975618063,0.192909069757,0.0592534745293,0.538861837651
0.0141317658136,0.531282112929,0.00775642348723,0.446829697771
0.540502432196,0.016291678266,0.379940893698,0.0632649958408
0.171245020695,0.36025621681,0.286797941096,0.181700821399
0.160835153657,0.205658113514,0.327598537521,0.305908195308
0.318629974451,0.0124131323779,0.0261392236286,0.642817669543
0.0749766586996,0.0471915401441,0.871491424037,0.00634037711929
0.471697480671,0.13554749427,0.0144834375709,0.378271587487
0.00792348447703,0.727292585555,0.0289140905854,0.235869839382
0.573859434311,0.0461299983085,0.221338770165,0.158671797215
0.000332249036302,0.709770119466,0.0293661190495,0.260531512448
0.211517601767,0.600195471516,0.121979113481,0.0663078132366
0.0132000284213,0.612322506384,0.0407248547466,0.333752610448
0.196585741876,0.480827410629,0.238599260403,0.0839875870924
0.123680249084,0.695720189858,0.170668361153,0.0099311999041
0.420259632676,0.311819965305,0.114779534247,0.153140867772
0.0387992687109,0.30787737554,0.172443628284,0.480879727465
0.238948988736,0.519767699841,0.21342777021,0.0278555412131
0.813482767436,0.0203155062805,0.0537806394541,0.112421086829
0.315606492619,0.125573484874,0.12175667726,0.437063345248
0.940206742703,0.039098875798,0.00871958270985,0.0119747987894
0.116832014126,0.581502933247,0.275907881615,0.0257571710125
0.198588436286,0.214370023411,0.151362970744,0.435678569559
0.0182086648412,0.746525557683,0.210138716262,0.025127061213
0.173548284343,0.122759648121,0.175188395028,0.528503672508
0.0051413816405,0.000438870037385,0.129357936833,0.865061811489
0.228978828107,0.676625610442,0.0899132517541,0.00448230969622
0.0592884222235,0.0381216435679,0.878724423697,0.023865510512
0.25600235827,0.202159528183,0.385497082679,0.156341030867
0.20677627896,0.313036399544,0.221493450823,0.258693870673
0.0400053451951,0.0326289151513,0.710229299289,0.217136440365
0.263730402351,0.107352570558,0.126317640995,0.502599386095
0.0258831801937,0.890087619966,0.0828784676345,0.00115073220594
0.0553944397916,0.133213720372,0.809116799102,0.00227504073392
0.0145829497508,0.121629218684,0.0613625236182,0.802425307947
0.851663009044,0.0546260979646,0.00814640244116,0.0855644905502
0.087249037041,0.15936930658,0.512131546997,0.241250109382
0.0867044220949,0.768688992047,0.00494166018467,0.139664925673
0.485390573246,0.236639912065,0.175397496775,0.102572017914
0.0301071780267,0.140270923624,0.168331277364,0.661290620985
0.913947436596,0.0295234423923,0.0118135805216,0.0447155404903
0.368831721683,0.103762130761,0.488838693853,0.0385674537034
0.300373559662,0.265925992501,0.0443925937865,0.389307854051
0.0999586531487,0.787460800043,0.0194812626147,0.0930992841935
0.0509640988814,0.507511373892,0.410953859982,0.0305706672448
0.0918420860675,0.0608313626654,0.493685270255,0.353641281012
0.0265402774697,0.253510519449,0.167497460868,0.552451742213
0.0527186456139,0.353408962218,0.517681686742,0.0761907054266
0.0125807963445,0.701444984604,0.198437025345,0.0875371937072
0.0559351183802,0.352021688369,0.586520968287,0.0055222249644
0.47896033445,0.126453100671,0.377734730112,0.0168518347674
0.0117777891762,0.0346992268186,0.0136405955871,0.939882388418
0.975334955642,0.0115071211608,0.000830057944317,0.0123278652531
0.817513278384,0.0741724221096,0.00291619135426,0.105398108152
0.0057511936542,0.140372177374,0.841165165775,0.0127114631971
0.324831719903,0.322597093938,0.250451622054,0.102119564105
0.529172456982,0.331777641304,0.0951986266543,0.0438512750599
0.0690965315718,0.00898057774827,0.824727603508,0.0971952871719
0.280355128579,0.00575095693811,0.573832453953,0.14006146053
0.17936274432,0.561748123994,0.148873045051,0.110016086635
0.0170845780128,0.0333650950649,0.144372291926,0.805178034996
0.258605420663,0.217649577496,0.496914786179,0.0268302156619
0.0823377429776,0.0156910162073,0.866978114176,0.0349931266396
0.000764569574097,0.067787524463,0.929727054859,0.00172085110392
0.00276067509149,0.0976300238196,0.00727124966207,0.892338051427
0.132412857162,0.112767603463,0.563632045548,0.191187493827
0.359652071379,0.0906635049458,0.100471155308,0.449213268366
0.0466301482666,0.0160476087596,0.810237569472,0.127084673502
0.0504337800728,0.0053828771947,0.685001723956,0.259181618776
0.612780422658,0.00553899317302,0.266725340676,0.114955243493
0.0962232204257,0.734543238376,0.00174915023779,0.167484390961
0.275329518715,0.054829772677,0.150046193819,0.519794514789
0.149663655211,0.309744383826,0.333474353244,0.207117607719