0.0123510541349,0.568843138812,0.334815601306,0.0839902057468
0.0423257800639,0.0327144165745,0.24754200691,0.677417796452
0.0297894947699,0.334910038923,0.137177193188,0.49812327312
0.41737183411,0.180680077148,0.118820958326,0.283127130416
0.441057678815,0.539159710242,0.000548716479908,0.0192338944631
0.0531382689402,0.613412578656,0.0614344553097,0.272014697094
0.757220351977,0.013626833114,0.00317246723548,0.225980347673
0.270584419471,0.0849771735342,0.50970565801,0.134732748984
0.00369586723253,0.990287226656,0.000598093228741,0.00541881288305
0.00553956240069,0.680456715516,0.294908363469,0.0190953586149
0.545744824906,0.0599652099581,0.373278580732,0.0210113844044
0.0542817674912,0.0785321536571,0.854054740015,0.0131313388364
0.0138370734715,0.274032337056,0.0234964948631,0.688634094609
0.293027612757,0.105564450607,0.122224338403,0.479183598233
0.714223633779,0.140576215003,0.099178608819,0.046021542399
0.0966123339985,0.00680309066511,0.0190416351111,0.877542940225
0.0109113365769,0.0897342892772,0.665651347187,0.233703026958
0.0993233560583,0.527282479448,0.231209883277,0.142184281216
0.0692889446702,0.161920280579,0.756770379837,0.0120203949131
0.186763186611,0.00584749563352,0.481016177809,0.326373139947
0.530598198163,0.216927360071,0.0466198362176,0.205854605549
0.22837376565,0.411888279053,0.123337492773,0.236400462523
0.000265123408345,0.039638760504,0.0722637021332,0.887832413954
0.0250366941267,0.0827422363454,0.24127792358,0.650943145947
0.0240671727786,0.762203185605,0.123535540982,0.0901941006347
0.371670017102,0.186016604173,0.183104935766,0.259208442959
0.194773489977,0.176337515724,0.408891182217,0.219997812082
0.953784351514,0.0233719284857,0.00186253356093,0.0209811864389
0.0433920488948,0.504532565192,0.383294258723,0.0687811271901
0.658881782399,0.0281217408314,0.0346108379442,0.278385638825
0.00861701966504,0.0465771068076,0.939960020997,0.00484585253047
0.838355285238,0.108564668255,0.0114583194551,0.0416217270521
0.167628898979,0.00257968080872,0.252025984016,0.577765436196
0.0671694487214,0.494194739248,0.362143724404,0.0764920876264
0.929335924138,0.0401008926958,0.0189130966574,0.0116500865089
0.688568546568,0.223366035636,0.0771737820064,0.0108916357891
0.0238246349307,0.00292354892312,0.0163090935818,0.956942722564
0.563948660451,0.342910181971,0.0459320363387,0.047209121239
0.216396490316,0.220590091922,0.0891433654579,0.473870052304
0.573698148248,0.0675493960627,0.288392160056,0.0703602956339
0.214463262032,0.482350086729,0.301817737511,0.00136891372845
0.415619933349,0.0862134917789,0.071897671591,0.426268903281
0.00213002953471,0.511753671661,0.424370868924,0.061745429881
0.152095474768,0.0436691057103,0.150826428511,0.653408991011
0.00277107717481,0.201220213734,0.695556222864,0.100452486228
0.222190574034,0.199160127241,0.56188526441,0.0167640343151
0.583286158983,0.182181079292,0.213385941221,0.0211468205035
0.304248278837,0.206114214047,0.313460782936,0.17617672418
0.0567166502822,0.720466499167,0.126599602884,0.0962172476671
0.175032427156,0.0967933993584,0.0992217246289,0.628952448857
0.142862635121,0.647010978488,0.0828780242661,0.127248362125
0.170059929355,0.17580659804,0.0494724816462,0.604660990959
0.792998194408,0.00877976875686,0.00940338574492,0.188818651091
0.117460980891,0.00577134807965,0.372775663715,0.503992007314
0.889301309275,0.00713366726408,0.0952914036491,0.00827361981191
0.135452486231,0.0485899961389,0.775196896472,0.0407606211579
0.170133591155,0.512349740941,0.308063890988,0.00945277691476
0.360324963183,0.114797420072,0.442210155792,0.0826674609528
0.758203789374,0.128797808331,0.0584752660426,0.0545231362525
0.891521192991,0.0252544609322,0.0532564361844,0.0299679098924
0.144032041547,0.175140874978,0.354489451144,0.326337632332
0.0118308669579,0.0287547121435,0.18773036783,0.771684053068
0.250264741183,0.0225345101654,0.194576277035,0.532624471617
0.0340679928142,0.487982613518,0.00534771196099,0.472601681707
0.0850949929272,0.773339636709,0.000617265908994,0.140948104454
0.0309138057193,0.0521601594689,0.755312698432,0.16161333638
0.835654291899,0.129459166365,0.0345416064446,0.000344935291324
0.324766706578,0.0293833116226,0.00724722731223,0.638602754487
0.141341890252,0.206510762655,0.40914684737,0.243000499723
0.292105113995,0.0826928778103,0.231677476287,0.393524531907
0.251723144532,0.00477668340412,0.313133519697,0.430366652367
0.184683940043,0.261034599026,0.413481621881,0.140799839051
0.050287176607,0.152511484474,0.66261054595,0.13459079297
0.195160896106,0.0355119519547,0.741328189872,0.0279989620672
0.118481902212,0.336164860759,0.218053186762,0.327300050268
0.0545860620868,0.00041512471042,0.000141685192496,0.94485712801
0.01070727512,0.000378605359382,0.0277868935958,0.961127225925
0.432613533295,0.356812359906,0.0781485943915,0.132425512407
0.0495037556344,0.502361325803,0.376293778168,0.0718411403945
0.0054984055945,0.0144092196023,0.978785785593,0.00130658920984
0.164576993817,0.204500427765,0.40397065658,0.226951921838
0.0534755150823,0.572996465317,0.222139725849,0.151388293751
0.0742947548852,0.00667047280752,0.0186521782137,0.900382594094
0.131780454969,0.121502836972,0.72999287011,0.0167238379487
0.755023904737,0.0637475388568,0.0330514863859,0.14817707002
0.487781251623,0.0492813626279,0.436989258926,0.0259481268228
0.0221020420883,0.0778242215975,0.078650223922,0.821423512392
0.4427107208,0.522463077035,0.0310377454469,0.00378845671733
0.627491079858,0.00395638371767,0.0382201587195,0.330332377705
0.180285679586,0.0654413959021,0.00953817963883,0.744734744873
0.193099110372,0.641943098175,0.0974721362745,0.0674856551787
0.327007840831,0.307415905205,0.228515487274,0.13706076669
0.547641369627,0.0759114619054,0.322239500959,0.0542076675087
0.189044138462,0.268446269844,0.507809094254,0.0347004974404
0.0809179927227,0.610930025576,0.0813263561903,0.226825625511
0.25606368514,0.665459585323,0.0281305159271,0.0503462136105
0.203331358335,0.218176113916,0.506770606607,0.0717219211421
0.179821675434,0.0359743350923,0.706665253282,0.0775387361922
0.388174787984,0.52882073723,0.0489832584259,0.0340212163604
0.0916455059415,0.816782886581,0.0309969152653,0.0605746922124
0.0456043578083,0.050504973794,0.318722551209,0.585168117189
0.151565356396,0.0829158732643,0.491602110819,0.273916659521
0.163061435823,0.165320052744,0.241530317775,0.430088193659
0.24755273059,0.594728701493,0.0490288929234,0.108689674994
0.204218482098,0.439212101442,0.197957544582,0.158611871878
0.00800655470611,0.304247561772,0.215139552155,0.472606331367
0.366925049612,0.153656622844,0.276313110526,0.203105217018
0.287628124956,0.381504987582,0.310459128916,0.0204077585454
0.287826005499,0.227837108623,0.207119026708,0.277217859169
0.675155942185,0.0108035279585,0.286220998178,0.0278195316787
0.0228414231852,0.566713839371,0.00548925335568,0.404955484088
0.00444117736551,0.0893039127252,0.116939995453,0.789314914456
0.0711976786151,0.0199862844489,0.120971050859,0.787844986077
0.946524525911,0.0145569633615,0.0264980010806,0.0124205096472
0.0228787180277,0.508541578765,0.177011119012,0.291568584196
0.0162630538404,0.129017132668,0.820843741849,0.0338760716436
0.662733990094,0.0839286038884,0.216622483363,0.0367149226548
0.202670664436,0.245743822361,0.541350543741,0.0102349694622
0.0175373624541,0.599895776203,0.323620821267,0.058946040076
0.186283637654,0.424240373703,0.020406329466,0.369069659176
0.393963803454,0.147239962086,0.241670997939,0.217125236521
0.045223523363,0.216561018403,0.40111289243,0.337102565804
0.444882264522,0.198678910693,0.131882812133,0.224556012652
0.22880702367,0.332486510039,0.126076985853,0.312629480438
0.0970866373709,0.597116593104,0.277561448526,0.0282353209989
0.43631592372,0.509577538921,0.0308623619963,0.0232441753623
0.0566890807095,0.150526869401,0.623102120106,0.169681929784
0.102477827585,0.0856049498996,0.189415714377,0.622501508139
0.690945550143,0.0341815800988,0.0874737796153,0.187399090143
0.0472894013676,0.124443319085,0.481613130274,0.346654149273
0.113325944624,0.671764563977,0.0811041255594,0.133805365839
0.00933791168635,0.061755574616,0.00444439429666,0.924462119401
0.615599574682,0.277561406209,0.055340548393,0.0514984707167
0.456280522998,0.40113131529,0.134334745832,0.00825341588012
0.0484554771824,0.0868213571088,0.278734587242,0.585988578467
0.643333871321,0.291527309743,0.0258948648006,0.0392439541356
0.233507740279,0.387047420034,0.0602418720875,0.3192029676
0.0427015892955,0.417223468289,0.369354316863,0.170720625553
0.213633170333,0.263850846178,0.47086033172,0.0516556517691
0.00496826712168,0.0692137609805,0.0641473832553,0.861670588643
0.518560725002,0.0217713281194,0.42079108728,0.0388768595989
0.290502946796,0.0221042788157,0.0927311871081,0.59466158728
0.0341384356855,0.40340056167,0.111149190623,0.451311812021
0.108906483739,0.00220777833571,0.830934682435,0.0579510554901
0.221127503775,0.00582232112125,0.0139887292076,0.759061445896
0.246117336958,0.500935350522,0.120443848005,0.132503464515
0.484982342519,0.0849458714537,0.196329772482,0.233742013545
0.0583772966384,0.572756453203,0.0932010326838,0.275665217475
0.305411660828,0.559034383417,0.0739670814829,0.061586874273
0.0812045880023,0.550571712751,0.0783613970719,0.289862302174
0.0124714629441,0.828588105242,0.125399036468,0.0335413953458
0.237058868804,0.304474050556,0.340794543688,0.117672536951
0.314077770733,0.267172703338,0.237353189474,0.181396336455
0.00337971464214,0.455775642664,0.389140521039,0.151704121655
0.203971832067,0.257678269423,0.203556009755,0.334793888754
0.0837202227955,0.345027898626,0.041422351164,0.529829527414
0.053204776281,0.00309464147613,0.792987939505,0.150712642738
0.0251004370966,0.641972321065,0.31943711211,0.0134901297282
0.00550100925719,0.123718779237,0.864446402456,0.00633380904939
0.00303555807124,0.971410872549,0.00628602343846,0.0192675459417
0.114224251467,0.000279304840672,0.874357418303,0.0111390253894
0.0986591349176,0.308658227039,0.198184645201,0.394497992842
0.107864938703,0.521630581473,0.351808434073,0.018696045751
0.00141044281205,0.747537147855,0.22995417834,0.0210982309931
0.0727117188003,0.156588687643,0.539531980884,0.231167612673
0.550436215861,0.287699833291,0.148850024608,0.0130139262391
0.641329765894,0.000483383434973,0.329674853298,0.028511997373
0.0240590966924,0.0997791846614,0.061952505379,0.814209213267
0.0344472792545,0.678542052867,0.00809129476773,0.278919373111
0.0476159622603,0.0891119857035,0.856034887395,0.00723716464099
0.334823069681,0.278646714934,0.142372069481,0.244158145904
0.242722641242,0.00628833291541,0.528593747208,0.222395278635
0.191559836292,0.249817230656,0.182885962601,0.37573697045
0.0692182268842,0.367695831489,0.515680515808,0.0474054258186
0.0684763859739,0.306206357983,0.414382299918,0.210934956125
0.12667054924,0.00743852860696,0.728859055729,0.137031866423
0.41129153905,0.174975268037,0.383879802809,0.0298533901043
0.331811832779,0.077871454786,0.44550167254,0.144815039895
0.283534990124,0.157917231089,0.23896395874,0.319583820047
0.0979587381151,0.140550603479,0.718817143896,0.0426735145096
0.564008991835,0.400185558336,0.00103654849207,0.0347689013366
0.760802468675,0.0147136457917,0.128887737657,0.0955961478764
0.12095155286,0.564017905822,0.163132035474,0.151898505844
0.274755679529,0.207438721667,0.390577859441,0.127227739363
0.00717183547102,0.0180979215169,0.393843641824,0.580886601188
0.0477956831255,0.000504277189783,0.788679360824,0.163020678861
0.0879276585414,0.0388671281156,0.87222919479,0.000976018552632
0.0274348016704,0.0137319824773,0.0906435753223,0.86818964053
0.0288032445075,0.730285773232,0.0175675537402,0.22334342852
0.280338374978,0.179284828702,0.120646411074,0.419730385247
0.00748425524122,0.0228067032391,0.00705305669826,0.962655984821
0.130253937875,0.0421638941151,0.811410729743,0.0161714382667
0.529400948799,0.10828283663,0.274984212847,0.0873320017237
0.361606551846,0.229494648241,0.131324538899,0.277574261014
0.00820423193061,0.0475499021048,0.735582830001,0.208663035964
0.96739108047,0.000679830028519,0.00276578739692,0.0291633021045
0.484330314405,0.395575056126,0.0558051312727,0.0642894981956
0.019433387427,0.605435966753,0.328297049739,0.0468335960808
0.107076690812,0.0310308002475,0.0317490410324,0.830143467908
0.129228163631,0.0591798478943,0.329502929605,0.48208905887