0.000168465811284,0.80415348545,0.0208154164188,0.17486263232
0.0965848617784,0.243958322269,0.23138112053,0.428075695423
0.154879133989,0.634240792826,0.182248504377,0.0286315688078
0.210943509945,0.453973835118,0.037342205132,0.297740449805
0.00660343886158,0.53333641411,0.388082991114,0.0719771559141
0.266917472821,0.132268033441,0.211907023259,0.38890747048
0.211527547993,0.550072590584,0.154047902266,0.0843519591567
0.0790932833656,0.690574730173,0.0115199363662,0.218812050095
0.224395917624,0.677262444879,0.0467780769928,0.0515635605046
0.671828759326,0.0151077853105,0.282444121273,0.0306193340896
0.145511574983,0.349519846837,0.421414205189,0.0835543729912
0.0228353466955,0.040962718038,0.906142861794,0.0300590734729
0.0290482797207,0.0693926628723,0.116329794047,0.78522926336
0.309390291816,0.199765048852,0.406868656012,0.0839760033211
0.169611459201,0.186398516139,0.346907050204,0.297082974455
0.242765043952,0.196914377371,0.0294112189895,0.530909359688
0.164640471483,0.109480955641,0.489556488073,0.236322084803
0.0837437233147,0.138979998847,0.386123093185,0.391153184654
0.0709181970162,0.0101128961496,0.620073684047,0.298895222787
0.188234664035,0.301666002738,0.451033166333,0.0590661668934
0.0212211996381,0.69965808982,0.164486355454,0.114634355088
0.0759922091929,0.00572252234542,0.791572847067,0.126712421394
0.0478125190909,0.00499365717591,0.0417334312057,0.905460392527
0.747006952986,0.0013088421947,0.172573943704,0.0791102611151
0.0646989769199,0.0527013312585,0.0992027147968,0.783396977025
0.00937861741471,0.036964640836,0.717367003268,0.236289738481
0.0194262035842,0.0255132653916,0.933213223266,0.0218473077584
0.0951081642308,0.00518478792493,0.897317777442,0.00238927040262
0.0413221611934,0.180497259694,0.091230666137,0.686949912975
0.0519235646108,0.0482598075201,0.846577006737,0.0532396211325
0.458067057514,0.0165836561034,0.0510423963183,0.474306890065
0.247550482751,0.640905841971,0.0374271463596,0.0741165289188
0.168211103176,0.643801581748,0.0350451835623,0.152942131513
0.00925356241186,0.882591943205,0.103771734248,0.00438276013537
0.0152526256632,0.070435966675,0.900626835475,0.013684572187
0.252129879058,0.166280996204,0.488810842833,0.0927782819051
0.119440396295,0.334727026779,0.508213559194,0.0376190177327
0.0251418993562,0.099324390538,0.871393753892,0.00413995621342
0.070126623746,0.764414198655,0.0447730595449,0.120686118054
0.131971555229,0.223353058842,0.204764840101,0.439910545828
0.0396549574805,0.682450677311,0.274780326038,0.00311403917021
0.0698161172889,0.0302159673638,0.00438420443041,0.895583710917
0.00142690300325,0.00335417328072,0.987888821769,0.00733010194664
0.514470140631,0.10679776795,0.0901031668986,0.28862892452
0.0472409927916,0.525384616459,0.101379679185,0.325994711564
0.343680382192,0.163732147394,0.4888999118,0.0036875586141
0.560320281398,0.0627638837408,0.0489849720157,0.327930862845
0.0232021966831,0.591652454646,0.312333341681,0.07281200699
0.00384635606263,0.0610828946889,0.116501794137,0.818568955112
0.129034817154,0.0138469654983,0.152465099994,0.704653117354
0.3112765638,0.322226435027,0.0774338606843,0.289063140489
0.580436243279,0.344584277016,0.0574409186657,0.0175385610399
0.0793287512878,0.0467873506602,0.705656309921,0.168227588131
0.236952973625,0.558151337654,0.0622158950777,0.142679793644
0.0767920449187,0.509043949421,0.0160809358257,0.398083069835
0.426862633197,0.407756976923,0.0100254158272,0.155354974053
0.933093863967,0.0068610485659,0.0579577641005,0.00208732336654
0.187809211152,0.376462666113,0.32169360173,0.114034521005
0.619330628134,0.137213887591,0.104829850888,0.138625633388
0.380863238337,0.151973962235,0.110481838901,0.356680960527
0.016917246131,0.179449054311,0.175936085353,0.627697614205
0.0195821280323,0.741152512829,0.0474278337683,0.191837525371
0.421865343771,0.168082472637,0.211023607408,0.199028576185
0.333005972598,0.505984032311,0.066923344764,0.0940866503273
0.262403445876,0.153981615052,0.0122291359026,0.571385803169
0.184249850649,0.0250949577959,0.000805262900901,0.789849928654
0.172649756545,0.583863183542,0.0390901869251,0.204396872988
0.0596476760062,0.0844106048758,0.256435547057,0.599506172061
0.00312734598426,0.00183930282956,0.00156511557505,0.993468235611
0.0535386715641,0.0360377586613,0.791213558436,0.119210011338
0.179468879391,0.392172123104,0.284361031737,0.143997965769
0.65903528549,0.278978634265,0.0040992728923,0.0578868073533
0.00160572163889,0.0932746522306,0.903222794034,0.00189683209619
0.280482496513,0.34549505499,0.311464020568,0.0625584279288
0.0463561053714,0.262998467007,0.145080075241,0.545565352381
0.334279657581,0.263084493336,0.383137162017,0.0194986870662
0.753402319637,0.237911940212,0.00547899155186,0.00320674859921
0.483153076041,0.0166860897932,0.174774656963,0.325386177203
0.00487250768153,0.00565186835685,0.360952347395,0.628523276567
0.129278245295,0.422884599472,0.118100093353,0.329737061879
0.719163029318,0.0464330215107,0.219334496006,0.0150694531653
0.00129892996618,0.110882525198,0.881142415219,0.00667612961718
0.110446125506,0.281930703023,0.518676514719,0.0889466567521
0.246693068509,0.39201511009,0.327652609846,0.033639211554
0.544468659056,0.380039053483,0.0553938904418,0.0200983970192
0.586112016962,0.0113392702578,0.324741521672,0.0778071911091
0.287120964913,0.0407097948369,0.0970561887163,0.575113051534
0.214690683049,0.382408336034,0.391741943894,0.0111590370228
0.134154663789,0.0261676623837,0.610102871773,0.229574802054
0.0606025079217,0.0240326293101,0.0500989888705,0.865265873898
0.100872755807,0.52044513674,0.304693055962,0.0739890514907
0.122330055198,0.052648912937,0.482515341343,0.342505690522
0.270901651167,0.624673725796,0.0213804547736,0.0830441682627
0.0694485003435,0.0622563475342,0.661462511444,0.206832640678
0.236180965399,0.0850616989533,0.481080208148,0.197677127499
0.0309289647313,0.898979055655,0.0700306126697,6.13669436068e-05
0.0783219924483,0.800261212615,0.0746025874366,0.0468142074998
0.261213805943,0.338482887482,0.368574324303,0.0317289822719
0.825807419281,0.0212569212845,0.0083458779707,0.144589781463
0.0644211113582,0.0237483835291,0.475948289597,0.435882215516
0.244495362017,0.0435430845279,0.0175603318226,0.694401221633
0.00890622837941,0.0983438179393,0.0218375107446,0.870912442937
0.545405574813,0.411334316777,0.0314180833048,0.0118420251047
0.289827350023,0.160287862946,0.204068090558,0.345816696474
0.0169515195633,0.136260965418,0.0425135668403,0.804273948179
0.106236044485,0.477018322148,0.364699014775,0.0520466185919
0.325773728295,0.378640249851,0.0772935278221,0.218292494032
0.202753936117,0.627068302748,0.105004497249,0.0651732638863
0.103935242462,0.0840563130645,0.6814927871,0.130515657374
0.350965980131,0.135770262683,0.225257776363,0.288005980823
0.267413178444,0.00523792435274,0.636655070356,0.0906938268472
0.710821561365,0.0506272624546,0.21562854738,0.0229226288004
0.028338265027,0.75125464152,0.210972664573,0.0094344288802
0.614722217611,0.00432080481857,0.21749041906,0.16346655851
0.0234483657711,0.128585194099,0.771656794073,0.0763096460568
0.273972120916,0.00483985082222,0.0185944866643,0.702593541597
0.0132204384647,0.932321696195,0.0460227848319,0.0084350805089
0.0155942042498,0.0779108376147,0.104285272006,0.802209686129
0.173954282094,0.616143477544,0.163121274806,0.0467809655559
0.261387228745,0.000662885303336,0.737059166502,0.000890719449983
0.383275539845,0.114782824976,0.281602546641,0.220339088539
0.0546652796597,0.101378371075,0.633258080407,0.210698268858
0.69993117729,0.0966748897299,0.014568897392,0.188825035588
0.19116951852,0.41828395195,0.0379491333361,0.352597396194
0.552644560135,0.0659115240226,0.356852865027,0.0245910508158
0.281378944947,0.362373360769,0.293525115937,0.062722578346
0.0199254240968,0.351949127202,0.250025317387,0.378100131315
0.242614913823,0.204062641379,0.338084046993,0.215238397806
0.328206434558,0.142522577591,0.348269905506,0.181001082346
0.273964196508,0.150542536367,0.283521613987,0.291971653138
0.564896545327,0.187741635308,0.116345779634,0.131016039732
0.168135748479,0.0330764892609,0.675279022235,0.123508740026
0.00607457608594,0.0680448471257,0.484587078732,0.441293498057
0.645754123707,0.0526910776434,0.193141295666,0.108413502984
0.000918087128276,0.325556101892,0.67019370996,0.00333210101978
0.32799436219,0.19004012556,0.319229443088,0.162736069161
0.409918555399,0.00553419107861,0.0146746704733,0.569872583049
0.673055035337,0.0256992438084,0.0477814670897,0.253464253765
0.18248928689,0.344927860219,0.0988209454784,0.373761907412
0.00560861949237,0.0747764319284,0.0594020720073,0.860212876572
0.11919183501,0.00483648709191,0.756321860168,0.119649817729
0.0712710556216,0.802846930028,0.0470166387213,0.0788653756293
0.941406075378,0.00200228083177,0.000156651478455,0.056434992312
0.0412903452595,0.0719027627975,0.0898560771194,0.796950814824
0.0213901083989,0.0596178476712,0.665652183845,0.253339860085
0.0935441077244,0.17747200198,0.0838146092834,0.645169281012
0.0611240637152,0.00423720491772,0.693104594307,0.24153413706
0.122888409317,0.506726439298,0.152121807557,0.218263343828
0.043601087364,0.0819619427853,0.839808147858,0.0346288219931
0.161978406889,0.802031078017,0.0219181972838,0.0140723178096
0.0322158904073,0.656703000735,0.0845584070498,0.226522701807
0.060458143179,0.559426884667,0.118872620446,0.261242351708
0.0229961888258,0.0100400034653,0.915280135202,0.0516836725069
0.0179058303751,0.625228261754,0.310700965074,0.0461649427964
0.18109071392,0.149383319813,0.640113554079,0.0294124121876
0.261232890603,0.0909345714797,0.365646514016,0.282186023902
0.177211629416,0.040478638388,0.00201083495929,0.780298897237
0.772821998014,0.00299077501012,0.179597106292,0.0445901206838
0.291212876623,0.101293155748,0.416960252006,0.190533715622
0.00162509081133,0.458814143577,0.0150179736883,0.524542791924
0.615663888145,0.344244395569,0.0288931501103,0.0111985661756
0.306132572027,0.430323735717,0.173684345124,0.0898593471318
0.387311747185,0.00133059958948,0.03376578516,0.577591868065
0.417921848711,0.152268032474,0.133654807249,0.296155311566
0.10717543831,0.0663579923249,0.392429090045,0.43403747932
0.00330908913157,0.221935559371,0.642486400752,0.132268950745
0.286400365885,0.363147458617,0.194953883583,0.155498291914
0.529931757672,0.0936002231265,0.209098688597,0.167369330605
0.00833477482412,0.0490782880432,0.904236654822,0.0383502823108
0.280798286776,0.473407519911,0.0507084357245,0.195085757588
0.00258114842854,0.00539599545851,0.0269889857268,0.965033870386
0.425938476697,0.402057803704,0.0402122394909,0.131791480108
0.0986241526575,0.146893291758,0.632530890802,0.121951664783
0.00655414759178,0.989463490575,0.000651840798687,0.00333052103457
0.521580988777,0.0291535697094,0.246021015585,0.203244425928
0.0110970914213,0.169876640167,0.718005773744,0.101020494668
0.0293864835398,0.010072609344,0.932492495087,0.0280484120296
0.96583366017,0.00192463499625,0.0126807586776,0.0195609461564
0.0101744175985,0.305849491489,0.629060060279,0.0549160306337
0.0169311655351,0.31294661056,0.13004355209,0.540078671815
0.101176562964,0.772474300096,0.108782497104,0.0175666398366
0.429461330751,0.237364092051,0.0910852533947,0.242089323803
0.00409835582747,0.451183531756,0.461129172821,0.0835889395953
0.0839757418934,0.129951027984,0.651146628871,0.134926601251
0.149640914999,0.302725174878,0.424862614634,0.122771295489
0.0491030859484,0.0953700617028,0.690244289291,0.165282563057
0.267912820883,0.320620961168,0.276550645651,0.134915572299
0.0487526725761,0.0296183879947,0.894465034865,0.0271639045638
0.410441156574,0.377011018326,0.136712739687,0.0758350854131
0.419009455758,0.225880307115,0.107370121184,0.247740115943
0.103561517278,0.211183046655,0.625606517347,0.0596489187204
0.181962504553,0.794051926299,0.00202418300169,0.0219613861466
0.0863306945171,0.00920702070052,0.339264806213,0.565197478569
0.660318830217,0.102379539544,0.170231328829,0.0670703014091
0.00151354773114,0.034464993335,0.948849454391,0.0151720045425
0.50075638686,0.147341467996,0.0334343254845,0.31846781966
0.0261115010487,0.00830680410973,0.959969019619,0.00561267522215
0.476686796029,0.0898909080258,0.248167596272,0.185254699673
0.554424546392,0.0414579738183,0.350629498251,0.0534879815392
0.0510677050492,0.160561930375,0.323175138262,0.465195226313