0.0758205301302,0.221257976915,0.449006504079,0.253914988875
0.756666008249,0.16686458822,0.0177816499369,0.0586877535943
0.00655885188598,0.596347711789,0.3648090712,0.0322843651249
0.314358935885,0.524594935009,0.0415339967677,0.119512132338
0.123229085614,0.0998037226692,0.772159375654,0.0048078160625
0.0047647835724,0.175136398413,0.383300325608,0.436798492406
0.127470128964,0.126374447266,0.66858341259,0.0775720111801
0.463149320195,0.2037745391,0.243622255662,0.0894538850436
0.58825098084,0.217936541746,0.112218290874,0.0815941865394
0.648458420721,0.0996864885167,0.179901924223,0.0719531665385
0.326313972163,0.279927386749,0.182368631981,0.211390009106
0.10295763192,0.0443607737675,0.361900874167,0.490780720146
0.663812723674,0.21102865407,0.0519379061819,0.0732207160749
0.00235553779933,0.165581227277,0.831889732584,0.000173502339728
0.0623278547358,0.176556534426,0.481594364163,0.279521246675
0.884862293151,0.105617874503,0.00780609383369,0.00171373851231
0.139476472812,0.0547492486134,0.598048329949,0.207725948626
0.609935183734,0.0436661509379,0.0863527649242,0.260045900403
0.129442023792,0.140501757401,0.479813028289,0.250243190518
0.022212522707,0.794645196006,0.168542274162,0.0146000071252
0.378521298511,0.123346523366,0.45171645931,0.0464157188136
0.556925796736,0.329102393625,0.023336998195,0.0906348114439
0.378448845514,0.104417297701,0.170286701498,0.346847155286
0.246940863253,0.0272403776508,0.284894246206,0.44092451289
0.202838093949,0.0638620983009,0.682014227896,0.0512855798538
0.143936771069,0.216569716112,0.379046766738,0.26044674608
0.137002089713,0.471165881524,0.323594488826,0.0682375399373
0.0554732411606,0.630962884772,0.0211823618916,0.292381512176
0.00839773352647,0.0042327039127,0.986671990617,0.000697571944124
0.078806438579,0.127761008569,0.528738476319,0.264694076533
0.754515017439,0.00785553307743,0.196144346863,0.0414851026201
0.145511735148,0.122984453312,0.65894186412,0.0725619474194
0.533836849125,0.0635538805645,0.1405291068,0.262080163511
0.096463785891,0.315846212892,0.480313730002,0.107376271216
0.160938912085,0.216078485048,0.450388413362,0.172594189506
0.195495901137,0.336092576745,0.224012583576,0.244398938541
0.448551520851,0.0828042190921,0.294960492959,0.173683767099
0.0433432901241,0.168633856234,0.171506314231,0.616516539411
0.555790040136,0.0826989296328,0.136203355792,0.225307674439
0.442020638641,0.086083569466,0.204200790632,0.267695001261
0.22851530329,0.469183913495,0.227902036009,0.074398747206
0.854483167728,0.1078309648,0.0148932584789,0.0227926089925
0.0340246820169,0.328923498525,0.635249272495,0.00180254696315
0.600502418819,0.104171077825,0.0229410939072,0.272385409449
0.00686359234071,0.547160773413,0.246250700885,0.199724933361
0.332792898149,0.0306487675938,0.358479371657,0.2780789626
0.091027376752,0.228505097897,0.145821267395,0.534646257956
0.188617264644,0.00313929386916,0.397436142852,0.410807298635
0.240530590958,0.0917355179612,0.430334847798,0.237399043283
0.0160204562003,0.0637289070844,0.0140101025396,0.906240534176
0.181756360423,0.0124141195754,0.803197902373,0.00263161762819
0.111423939754,0.165679807661,0.259306889913,0.463589362673
0.761585311812,0.0252322408899,0.00518879318762,0.207993654111
0.0688056664992,0.0397641650276,0.827845776122,0.063584392351
0.939024624848,0.0538457019558,0.00056939091165,0.0065602822841
0.341312568062,0.0185193326051,0.0416212561731,0.59854684316
0.245741013778,0.30909220765,0.307970627777,0.137196150795
0.406676215598,0.306505683084,0.0397364139838,0.247081687334
0.0429145234055,0.700794456058,0.161928430498,0.0943625900381
0.0426915600663,0.344628802134,0.435380732187,0.177298905613
0.00895066657868,0.24827717774,0.68314472981,0.0596274258713
0.236626470972,0.0622681289879,0.377371731169,0.323733668871
0.0330404523765,0.671237525846,0.00359577904785,0.29212624273
0.557415884146,0.340196097585,0.0918635568463,0.0105244614223
0.0932947125902,0.729660076352,0.130604328772,0.0464408822858
0.112246333577,0.207354361292,0.182083371565,0.498315933566
0.235867727423,0.0213471222139,0.320446803652,0.422338346712
0.131893546056,0.804972497053,0.0323857001376,0.0307482567531
0.441428341904,0.523702200965,0.0033422187377,0.0315272383932
0.683309825635,0.104264074683,0.0253137517474,0.187112347935
0.0581463354268,0.0162775937513,0.923706901281,0.00186916954089
0.53118178373,0.124287140211,0.0178740040897,0.326657071969
0.0387770170708,0.874701742735,0.0197898738049,0.0667313663893
0.0743133089413,0.889770443124,0.0151899403783,0.0207263075569
0.241190613116,0.0451495398715,0.317240726865,0.396419120147
0.156050359173,0.383808304753,0.00646430979408,0.45367702628
0.0132957222925,0.43994332741,0.130114203921,0.416646746376
0.0470136826297,0.695664033263,0.067481852034,0.189840432073
0.000187576504066,0.000189740570891,0.994192984596,0.00542969832872
0.0196032742495,0.967160850435,0.0100004956152,0.00323537970007
0.291918998015,0.657839779726,0.00040131000401,0.0498399122554
0.312400653909,0.509266915618,0.142962746616,0.0353696838563
0.242727303993,0.159038572396,0.163087842254,0.435146281357
0.0161689560417,0.768697823999,0.155867013102,0.0592662068571
0.269841112552,0.587323501669,0.05471272147,0.0881226643084
0.443622160346,0.0765458545088,0.00313190455176,0.476700080593
0.0531818043418,0.594576179019,0.202390052989,0.149851963651
0.503617320973,0.355937654562,0.069241996299,0.0712030281657
0.178569786478,0.340186415115,0.0596399071152,0.421603891291
0.21571061331,0.413097195699,0.060932715409,0.310259475582
0.105247238753,0.625928385217,0.0633893566441,0.205435019386
0.0730147168862,0.692507452284,0.0997007968757,0.134777033954
0.139216567423,0.107919333727,0.0733502983284,0.679513800522
0.677195642458,0.0122348254158,0.00353181056232,0.307037721563
0.146178550544,0.125839356599,0.0350065034394,0.692975589417
0.880070459025,0.0415679277498,0.0189614127319,0.0594002004937
0.10920479559,0.259518752472,0.295736507182,0.335539944756
0.219766481037,0.325738298552,0.034582940369,0.419912280042
0.731807926139,0.249422878778,0.011406141936,0.00736305314694
0.258562173554,0.0482055150137,0.309058506845,0.384173804587
0.956259049758,0.00712650830808,0.0220056271732,0.0146088147605
0.214710792604,0.223536492859,0.395113100178,0.16663961436
0.996034952102,0.00122613804251,0.00180239744371,0.000936512411803
0.0203369093256,0.0919004555369,0.766122796991,0.121639838147
0.0133381713791,0.215097410721,0.0629121454569,0.708652272443
0.553004659648,0.123710461944,0.22114457108,0.102140307328
0.25815096243,0.640574710639,0.077249966301,0.0240243606306
0.430361801249,0.0747736896479,0.109389051591,0.385475457511
0.142999930446,0.00926119118102,0.544128689043,0.303610189331
0.114935056671,0.00166649291919,0.847111864111,0.0362865862987
0.0161712865241,8.79269304887e-05,0.000312182078884,0.983428604467
0.226686740188,0.485589955361,0.0562412606731,0.231482043778
0.0583476428036,0.693405295878,0.24804659522,0.000200466098281
0.0192536721201,0.165013513602,0.0473918357921,0.768340978486
0.0465940668258,0.015923143783,0.175731437777,0.761751351614
0.0826631013068,0.456434200839,0.263069962133,0.197832735721
0.106618000378,0.0692180602382,0.162892819898,0.661271119486
0.505619265458,0.047345457378,0.393977102667,0.0530581744971
0.193754048622,0.147116657935,0.0209807923103,0.638148501133
0.800953491681,0.00330324467918,0.161179624598,0.0345636390417
0.000667576991634,0.00188496871895,0.271981324475,0.725466129815
0.0913471705584,0.749802063842,0.00899408117081,0.149856684429
0.0124074064634,0.625211368619,0.312336096721,0.0500451281963
0.807498310319,0.0614054732008,0.127177232344,0.00391898413631
0.00659427320801,0.417921191258,0.555904331712,0.0195802038225
0.66492456472,0.296970477872,0.0163416798147,0.0217632775936
0.0150244633061,0.440876233855,0.0692875526662,0.474811750173
0.365811161325,0.301101022859,0.220351420563,0.112736395253
0.104252328967,0.736874990181,0.0546784518569,0.104194228996
0.000369596151522,0.372971456759,0.464451624351,0.162207322738
0.162601115293,0.309481945053,0.308929357885,0.218987581769
0.39764691409,0.204679285896,0.322570113934,0.0751036860796
0.420367998973,0.473976156833,0.0688116043556,0.036844239838
0.169925403749,0.0399063432996,0.0797692918428,0.710398961109
0.406085044762,0.478944436308,0.00378128255662,0.111189236374
0.585949783829,0.0653920790148,0.0752507900163,0.27340734714
0.939390554894,0.000655150507312,0.0217723891822,0.038181905417
0.255322791954,0.0510021758795,0.042720632885,0.650954399282
0.000106969998788,0.205406744304,5.09313392657e-05,0.794435354358
0.00170581627857,0.305806091909,0.483286118729,0.209201973084
0.0532796968473,0.530353568199,0.0317871432121,0.384579591742
0.19825619012,0.0188849267338,0.599359837651,0.183499045496
0.50040998869,0.00905486878784,0.13152568278,0.359009459742
0.0336282915594,0.127358446867,0.80815656082,0.0308567007539
0.158972936101,0.0464148472495,0.396189656375,0.398422560275
0.307077103223,0.115612142911,0.0901626820137,0.487148071853
0.0186373968726,0.47010991018,0.499155742252,0.0120969506952
0.894303389869,0.0863687327513,0.00724173113315,0.0120861462469
0.119730216839,0.0524055221401,0.224907878221,0.6029563828
9.72458015622e-05,0.957065857237,0.0286464115487,0.0141904854129
0.192157988695,0.123188865953,0.0653029520945,0.619350193257
0.0998424196916,0.599132297775,0.238117615472,0.0629076670615
0.197430018124,0.375925678324,0.420041702228,0.0066026013242
0.00108783238103,0.107209315816,0.0003854604818,0.891317391322
0.463588534345,0.526304116608,0.0080151971534,0.00209215189351
0.041408805146,0.418620812288,0.385197367219,0.154773015347
0.114381184391,0.184274456707,0.506295664412,0.195048694489
0.321214813911,0.0116626472481,0.65956036374,0.00756217510042
0.0778030803336,0.025005339195,0.00808120807893,0.889110372392
0.382983943428,0.179841709093,0.129962085086,0.307212262393
0.471957963756,0.0532724024451,0.148211369027,0.326558264772
0.175198693708,0.656101674163,0.0250451492485,0.143654482881
0.0850403589619,0.034754506404,0.692236237986,0.187968896648
0.0238290058429,0.00978552664018,0.0646953637281,0.901690103789
0.0329145215305,0.3228056008,0.57869048819,0.06558938948
0.328515767725,0.0749180355375,0.57025064253,0.0263155542076
0.258012158097,0.0608023169257,0.0748711345346,0.606314390443
0.454087556765,0.060315210445,0.264520307447,0.221076925343
0.0550784186109,0.712071817998,0.219870610312,0.0129791530795
0.204318529281,0.610135579,0.0692934855864,0.116252406132
0.45422921254,0.36800062566,0.120390763707,0.0573793980918
0.0501267221862,0.404543272286,0.529559317103,0.0157706884243
0.0142885226741,0.658094109808,0.0453211581316,0.282296209387
0.0750045663878,0.526323445181,0.307802334136,0.0908696542955
0.0191338286699,0.0884611093249,0.789837264656,0.102567797349
0.469518845976,0.150435787007,0.145017854001,0.235027513016
0.207146881249,0.171373942848,0.30043406521,0.321045110693
0.116571094565,0.201106649216,0.629065065463,0.0532571907552
0.776415677883,0.0692632122296,0.0675609670886,0.0867601427987
0.230809286306,0.0100897748695,0.664280809941,0.0948201288837
0.294033405347,0.400457498746,0.0309011707397,0.274607925167
0.161938394331,0.0978411224835,0.584266378475,0.155954104711
0.446127468414,0.536927352905,0.0104977027755,0.00644747590535
0.381189300319,0.355170163011,0.05166689981,0.211973636861
0.344260233699,0.435173201978,0.112235897688,0.108330666635
0.26874244619,0.100438803043,0.576291972176,0.0545267785904
0.375763637056,0.0267294983902,0.0324472474354,0.565059617119
0.793863039249,0.0764489521222,0.127737457006,0.00195055162326
0.955435516023,0.0157424205407,0.00522487789128,0.0235971855446
0.0150634135481,0.00744354572737,0.507837881888,0.469655158836
0.0102559928994,0.0772043682521,0.903423860131,0.00911577871788
0.803228317708,0.0281989565475,0.125020277958,0.0435524477865
0.154726542681,0.0712340930628,0.0361279924383,0.737911371818
0.654683289973,0.0265177905241,0.0649976879821,0.253801231521
0.00337846933217,0.266344232931,0.721467084059,0.00881021367732
0.00445394459572,0.738033517542,0.256483036655,0.00102950120815
0.219104045218,0.687504630819,0.0572224607873,0.0361688631765
0.00816446786935,0.804698101718,0.0878412953192,0.0992961350933
0.507012216931,0.428293799402,0.0110705108608,0.0536234728065
0.00434365688167,0.0128768350895,0.980135237526,0.0026442705028