0.00144010517604,0.0618309611913,0.936397551101,0.000331382531802
0.2150551122,0.196774242284,0.474887234137,0.113283411379
0.146601377525,0.307500586332,0.503544990379,0.0423530457643
0.151448728243,0.0761141608796,0.278529100148,0.493908010729
0.0317631802345,0.102714829699,0.0761527472819,0.789369242784
0.653085773819,0.24532045283,0.049449786641,0.0521439867106
0.0952638594313,0.0637101234061,0.840374511302,0.000651505860645
0.00207638657509,0.0661596379583,0.0115520889302,0.920211886536
0.00338879137675,0.893021262104,0.0107953227727,0.0927946237465
0.541466203868,0.207339858081,0.0691958376724,0.181998100379
0.116373159125,0.391208155074,0.00988794135286,0.482530744448
0.806370416242,0.0650230192201,0.0467247010951,0.0818818634432
0.00661581306304,0.0858136680697,0.0259639536501,0.881606565217
0.0188973270348,0.00154724236064,0.138787124359,0.840768306245
0.455796459188,0.13968082578,0.0135608606499,0.390961854382
0.0258569914055,0.808298174072,0.0958443684084,0.0700004661145
0.346511754335,0.596508974465,0.00750191152558,0.0494773596749
0.0417407447656,0.685098485599,0.256468396669,0.0166923729664
0.00620708717338,0.0912646224398,0.209931552094,0.692596738293
0.0736414779174,0.0328085180355,0.885860208676,0.00768979537098
0.838596346871,0.149287446518,0.00111834897344,0.0109978576377
0.00588210987289,0.00214266235366,0.989869058213,0.00210616956017
0.0631158791751,0.0908876903373,0.0166621153215,0.829334315166
0.157754071495,0.0905554723258,0.332176754424,0.419513701755
0.0918588682893,0.209343436658,0.103300808161,0.595496886892
0.000339662247217,0.179413598479,0.00037057932555,0.819876159948
0.571669704595,0.0411749945135,0.193799248727,0.193356052165
0.0120169828722,0.00636970310991,0.97004838094,0.011564933078
0.00862276922634,0.730009022629,0.214739848764,0.0466283593801
0.123276535394,0.194260779122,0.0167219904817,0.665740695003
0.000895702386596,0.00175713903775,0.000363353040768,0.996983805535
0.0835139781736,0.864560941727,0.04738315065,0.00454192944945
0.0153061312275,0.139245271866,0.710517791623,0.134930805283
0.230841969079,0.0834169520137,0.0565197025502,0.629221376357
0.158831064167,0.299355591209,0.0682320982309,0.473581246392
0.094967961531,0.127557709562,0.181535814746,0.595938514162
0.530928878216,0.293875962751,0.0768213525053,0.0983738065278
0.255786494378,0.27934743669,0.192618622218,0.272247446713
0.453416358701,0.173216870826,0.352946829634,0.0204199408388
0.126242361998,0.0810281813448,0.0494553215591,0.743274135098
0.128218188912,0.551255984985,0.0924128355803,0.228112990523
0.0694662249197,0.593284305438,0.294330410672,0.0429190589694
0.776590780822,0.220963717031,0.00192888816843,0.000516613978309
0.133319662839,0.716017575186,0.099825688658,0.0508370733165
0.00366387142072,0.408497974895,0.0335236456047,0.554314508079
0.148633356157,0.190469098243,0.644267953971,0.0166295916292
0.460827623072,0.0180757573477,0.014163276035,0.506933343545
0.470291788575,0.276417472361,0.0898989119692,0.163391827094
0.560264441467,0.0314712858621,0.212732018023,0.195532254648
0.320646472948,0.134472592224,0.230489873527,0.314391061302