0.187700783111,0.21489729788,0.438485318378,0.158916600632
0.436544686269,0.185025611421,0.212111825651,0.166317876659
0.00395612528248,0.037050201336,0.939690177853,0.0193034955286
0.195604533275,0.199138704349,0.0816380709679,0.523618691409
0.0225103015995,0.0685806250533,0.296606918262,0.612302155085
0.186607693472,0.0539326034021,0.193313637776,0.566146065351
0.160314589963,0.271484206559,0.0521601992927,0.516041004185
0.131487791694,0.129816968732,0.498014732326,0.240680507248
0.570801645369,0.0102368059699,0.071240091943,0.347721456718
0.0938279749517,0.212371561795,0.0366543359953,0.657146127258
0.0735142712534,0.430196723584,0.320440677641,0.175848327521
0.596178186334,0.0278639103291,0.0765486464134,0.299409256924
0.491127092688,0.392695379119,0.0304628123929,0.0857147158
0.113239860246,0.173370294207,0.354520185685,0.358869659862
0.701593591331,0.282656377114,0.00663861873824,0.00911141281695
0.0708902586187,0.329474908995,0.196506160907,0.403128671479
0.0795163994502,0.431478987276,0.316234041378,0.172770571896
0.468563774009,0.0926325238339,0.331367756117,0.107435946039
0.00614402765506,0.968110105826,0.0118108355108,0.0139350310083
0.0258708801845,0.926004482708,0.018412261908,0.0297123751996
0.0729297855552,0.0163026875391,0.350213332209,0.560554194697
0.026691598302,0.313690652755,0.581903880907,0.0777138680363
0.00825162225232,0.17534279678,0.81284141045,0.00356417051776
0.0266820087082,0.0130969486908,0.901587998632,0.0586330439691
0.910817009104,0.0250806733646,0.0112235514598,0.0528787660715
0.0348120828895,0.0381055472114,0.683941064754,0.243141305145
0.959020781178,0.00966741008561,0.00354029083542,0.0277715179005
0.0101135949157,0.395623561402,0.265060794668,0.329202049014
0.00825269402111,0.0629787795016,0.467340251806,0.461428274672
0.407202872158,0.0342887529193,0.306707778142,0.25180059678
0.22957293942,0.313940656855,0.436300888941,0.0201855147848
0.30975107484,0.428682166167,0.0777199812524,0.183846777741
0.0366796307012,0.0931739699381,0.000473725593945,0.869672673767
0.757347015065,0.0729949227426,0.0053733260997,0.164284736093
0.150160724445,0.354085982546,0.329254399878,0.16649889313
0.0515779181598,0.538588300856,0.0756329718979,0.334200809086
0.445673113309,0.0181786795228,0.147146506451,0.389001700717
0.859694730806,0.109568723259,0.00407391172594,0.0266626342084
0.0792144385442,0.205309538081,0.0929259142055,0.622550109169
0.230455795822,0.00767249363987,0.617337478208,0.14453423233
0.44899466098,0.074463905328,0.00461337577356,0.471928057918
0.0123295349576,0.949745649467,0.0247474615503,0.0131773540248
0.15480339229,0.0214302483125,0.404279141821,0.419487217576
0.0512858543119,0.844318508714,0.00215146046681,0.102244176508
0.497260568815,0.0612104513721,0.41404453765,0.0274844421626
0.496792862899,0.161667577397,0.340536287962,0.00100327174198
0.899355345381,0.0194044936539,0.0572118453991,0.0240283155657
0.390456491263,0.186073843366,0.219696066934,0.203773598437
0.280867535722,0.403439846466,0.0197490777515,0.29594354006
0.361785385513,0.0490237824077,0.573458095495,0.0157327365843
0.067860674401,0.187135337448,0.408385263692,0.336618724459
0.0222652524933,0.829302849745,0.0134902406932,0.134941657069
0.285663652403,0.17402932731,0.0150856078688,0.525221412419
0.00214483475668,0.154428613901,0.800919499282,0.0425070520603
0.842559746029,0.0483291896933,0.0198330995999,0.0892779646779
0.00911652767283,0.00100261051018,0.669823598975,0.320057262842
0.631692535372,0.177479082567,0.113659120183,0.0771692618773
0.012794815411,0.697076925947,0.00530669262762,0.284821566014
0.0323705485258,0.928746364119,0.0198871844154,0.0189959029395
0.117327404648,0.476295180791,0.316830899169,0.089546515392
0.0185523138918,0.725740020296,0.0256114886538,0.230096177158
0.0338158616759,0.881598849547,0.0485985202214,0.0359867685559
0.0712415336861,0.0818888096416,0.648143029372,0.198726627301
0.387641034613,0.272289423253,0.291614102694,0.0484554394395
0.247975435642,0.0513695057782,0.474925153389,0.225729905191
0.188069730312,0.499493477584,0.0101277169625,0.302309075141
0.041874294859,0.0157216207201,0.0212730454028,0.921131039018
0.173500424995,0.135954136508,0.0211624470679,0.669382991429
0.1942692117,0.0615208755971,0.0926839946247,0.651525918078
0.00335422410506,0.974881384976,0.0043659972221,0.0173983936966
0.00426439706922,0.111591035554,0.173465748157,0.71067881922
0.0173613433585,0.681493974032,0.110267658254,0.190877024356
0.0935522999761,0.8452243707,0.033905518388,0.0273178109363
0.535786878598,0.027102609522,0.185338975023,0.251771536857
0.832579186944,0.0836191391504,0.0207748602098,0.0630268136959
0.0075400304813,0.358941829734,0.551804172893,0.0817139668918
0.656231468177,0.141386154694,0.149903314852,0.0524790622766
0.130666151813,0.618196916615,0.00444253867383,0.246694392898
0.0931891334738,0.331033955251,0.361412992578,0.214363918697
0.0921702700734,0.231964233418,0.652824818204,0.0230406783043
0.0133364783041,0.37225878934,0.605167364158,0.00923736819821
0.221835925451,0.187428702062,0.470140434602,0.120594937885
0.0623464598687,0.193039451981,0.73339628027,0.0112178078801
0.143135967422,0.0118156541873,0.0018878157887,0.843160562602
0.0294493766618,0.364652342578,0.365254583788,0.240643696972
0.0182835221859,0.763068944685,0.211305891703,0.00734164142602
0.781432136297,0.0737004332612,0.134901551462,0.00996587898055
0.325746324463,0.057791884827,0.0842027658506,0.532259024859
0.697296798323,0.019419031428,0.224160902118,0.0591232681311
0.00298260489319,0.834331705438,0.057576221785,0.105109467884
0.0545533443725,0.105356061289,0.304415902573,0.535674691765
0.690614267464,0.075596626403,0.1923794261,0.0414096800331
0.0345798347477,0.0817072446478,0.465239645426,0.418473275178
0.052271716558,0.0748128659818,0.798861171085,0.0740542463749
0.0301179005848,0.0159334570696,0.38190943394,0.572039208406
0.093010967594,0.0044705051035,0.900566681745,0.0019518455578
0.0285906560883,0.000542443860769,0.0258813527517,0.944985547299
0.142983359296,0.142755913377,0.356611452291,0.357649275036
0.23009644131,0.11516410139,0.299850511442,0.354888945858
0.0302738777032,0.803775629482,0.010566027518,0.155384465297
0.602161811404,0.224402504139,0.107638581965,0.0657971024916
0.0224401938732,0.835178501237,0.0942594020528,0.0481219028367
0.162544939103,0.484456911988,0.260623631469,0.0923745174396
0.0459254280939,0.0187670773155,0.85086396095,0.0844435336402
0.0716343301513,0.0476560332589,0.438129879922,0.442579756668
0.338310785748,0.186382232395,0.241614039138,0.23369294272
0.211861184649,0.0828198790466,0.378945645824,0.326373290481
0.257083217065,0.0276705349414,0.00616853421247,0.709077713781
0.14627840313,0.0230997825102,0.104672839287,0.725948975072
0.196438647879,0.093396393693,0.245821189281,0.464343769147
0.074398163103,0.236198321288,0.0487447287215,0.640658786888
0.0199351078068,0.857738631568,0.0511311023541,0.0711951582712
0.0359466877068,0.082673309835,0.325936686843,0.555443315615
0.59293389512,0.117949598303,0.0357779356974,0.25333857088
0.0288878933672,0.060213920752,0.577536343441,0.333361842439
0.296613020895,0.0731264359007,0.599473886935,0.0307866562697
0.220658233974,0.133319987733,0.572969832056,0.0730519462374
0.0144594667164,0.0257454616866,0.889476509581,0.0703185620162
0.80478142631,0.174689516048,0.0200149482166,0.000514109425425
0.513258106177,0.129264844404,0.287743557724,0.0697334916954
0.411416747534,0.239455767965,0.339225688383,0.00990179611906
0.460447469386,0.0977001554117,0.126079418781,0.315772956421
0.990829351893,0.00498182929592,0.00175149521716,0.0024373235935
0.0455200452783,0.19486874145,0.121006124646,0.638605088625
0.0118579424882,0.881337036737,0.0886186643706,0.0181863564045
0.0307045995857,0.895889918283,0.0377158559194,0.035689626212
0.208409114113,0.339592115107,0.0163761235651,0.435622647215
0.13674683728,0.587195878815,0.112930034362,0.163127249542
0.00551187162896,0.950472790665,0.0434159992072,0.00059933849891
0.0162666847288,0.0346100374955,0.752957898916,0.196165378859
0.105595209434,0.0715812263333,0.00132748930829,0.821496074925
0.0143613325923,0.198463228529,0.649534947593,0.137640491285
0.368393597691,0.310826768893,0.0838827029812,0.236896930435
0.736207772627,0.103090209407,0.159504943922,0.00119707404457
0.952332995678,0.0242485727343,0.00292682073388,0.0204916108542
0.280526762735,0.468638386543,0.139532866667,0.111301984055
0.34915599833,0.419134079921,0.00921176244945,0.222498159299
0.200294844217,0.711828369019,0.0632845447547,0.0245922420101
0.166894022378,0.0136289361353,0.248259613185,0.571217428301
0.081798148371,0.570446709472,0.189979594311,0.157775547846
0.717928090543,0.0283271997758,0.216939776799,0.0368049328822
0.826528889399,0.101920845117,0.0159732466283,0.0555770188557
0.0015190070051,0.00278583232064,0.0074574554893,0.988237705185
0.0399528083933,0.0186667701012,0.00786354299857,0.933516878507
0.314223603277,0.147344413898,0.448169027386,0.0902629554398
0.189477144825,0.629724034331,0.00748866200406,0.17331015884
0.0712663265546,0.356111807886,0.0817181111854,0.490903754374
0.000781957430621,0.00242736199054,0.986029980896,0.0107606996827
0.867416272156,0.00864370679204,0.00428638929423,0.119653631758
0.406775730305,0.164731754443,0.0252591217112,0.403233393541
0.27152328792,0.550215275287,0.0750575624284,0.103203874364
0.854395672937,0.11391258998,0.00999307548464,0.0216986615987
0.00706334187083,0.051115320556,0.811773476005,0.130047861568
0.265806537546,0.00212404099075,0.00202568589686,0.730043735566
0.717375236844,0.0433415060218,0.0850245928127,0.154258664321
0.340464046555,0.46021569389,0.0416282400936,0.157692019461
0.45265549314,0.153428635042,0.142361472053,0.251554399764
0.0636657369737,0.401849532822,0.110001889605,0.424482840599
0.92589448479,0.0257679173239,0.0443089062621,0.00402869162435
0.0571651719759,0.448591224694,0.378482405384,0.115761197945
0.986568945337,0.00183047250168,0.00352676087352,0.00807382128795
0.236865585523,0.000380548344806,0.738619735619,0.0241341305132
0.00983175536363,0.051326948252,0.075004700042,0.863836596342
0.0824021171404,0.791126462219,0.0612857408164,0.065185679824
0.210878470534,0.171977690487,0.171535012371,0.445608826608
0.0322120988244,0.0313051745828,0.911866510438,0.0246162161552
0.772083315904,0.0132558867059,0.000920022121062,0.213740775269
0.0129358559364,0.0506262306523,0.911291407998,0.0251465054135
0.327314851305,0.641926756491,0.0290758409479,0.0016825512557
0.528775777979,0.24101841105,0.0401067872233,0.190099023748
0.153361514772,0.647997256214,0.159450242352,0.0391909866613
0.116505474795,0.0320900048845,0.817608464089,0.0337960562316
0.0306069258932,0.690909599225,0.238588122044,0.0398953528376
0.0518053883564,0.359617960681,0.58005755175,0.00851909921207
0.141881802136,0.328710723675,0.476133592655,0.0532738815342
0.201760510731,0.000852540379353,9.02965023098e-05,0.797296652388
0.731296058512,0.0253564912767,0.0576477725144,0.185699677697
0.000611015527374,0.980290266196,0.000274725792014,0.0188239924848
0.738985175846,0.0120337232047,0.216672964829,0.0323081361206
0.301177761522,0.152023332852,0.390540244054,0.156258661572
0.878799531212,0.0214283291632,0.0814628420969,0.0183092975282
0.893720622257,0.0283533601325,0.0415731055649,0.0363529120453
0.402750010225,0.556515398291,0.0294536890424,0.011280902442
0.780460369593,0.032744885203,0.122437644964,0.0643571002398
0.152530950491,0.205021916391,0.569039315057,0.0734078180615
0.0118459685121,0.0107191650605,0.925676787453,0.0517580789741
0.238769480843,0.0502329769529,0.0271893209938,0.683808221211
0.308516540865,0.449830981324,0.177074508752,0.0645779690586
0.0114717762388,0.00446247434697,0.966915712606,0.0171500368086
0.157370106029,0.219416715683,0.321524172228,0.301689006061
0.367967953529,0.101580490863,0.323364951179,0.207086604429
0.271304699677,0.279021186664,0.319254771966,0.130419341693
0.0375769686284,0.944884066939,0.00271789359658,0.0148210708364
0.0943340906426,0.0418299326496,0.0208612929231,0.842974683785
0.195531388825,0.433705916986,0.147993140074,0.222769554116
0.448922873059,0.00629050012456,0.467878618665,0.0769080081513
0.07615196475,0.0681143145291,0.29593087383,0.559802846891
0.0769786382613,0.188648503214,0.183543626583,0.550829231941
0.129457698172,0.360927943478,0.12487164491,0.38474271344
0.427521476985,0.148550621334,0.0410888981026,0.382839003578