0.215019276499,0.113011494799,0.0986595315323,0.57330969717
0.024753738522,0.588126764584,0.368796838941,0.0183226579538
0.0371029417559,0.281484586624,0.675188871276,0.00622360034393
0.757328737484,0.013011939617,0.153865356142,0.0757939667566
0.630266295057,0.130963194101,0.198374662362,0.0403958484798
0.066249368438,0.0302643235575,0.470313686935,0.43317262107
0.000517926341847,0.00015265642402,0.0020862631863,0.997243154048
0.702841242097,0.0236067141089,0.244844069916,0.0287079738784
0.52746156327,0.228802753305,0.0815846481238,0.162151035301
0.458712749206,0.202400343817,0.087219936706,0.251666970271
0.17518750751,0.212112334106,0.170963335031,0.441736823352
0.0044797199189,0.30304005767,0.60165787906,0.0908223433515
0.617753828161,0.0314054782602,0.154126298683,0.196714394896
0.0149060164998,0.0377093305209,0.0748384221147,0.872546230865
0.443395845093,0.0107865853184,0.469535791131,0.0762817784573
0.252327793638,0.156549783736,0.380746489789,0.210375932838
0.344975389027,0.273685833326,0.266797202823,0.114541574824
0.329093279748,0.0439584895924,0.442910918039,0.184037312621
0.0303329006011,0.216851062632,0.722207383935,0.0306086528316
0.116372503169,0.461873809711,0.421343423174,0.000410263946066
0.121683310354,0.0715812687383,0.138908725365,0.667826695543
0.2105944299,0.514222958336,0.27100644535,0.0041761664134
0.00698694185509,0.021273939367,0.957458578495,0.0142805402826
0.903021799429,0.00636058213939,0.0347137114341,0.0559039069972
0.170232706362,0.00661686164172,0.022226831729,0.800923600267
0.277428867909,0.0256366489972,0.667510625373,0.0294238577208
0.0134236320176,0.960231836813,0.0240568431181,0.00228768805106
0.267131191957,0.129311166539,0.293483280641,0.310074360863
0.946204159465,0.0150821548367,0.0264949460689,0.0122187396297
0.0370381323631,0.00481687067604,0.0986045214547,0.859540475506
0.0621461232994,0.0147245291768,0.0300356652761,0.893093682248
0.0274241711895,0.866970773202,0.00269777903864,0.10290727657
0.479573214408,0.376314480394,0.0649113443086,0.0792009608891
0.0143562644361,0.369174625174,0.45402790578,0.16244120461
0.00603263763249,0.0265860169986,0.0304234391442,0.936957906225
0.109323491338,0.0329073724405,0.781120705458,0.0766484307628
0.134462556135,0.593333383366,0.230381125796,0.041822934703
0.0452587464038,0.0175939581902,0.903035762074,0.0341115333322
0.44617290978,0.183421373045,0.0179233291352,0.352482388039
0.0329743295444,0.781376456673,0.126630784609,0.0590184291737
0.976013894392,0.00780746038595,0.0132718724735,0.002906772749
0.0666830200839,0.676675026119,0.172902355586,0.083739598212
0.00360172558633,0.00354869312603,0.988984051887,0.00386552940096
0.0107747033497,0.162192091318,0.199206481587,0.627826723746
0.0328282030366,0.0634457910169,0.00318371283396,0.900542293113
0.465073467516,0.258955967129,0.271374925552,0.00459563980279
0.0798797967866,0.185650191474,0.124356806594,0.610113205145
0.00427804487282,0.0594113005398,0.343911307837,0.59239934675
0.142206470709,0.207155617434,0.409356637953,0.241281273904
0.00769739800315,0.0827660315029,0.867419650359,0.0421169201347
0.29726233831,0.148019492243,0.49480457106,0.0599135983865
0.863992220657,0.0323676051714,0.010404416311,0.0932357578602
0.11161063283,0.420051226037,0.312217214989,0.156120926145
0.0569653916715,0.691404892859,0.127968506682,0.123661208787
0.00771332030044,0.142466196799,0.0589910566184,0.790829426282
0.939806160331,0.0414898833661,0.00799619080032,0.0107077655021
0.0119697697314,0.00379568224177,0.547148017943,0.437086530084
0.0985200170278,0.123516789062,0.593605250019,0.184357943892
0.00215166175327,0.57442695337,0.084880943039,0.338540441838
3.99061022063e-05,0.94557073811,0.054222766438,0.000166589350222
0.0610630028591,0.64253080666,0.0393399838238,0.257066206657
0.234656155935,0.423436877426,0.332162567899,0.00974439874047
0.0466469593735,0.311286778871,0.547203615643,0.0948626461118
0.0950923518914,0.682362946026,0.149952003308,0.0725926987746
0.927146423686,0.0196103100257,0.0294461212598,0.0237971450287
0.0996513165387,0.26010768584,0.0266760265221,0.613564971099
0.0218740749804,0.605657161036,0.365753327151,0.00671543683267
0.0592930320196,0.352266277944,0.147415210534,0.441025479503
0.542951455679,0.0506525113056,0.180579117141,0.225816915874
0.493543157439,0.0040639328426,0.469257607262,0.0331353024559
0.504604525311,0.387436209673,0.00863196822812,0.0993272967884
0.429019671703,0.0569197743679,0.116813613229,0.3972469407
0.729513995342,0.0966685133393,0.17269981056,0.00111768075867
0.177371437453,0.458633577263,0.0796854143089,0.284309570975
0.433647966116,0.00419043707578,0.345530504036,0.216631092772
0.0215724979395,0.536455980232,0.363948230899,0.0780232909295
0.018273095688,0.897974015328,0.029700416015,0.0540524729689
0.102345183107,0.105697151927,0.0298995339064,0.76205813106
0.227415333841,0.431302755874,0.112873704244,0.228408206041
0.238192946059,0.417224600557,0.025857083227,0.318725370157
0.00431987416005,0.418310092887,0.438980681619,0.138389351333
0.0831707844293,0.24070626233,0.651268415681,0.0248545375593
0.0415230149704,0.652058759351,0.112242701589,0.19417552409
0.0782047673663,0.0912468414772,0.798153925127,0.0323944660292
0.261279804784,0.121714071112,0.537620822587,0.0793853015168
0.0796834586841,0.00375754676179,0.0389419979785,0.877616996576
0.411373731393,0.497287121837,0.0163495591303,0.0749895876399
0.322157809079,0.00228379857936,0.558167445483,0.117390946859
0.00959351696611,0.116362802528,0.789681013142,0.0843626673645
0.0335563008737,0.00591100008115,0.0347719368041,0.925760762241
0.0632035399467,0.322108005147,0.0253853297602,0.589303125146
0.625454523639,0.286679096455,0.0784204506123,0.009445929294
0.531642983699,0.169283782532,0.063041001645,0.236032232124
0.00663079062342,0.00594674804223,0.983874104547,0.00354835678726
0.0311943248692,0.0043720269282,0.914435037423,0.0499986107794
0.101694467582,0.145016482166,0.00532980710063,0.747959243151
0.0196250412853,0.0339085276522,0.00417929570431,0.942287135358
0.498224800776,0.0416432966776,0.103443144241,0.356688758305
0.00251626073868,0.000987174000951,0.160587459156,0.835909106104
0.0956172999884,0.520093917868,0.292667971142,0.0916208110019
0.615431702462,0.016283665426,0.319917964554,0.0483666675578
0.0805627608532,0.315040674163,0.510023391819,0.0943731731645
0.680052879062,0.0050247321318,0.00542952331628,0.30949286549
0.0905118094729,0.510281346688,0.0699128946732,0.329293949166
0.0264220195932,0.722814881011,0.248205619826,0.00255747956916
0.000893412109097,0.108938807709,0.845090628034,0.0450771521476
0.0762291951107,0.174867518404,0.67630060701,0.0726026794759
0.399273345168,0.204936625876,0.281411154468,0.114378874488
0.443843261135,0.0805534525635,0.0328736687071,0.442729617594
0.134717564699,0.562641374825,0.255478956289,0.0471621041875
0.75825071961,0.0466995018922,0.170232896645,0.0248168818529
0.560683663569,0.0416528507634,0.352802248837,0.0448612368304
0.183084102377,0.207800526866,0.188950206964,0.420165163793
0.0953989175304,0.553490346703,0.342715551449,0.00839518431751
0.00857759976327,0.106405278131,0.0215950617545,0.863422060351
0.113207448077,0.474746812592,0.225297316168,0.186748423163
0.173721225051,0.0709661530173,0.146265086181,0.60904753575
0.578663864303,0.0850217441652,0.0223462520983,0.313968139433
0.0101768162677,0.192411322877,0.0197566378244,0.777655223031
0.378539121579,0.128977375912,0.3693053504,0.123178152109
0.0101386894947,0.495490030642,0.354145575237,0.140225704627
0.883905168165,0.0678565810415,0.0472853279617,0.000952922831443
0.21388932451,0.00907389623506,0.762688570783,0.014348208472
0.66370642143,0.0256218125382,0.131633075835,0.179038690197
0.0889942899106,0.103555782215,0.0858553041788,0.721594623696
0.0427713177786,0.000602091367068,0.174292657466,0.782333933388
0.0467344609349,0.0698369954782,0.748440742012,0.134987801575
0.182251430625,0.146026932123,0.285902551806,0.385819085446
0.016419890488,0.0293440381545,0.92636285007,0.027873221287
0.927961832442,0.0437132579419,0.000435432863496,0.0278894767528
0.405204939263,0.0250824732161,0.00380578205928,0.565906805461
0.097228393837,0.433699756232,0.260635254412,0.208436595519
0.0122036457497,0.980406765398,0.006731952687,0.000657636165234
0.0946034976013,0.511635367783,0.0456333203419,0.348127814274
0.0214728409801,0.749610899,0.204346837271,0.0245694227485
0.279787969844,0.447491568352,0.237569739366,0.0351507224375
0.368976453835,0.21264256864,0.12468722346,0.293693754065
0.510937797613,0.186599385898,0.177088337472,0.125374479017
0.20891925057,0.00920376969764,0.35828642428,0.423590555452
0.0966971165415,0.688465150921,0.0918865925038,0.122951140034
0.084946271612,0.662927846997,0.0601986393777,0.191927242014
0.0500258924621,0.524005675461,0.0802246277431,0.345743804334
0.992015986005,1.44119663556e-06,0.000103187082284,0.0078793857165
0.0572303064565,0.00165003512085,0.936559494605,0.00456016381748
0.248468972193,0.0194037904914,0.483009126441,0.249118110874
0.431949737278,0.500970361562,0.0348368412572,0.032243059903
0.411494487786,0.307847810901,0.234686128445,0.0459715728683
0.00680212843501,0.103289158018,0.247178286832,0.642730426715
0.580074275533,0.208681829203,0.168301836668,0.0429420585961
0.132205749756,0.310323498586,0.517551207851,0.039919543807
0.343893354282,0.593036040682,0.0414946806942,0.0215759243418
0.0778411364504,0.0668236913082,0.509843912166,0.345491260075
0.0507805348212,0.124373059122,0.327651639606,0.49719476645
0.201492384753,0.545651835621,0.0578707554011,0.194985024225
0.183541895559,0.237348189671,0.420383403311,0.158726511458
0.576597302187,0.101932298912,0.154030629866,0.167439769035
0.0191350166748,0.00707686558456,0.405428746198,0.568359371542
0.00426487046658,0.556139950435,0.43901126167,0.000583917428122
0.325712532891,0.0538236480909,0.109791601818,0.5106722172
0.00941248914743,0.347462458966,0.607749182868,0.035375869018
0.109447246485,0.375302586265,0.304815359199,0.210434808051
0.597075079131,0.0708052616974,0.0762963517363,0.255823307436
0.137303240897,0.081397091444,0.688609955163,0.0926897124951
0.0390085891186,0.2538788699,0.704864148395,0.0022483925859
0.10184166028,0.016989913873,0.866238269997,0.01493015585
0.333272797598,0.117856414487,0.0481139987328,0.500756789182
0.0276281005253,0.319302738795,0.129490093618,0.523579067061
0.264456403151,0.453878303986,0.116301142523,0.165364150341
0.0362553909074,0.961783245197,2.95015219732e-05,0.00193186237365
0.00180576026921,0.261547346964,0.692462380129,0.0441845126378
0.703474303733,0.174560468121,0.101722292982,0.0202429351641
0.0030506242468,0.307058892059,0.198328917173,0.491561566521
0.084494872732,0.835285785625,0.0793181615368,0.000901180105967
0.0759154812739,0.0280943858814,0.0251652646214,0.870824868223
0.0172321654523,0.417135012525,0.0564700498517,0.509162772171
0.165945842826,0.0537358015514,0.69896353472,0.0813548209027
0.11209325713,0.150904928618,0.589533333894,0.147468480358
0.509423234119,0.257620974138,0.159554154475,0.0734016372678
0.448096652196,0.0781967152461,0.26665126062,0.207055371938
0.0289305583374,0.411820627924,0.0720576053841,0.487191208355
0.012885742428,0.613558368823,0.00475617185409,0.368799716895
0.0258908320509,0.0674972117426,0.208558830301,0.698053125906
0.224278373529,0.377250912323,0.251961699696,0.146509014452
0.2405790386,0.403695474034,0.303309138147,0.052416349219
0.0402218633075,0.165910551809,0.288699966286,0.505167618597
0.30307038077,0.0012371181975,0.0805345847382,0.615157916294
0.496308880847,0.0540979526186,0.014049547128,0.435543619406
0.310977235308,0.01559896838,0.608511960318,0.0649118359939
0.0703091208776,0.040610928571,0.200041267619,0.689038682933
0.196442554479,0.549564095112,0.156602615226,0.0973907351837
0.0349850172898,0.659194135082,0.203495564716,0.102325282912
0.964600540822,0.0114076667616,0.0226207390897,0.00137105332649
0.233054880702,0.0567656061305,0.57905757932,0.131121933847
0.17765141075,0.612720092216,0.206726811459,0.00290168557515
0.150830016338,0.111524491003,0.469153334905,0.268492157754
0.0685688713964,0.191501528438,0.213197050904,0.526732549262
0.151223353929,0.0369317097924,0.554985070605,0.256859865674
0.239071825392,0.0940326786282,0.124192603347,0.542702892633
0.294186172695,0.268841239109,0.0808663715054,0.35610621669
0.173454658512,0.459501502269,0.358641132434,0.00840270678493