0.0161697567612,0.865232538204,0.0827456562188,0.0358520488161
0.581677958758,0.299197771863,0.0767088454664,0.0424154239129
0.0438423233745,0.530937113085,0.228332827621,0.19688773592
0.770521865234,0.217758832684,0.000577632879703,0.0111416692019
0.0559543400822,0.540226656091,0.345310897659,0.0585081061675
0.132390014834,0.845389183271,0.0207295918119,0.00149121008353
0.461627439312,0.134555107885,0.191492432473,0.212325020329
0.00709564424377,0.46393280115,0.527843970935,0.00112758367164
0.277597500871,0.139681848323,0.436741640509,0.145979010297
0.0138194081735,0.154831821463,0.0625749922222,0.768773778142
0.340368378363,0.278536490894,0.0372672490119,0.343827881731
0.710849374075,0.166914471988,0.0819418203144,0.0402943336229
0.387269459877,0.379307069971,0.0658573862492,0.167566083903
0.449829763996,0.479435420097,0.00864421743414,0.0620905984723
0.100357900106,0.0731101589892,0.025714690288,0.800817250617
0.0913475850609,0.0138509678117,0.331220628744,0.563580818384
0.0479869695693,0.153269727527,0.155931419218,0.642811883685
0.0253338715182,0.898998091265,0.0428296689814,0.0328383682353
0.0086010494975,0.567288595948,0.420575797347,0.00353455720672
0.00870095512312,0.409865446546,0.183744504524,0.397689093807
0.538667032794,0.288120530373,0.063048952953,0.11016348388
0.539534111284,0.000356301441709,0.459392242464,0.000717344810115
0.072700343181,0.0524395919644,0.124846303368,0.750013761487
0.0451985331207,0.311639584365,0.331126278808,0.312035603706
0.275300008712,0.433016660296,0.257676010824,0.0340073201681
0.208984618854,0.0993804408907,0.216561364948,0.475073575307
0.38075258292,0.157620029346,0.346149378132,0.115478009602
0.00894443072787,0.99060233559,8.75872378365e-05,0.000365646444322
0.00635838524852,0.262783208475,0.0153161915309,0.715542214745
0.188687871215,0.33317386045,0.0277011382505,0.450437130084
0.240530039391,0.645596574321,0.0767789071972,0.0370944790905
0.350866487441,0.0872282613489,0.438708720354,0.123196530856
0.297311121518,0.49155639049,0.163780549849,0.0473519381439
0.383431199423,0.340260771066,0.185671631288,0.0906363982223
0.430880601012,0.235732665012,0.199708621194,0.133678112782
0.0540685947019,0.396021181364,0.0114512938474,0.538458930086
0.100131309626,0.170143559293,0.432366642123,0.297358488958
0.125523979319,0.0592803718328,0.00686587194835,0.8083297769
0.0636950360497,0.201420650131,0.129939926496,0.604944387324
0.000321684510954,0.00839353745212,0.00237094047874,0.988913837558
0.339418979921,0.0481157873686,0.235869147568,0.376596085142
0.279050126678,0.226257576491,0.280943309447,0.213748987384
0.0562654637601,0.255361622198,0.448644681853,0.239728232189
0.0596565808382,0.130382641119,0.547227300507,0.262733477535
0.206656591869,0.186634045167,0.578642648404,0.0280667145603
0.748443015526,0.124167552773,0.063686565332,0.0637028663692
0.00162588642832,0.486422176642,0.491282413944,0.0206695229849
0.448258247158,0.0159050228056,0.147997611205,0.387839118831
0.0383694612699,0.93206149805,0.00017104419561,0.0293979964844
0.00728881616403,0.00692240455641,0.849518887243,0.136269892037
0.707433999198,0.155931561476,0.0512436703452,0.0853907689811
0.556107384649,0.231925289934,0.0629726521546,0.148994673263
0.00646715229124,0.000249128983236,4.15404292577e-05,0.993242178296
0.226662882111,0.704830280424,0.00773443242154,0.0607724050426
0.0895819262793,0.205961253379,0.311930731522,0.392526088819
0.0321418387623,0.0990912805129,0.640086160805,0.22868071992
0.328456586253,0.109416592839,0.0255148713941,0.536611949514
0.883955525576,0.0377201620915,0.0213086627972,0.0570156495357
0.822213862651,0.00102223555498,0.153740122157,0.0230237796373
0.0226614709823,0.264501155993,0.507921847107,0.204915525918
0.0211448010733,0.290828032048,0.642235638519,0.0457915283597
0.0416506220735,0.116314539675,0.565129565707,0.276905272544
0.203661339472,0.180210787918,0.520034820763,0.0960930518474
0.196788930442,0.27361430937,0.228434284085,0.301162476104
0.134971772682,0.241504479658,0.340882853873,0.282640893787
0.0331876897727,0.0656257350802,0.0239705610279,0.877216014119
0.957394628423,0.0319006452514,5.71000651179e-05,0.0106476262601
0.0197743061819,0.0281781560042,0.401607900048,0.550439637766
0.557736840171,0.334925158516,0.102399481505,0.00493851980779
0.144603295905,0.0550554157991,0.799851558316,0.00048972997944
0.331579008753,0.0188986217765,0.379410643757,0.270111725713
0.261501306286,0.180986426647,0.222837931705,0.334674335362
0.291205513606,0.13976608152,0.0613128284672,0.507715576407
0.126443242125,0.632137021188,0.177638854996,0.0637808816907
0.333848966966,0.0604865963276,0.594647115222,0.0110173214845
0.0204080555983,0.497801013154,0.463817731186,0.0179732000618
0.00994963695373,0.403294804302,0.323391639102,0.263363919643
0.0287805284653,0.0128729404943,0.856957877456,0.101388653585
0.28429078237,0.536802293413,0.0908570042533,0.088049919964
0.0189440163954,0.00924570616124,0.941697128589,0.0301131488547
0.0507870281287,0.0456219835771,0.345414388925,0.558176599369
0.592386642744,0.0944309757968,0.141783657998,0.171398723461
0.162430392636,0.300752402853,0.477841467836,0.0589757366748
0.107939484122,0.0560376867215,0.813415628378,0.0226072007784
4.12480727507e-05,0.381070968736,7.06879863131e-05,0.618817095205
0.0304505346603,0.926463531169,0.00601067567092,0.0370752584998
0.0214733520646,0.105282513079,0.453705627213,0.419538507643
0.00501824495447,0.0355994353484,0.00390708449551,0.955475235202
0.422912734382,0.108268764528,0.372781502605,0.0960369984852
0.122374920068,0.100838186174,0.538078956531,0.238707937228
0.105767492802,0.415919118141,0.411533349851,0.0667800392054
0.0431898235918,0.261864112495,0.321054906871,0.373891157042
0.00232672667831,0.237096553691,0.504309010714,0.256267708917
0.112509404767,0.0176182736112,0.800534763192,0.0693375584295
0.432775852964,0.0427538476945,0.0255232419444,0.498947057397
0.836667464978,0.0673268247094,0.0849201024448,0.0110856078678
0.201360775646,0.244183503851,0.211189841595,0.343265878908
0.357680749448,0.261638160552,0.114796716575,0.265884373426
0.194737452625,0.100223297188,0.138315339845,0.566723910342
0.115499160317,0.467351403725,0.28701881835,0.130130617608
0.115114607688,0.271342363885,0.27784417508,0.335698853347
0.622446936853,0.186329346581,0.171453038963,0.0197706776029
0.185989393004,0.445299757811,0.128806400821,0.239904448365
0.768926835927,0.213921736012,0.00512678804087,0.01202464002
0.0032371146651,0.947287352428,0.00582666100652,0.0436488719002
0.786816334921,0.0445402778491,0.0073123784843,0.161331008746
0.0188661204195,0.557209027037,0.399691858168,0.0242329943758
0.794985642481,0.0397339120868,0.0740486449473,0.0912318004845
0.232540011565,0.251865940148,0.263573749713,0.252020298574
0.0222922873127,0.283459567136,0.0777636559742,0.616484489577
0.361004971962,0.512843143721,0.0464424332126,0.0797094511048
0.344253634835,0.463773117494,0.0289674301723,0.163005817499
0.0139137634703,0.897373888917,0.0874503495275,0.00126199808515
0.000679633373543,0.998374356817,0.000562080642008,0.000383929167936
0.116580966883,0.072624914632,0.4241092784,0.386684840085
0.112584817325,0.219303518004,0.113994372927,0.554117291745
0.00568333712495,0.971535501928,0.004468870282,0.0183122906654
0.308072729798,0.0993426402171,0.460796493473,0.131788136512
0.00128532884033,0.765081939044,0.223285038994,0.0103476931226
0.549511436536,0.182067904121,0.233114123211,0.0353065361322
0.311489980568,0.441723420008,0.044110824407,0.202675775017
0.127813840681,0.0219125922649,0.839171826355,0.011101740699
0.0313721063718,0.0145580697117,0.295895950596,0.658173873321
0.23445369071,0.565534566138,0.012837723781,0.187174019371
0.0499617611842,0.332931141066,0.218281972591,0.398825125159
0.0151355340723,0.00244644153362,0.156691311187,0.825726713207
0.0157990820276,0.463269176971,0.517873439208,0.00305830179418
0.0042086183566,0.809423865961,0.129191791421,0.057175724262
0.0109179967221,0.839294834568,0.0844192444524,0.0653679242575
0.142147605056,0.0127674071743,0.00737619398418,0.837708793785
0.778316288856,0.156394121909,0.0162482871768,0.0490413020576
0.475800918463,0.354957965547,0.0172080581601,0.15203305783
0.768123114033,0.00547292178499,0.222502577692,0.00390138648919
0.123904436287,0.230828544085,0.0570086740899,0.588258345538
0.0262836087817,0.545174462003,0.00722705816167,0.421314871053
0.0317132566941,0.133886937036,0.0646107941701,0.7697890121
0.213754077893,0.370417113332,0.0100751765309,0.405753632244
0.0501184321395,0.289418134739,0.0974987748783,0.562964658243
0.287081739294,0.371072076516,0.272003753399,0.0698424307913
0.463677543318,0.413345372101,0.0360603578172,0.086916726764
0.0149832933996,0.270789329184,0.712223012076,0.00200436534046
0.474625454946,0.0794685530962,0.214373046457,0.231532945501
0.497223062595,0.0784161179427,0.340749109432,0.0836117100308
0.234359802712,0.289860069909,0.297479604975,0.178300522404
0.214334407929,0.082926654285,0.0145670514475,0.688171886339
0.057267061009,2.21300845784e-05,0.00586444103441,0.936846367872
0.295988482854,0.53458237329,0.153409774359,0.0160193694969
0.0379068467634,0.0143950311654,0.37024260854,0.577455513531
0.249535725731,0.672402169631,0.0706559603172,0.00740614432064
0.583017533194,0.190207495419,0.111937999925,0.114836971461
0.368164965485,0.406014785303,0.019649022127,0.206171227084
0.576391653742,0.150968226312,0.0564726175059,0.21616750244
0.117093720366,0.251812748996,0.426586652129,0.204506878509
0.337903222841,0.501065769109,0.0571574486164,0.103873559433
0.0133408473257,0.930990517176,0.0479279001859,0.00774073531264
0.387110580467,0.352813194142,0.234404699363,0.0256715260278
0.331779950725,0.00071000421351,0.433293735529,0.234216309533
0.459124454142,0.212829067588,0.190627939637,0.137418538633
0.487989063523,0.0608014876084,0.216882806975,0.234326641893
0.542568694941,0.417972754811,0.0125923144326,0.0268662358156
0.729260247649,0.0272440123706,0.232653663151,0.0108420768298
0.52846818963,0.210742387089,0.222143038085,0.0386463851957
0.714484483028,0.0163301000313,0.26028051897,0.00890489797015
0.00114275613924,0.998065843928,0.000539077255462,0.000252322677262
0.675308798738,0.00804283853071,0.25248016334,0.0641681993906
0.351291148674,0.552365179761,0.0245658321582,0.0717778394069
0.0194082816154,0.212646302589,0.59863849308,0.169306922715
0.0349600264866,0.00503748605514,0.855119922208,0.104882565251
0.00393523747861,0.721289148307,0.181974995677,0.0928006185374
0.401121411003,0.326752587567,0.125197256583,0.146928744847
0.5003013624,0.040143918882,0.0582541061892,0.401300612529
0.360407455868,0.121618367469,0.167014514003,0.35095966266
0.0556906865884,0.204415112477,0.116109309959,0.623784890975
0.368241863615,0.281373392643,0.215042049911,0.135342693831
0.0570873259656,0.73074895582,0.106104094851,0.106059623363
0.111180771549,0.759284588025,0.092168593538,0.0373660468881
0.402369054565,0.0108066321317,0.0828763875553,0.503947925748
0.114432755688,0.739869113,0.0792019256568,0.0664962056548
0.256260360245,0.298043788262,0.37788932305,0.0678065284433
0.276075313855,0.197130317376,0.259319713094,0.267474655675
0.287878032055,0.357969288336,0.280144626167,0.0740080534428
0.0994478897264,0.681791074723,0.0749322816873,0.143828753864
0.719223407808,0.219747261792,0.0353323206741,0.0256970097261
0.0640373341077,0.156337477086,0.137209989354,0.642415199452
0.391206797639,0.0795962772616,0.482522205292,0.0466747198074
0.702482315336,0.0617652932669,0.037868509973,0.197883881424
0.508730229018,0.232546175571,0.170423678892,0.0882999165188
0.259029356325,0.239039299156,0.410606989242,0.0913243552776
0.225203433426,0.39100352924,0.174749330983,0.20904370635
0.0355817054216,0.722116946331,0.0617016200679,0.18059972818
0.836374760757,0.0389445779627,0.0456614428699,0.07901921841
0.311109649029,0.185127462443,0.325989224061,0.177773664466
0.00468079608449,0.051716353881,0.896315249488,0.0472876005463
0.0294138848925,0.176825936673,0.0603611210989,0.733399057335
0.263359817781,0.0877826558806,0.124497705547,0.524359820791
0.724254533214,0.0911954924276,0.0622920775455,0.122257896813
0.00161494315543,0.0114667356897,0.0908522150159,0.896066106139
0.786450017473,0.0283939747775,0.0198819553898,0.165274052359
0.0913451193355,0.805455562091,0.0801904798845,0.0230088386889
0.612082226051,0.0157027548783,0.340230395638,0.0319846234323