0.163806007304,0.145303190235,0.0351392250782,0.655751577383
0.692363448061,0.0682401241833,0.0486783678717,0.190718059884
0.174797638098,0.787886084665,0.0337106880753,0.00360558916144
0.00736049418678,0.951087173612,0.0395898534058,0.00196247879544
0.00249366732727,0.666277077491,0.311244021582,0.0199852335998
0.941283445887,0.0206215675485,0.0340709463428,0.00402404022158
0.0902744111305,0.609927370004,0.0941721742384,0.205626044627
0.0766892182685,0.0179915943927,0.622862715058,0.28245647228
0.0334122987107,0.360711366288,0.257912631643,0.347963703358
0.0683706983105,0.023761637066,0.554077992985,0.353789671638
0.381607896433,0.0337713462651,0.14653834915,0.438082408151
0.0458861311922,0.0956535212398,0.848045455221,0.0104148923468
0.0416294319714,0.686707548528,0.262797336904,0.00886568259599
0.0076011356413,0.0234014145522,0.00672237330524,0.962275076501
0.303781616541,0.559631218229,0.0385520273946,0.0980351378348
0.900260956455,0.0615229710869,0.0363130518728,0.00190302058517
0.00776366917896,0.0896539619487,0.396066368393,0.50651600048
0.00095396014697,0.0408759530863,0.956836789123,0.00133329764385
0.139005182917,0.118380795398,0.116164143955,0.62644987773
0.120102457461,0.0165278081938,0.149275687638,0.714094046707
0.0382862165299,0.666488319891,0.167032950769,0.12819251281
0.059030019621,0.0562758476105,0.845351038501,0.0393430942675
0.429833666337,0.181217696305,0.207141789117,0.181806848241
0.008185189287,0.41776085062,0.557808797009,0.0162451630836
0.919499965734,0.0274064635377,0.0136748696121,0.0394187011166
0.411135466461,0.259161121441,0.124415725131,0.205287686967
0.402578803814,0.234672331393,0.0982989096092,0.264449955185
0.614619051985,0.0700775382586,0.266731624031,0.0485717857253
0.0679145375056,0.0194674107251,0.888442534073,0.024175517696
0.0540825798601,0.689369456723,0.245686210563,0.0108617528541
0.00246842797862,0.00205179440567,0.988943424741,0.00653635287477
0.32752191147,0.31056902167,0.196697680679,0.16521138618
0.530703696379,0.0974561181497,0.079762526471,0.292077659
0.909381990492,0.0146688340398,0.03633987421,0.0396093012583
0.0187108495486,0.51368484568,0.00427547206586,0.463328832705
0.394335872804,0.133510856826,0.159587528842,0.312565741528
0.137650022802,0.751148268426,0.020297069667,0.0909046391047
0.127370035285,0.406849153564,0.307983496652,0.157797314499
0.037140246605,0.0291062635399,0.205260271543,0.728493218312
0.118063706745,0.638714852723,0.0283785232941,0.214842917238
0.34667419486,0.26373993244,0.0962582050405,0.29332766766
0.140425216479,0.381915020302,0.328650156355,0.149009606864
0.0181928976875,0.446731087426,0.0934953992483,0.441580615638
0.135594661491,0.672863648767,0.145533822071,0.0460078676718
0.886198362214,8.62043718127e-05,0.0293363379742,0.0843790954404
0.378081133632,0.455332619286,0.0178133457429,0.148772901339
0.310251211846,0.661773632753,0.00439444443568,0.0235807109654
0.466640916509,0.0658349876398,0.0435601660558,0.423963929796
0.891375824624,0.0411049356465,0.0652543959319,0.00226484379722
0.361699742545,0.284638324948,0.011732941571,0.341928990936
0.236348032963,0.0953893981696,0.372812501947,0.29545006692
0.0331547784596,0.369500099728,0.00861456534403,0.588730556468
0.0246259786502,0.157679715297,0.764009045315,0.0536852607375
0.104986166904,0.0306777875385,0.122313215367,0.742022830191
0.0438155999159,0.101231536678,0.817240149522,0.0377127138835
0.0193527334216,0.790213069574,0.154920060025,0.0355141369789
0.506381492947,0.0493568871678,0.195643940291,0.248617679594
0.269992345849,0.0117410469752,0.706283399003,0.0119832081734
0.0555012443285,0.887605173524,0.030650498929,0.0262430832182
0.93758596962,0.0109666664038,0.00737351976448,0.0440738442113
0.363010019339,0.0305681442663,0.201306491201,0.405115345193
0.536154956315,0.128826439939,0.202026376927,0.13299222682
0.241004361227,0.758438678547,0.000374007850753,0.000182952375323
0.495546820775,0.323539174051,0.0199387290787,0.160975276095
0.85035923137,0.0325006589202,0.0147608775403,0.10237923217
0.0557178062553,0.000354177186605,0.169305222137,0.774622794421
0.00200779274344,0.990309522936,0.00343105250919,0.00425163181155
0.017710460907,0.966000410932,0.0137057559647,0.00258337219619
0.394108962156,0.347686503235,0.0953707884146,0.162833746195
0.0221102340043,0.644639040214,0.263632851887,0.0696178738945
0.33844694419,0.105745815081,0.150083996002,0.405723244728
0.119065693918,0.00343474098929,0.000763180344924,0.876736384748
0.338797215505,0.58733294609,0.00323788650368,0.0706319519008
0.64706307241,0.209809896811,0.0515741986374,0.0915528321415
0.0511575229352,0.256219227916,0.524949659148,0.167673590001
0.125021929488,0.0359517981815,0.116346135915,0.722680136416
0.027699270374,0.075755410309,0.238782694451,0.657762624866
0.741406928256,0.0638993899589,0.163160042421,0.0315336393641
0.965932996959,0.00846453221581,0.0253680206469,0.000234450178086
0.0350715424468,0.429580045854,0.00471866140542,0.530629750294
0.345118074688,0.0834866934304,0.352639519686,0.218755712196
0.0425694509797,0.0848445536252,0.0342451664937,0.838340828901
0.355344682542,0.367086470304,0.218106442132,0.0594624050219
0.171258984081,0.0942758085832,0.381215793345,0.353249413991
0.0241622926613,0.0467978935054,0.911593546332,0.0174462675013
0.418833807154,0.0760983731032,0.165007310969,0.340060508774
0.332022221363,0.071347075873,0.546930364486,0.0497003382774
0.650556640198,0.171521137944,0.102845461691,0.0750767601666
0.119280804843,0.485848750496,0.367903270807,0.0269671738536
0.0853191224369,0.0637654230752,0.103429701914,0.747485752574
0.113528594399,0.0598810855495,0.775539593842,0.0510507262097
0.639405693765,0.0129366039783,0.345777791907,0.00187991035009
0.00308804430731,0.513234553551,0.221206459212,0.26247094293
0.198442833754,0.082907529715,0.275070210948,0.443579425583
0.531185008879,0.0165886849351,0.451154907185,0.00107139900089
0.0197260875126,0.750603569742,0.220927126044,0.00874321670198
0.693759200527,0.146144406969,0.0793661253405,0.0807302671638
0.00271900139259,0.511904252359,0.112813507891,0.372563238357
0.953916403433,0.00795626811307,0.00721644507878,0.0309108833754
0.0953718959552,0.362930462342,0.274958058962,0.266739582741
0.00177068952993,0.000274760041308,0.887726408027,0.110228142402
0.191107008119,0.75881299446,0.00223536096172,0.0478446364584
0.30033468716,0.000945765206738,0.698262948038,0.000456599596125
0.469101452328,0.0635395830554,0.0568419823435,0.410516982273
0.0281818937004,0.0618212775284,0.213622398239,0.696374430532
0.279516255975,0.0825178452177,0.0697575485768,0.56820835023
0.235513638907,0.585528750852,0.0194395441093,0.159518066132
0.0984861131127,0.797205060528,0.047038108234,0.0572707181255
0.0454575398137,0.00308636977176,0.00896912702676,0.942486963388
0.518257877466,0.0773845032761,0.360761767717,0.0435958515407
0.460427044397,0.162102792449,0.265924617222,0.111545545931
0.237234561852,0.0522342517863,0.083587881095,0.626943305267
0.827557421684,0.0156509345965,0.0173346929538,0.139456950766
0.183318204686,0.631771985019,0.0704763540002,0.114433456296
0.23741967631,0.505015643041,0.11534988236,0.142214798289
0.255768931064,0.0202099834627,0.0728979498684,0.651123135605
0.0148101227229,0.199041750223,0.247075335475,0.539072791579
0.0563048794338,0.0115567973207,0.0626253813531,0.869512941892
0.69006186172,0.0281815061891,0.167714104532,0.114042527559
0.742988645857,0.037342698984,0.187404296431,0.0322643587277
0.899101414963,0.0246270271083,0.00881821353452,0.067453344394
0.507571766282,0.203958243421,0.216357961326,0.072112028971
0.470915508914,0.423526448899,0.0606296453872,0.0449283968005
0.0846930906452,0.776834932458,0.133991035349,0.00448094154788
0.171248521245,0.191101275083,0.024417145099,0.613233058573
0.227902130346,0.480692563746,0.268398491093,0.023006814815
0.0331992383347,0.523992167099,0.396210861797,0.0465977327694
0.400627846964,0.0448132994506,0.208513596517,0.346045257069
0.0447169633949,0.363897092814,0.0283490861578,0.563036857633
0.0443429730315,0.543022386085,0.185738700527,0.226895940356
0.494696478234,0.396879590493,0.0264838244261,0.0819401068469
0.761553757902,0.046192789915,0.0871840390736,0.10506941311
0.431630835468,0.0542510163831,0.124488204153,0.389629943996
0.139415979279,0.0920733397207,0.202059394538,0.566451286462
0.0770079800189,0.0574094040329,0.171521561127,0.694061054821
0.00136739421418,0.143048656501,0.0630490478566,0.792534901428
0.882314643619,0.0167968591378,0.065863903379,0.0350245938642
0.131715085425,0.3213076868,0.345259041241,0.201718186534
0.400199857991,0.102311387279,0.479899250036,0.0175895046942
0.606826328634,0.208375569991,0.173850182954,0.0109479184212
0.85875406329,0.00642324921462,0.111570213126,0.0232524743684
0.0617596386906,0.661030314885,0.246249498759,0.0309605476651
0.116040654943,0.15018701885,0.194450645418,0.53932168079
0.00934585777643,0.292095276528,0.0221766019586,0.676382263736
0.634757557471,0.0333471909795,0.192135904471,0.139759347077
0.0818351778529,0.333962545244,0.188777583228,0.395424693675
0.00267370284775,0.00860174073953,0.0137820804585,0.974942475954
0.568698722469,0.22113271606,0.164020986497,0.0461475749746
0.524305855838,0.208232331219,0.120534925793,0.146926887151
0.115997124976,0.198428266311,0.0995521211137,0.586022487599
0.875639869586,0.098335322361,0.0206845124023,0.00534029565092
0.0875474833654,0.246824312729,0.254452896121,0.411175307785
0.12590776052,0.754895568632,0.090278243998,0.0289184268506
0.105815940015,0.860907183314,0.0165845160735,0.0166923605969
0.169670893254,0.110762249022,0.451810071521,0.267756786203
0.36216931991,0.167177697896,0.214912386044,0.255740596149
0.0998298417444,0.305981962309,0.209007760515,0.385180435432
0.188526964997,0.131324424691,0.117072193766,0.563076416545
0.0987041209193,0.147431930891,0.721023320888,0.0328406273017
0.19206515249,0.301758308074,0.0487383812967,0.45743815814
0.222709180878,0.184427585181,0.0123304497922,0.580532784149
0.32739675905,0.430086028779,0.0874223535006,0.155094858671
0.00398707658872,0.0521972190047,0.625130713363,0.318684991044
0.0719625937587,0.201729725329,0.0971060051778,0.629201675734
0.287817251421,0.347008205651,0.125969243753,0.239205299175
0.977075266934,0.0118428514336,0.00203242603372,0.00904945559893
0.174976710307,0.120546062288,0.255205780157,0.449271447248
0.0577918931308,0.725953877351,0.174034543441,0.0422196860771
0.585370158009,0.0624926220716,0.0505394961082,0.301597723811
0.530277878732,0.0426950751944,0.0454535187987,0.381573527275
0.806256378775,0.180400301448,0.00277474212089,0.0105685776562
0.0724475404545,0.523398564751,0.0100462922069,0.394107602588
0.00747184680702,0.0191085612101,0.00143078898342,0.971988802999
4.14680211794e-06,0.480986386796,0.518308034985,0.000701431416774
0.789740250924,0.162116627031,0.0386971387913,0.00944598325437
0.736326820788,0.239852299262,0.0163582771018,0.00746260284886
0.130370829288,0.00477116545834,0.437977000162,0.426881005092
0.149202748166,0.557857020007,0.0289718880452,0.263968343782
0.153284526367,0.0548456138188,0.311825645743,0.480044214072
0.0314841750507,0.00448474110231,0.115205647251,0.848825436596
0.0946022574812,0.11365017434,0.316528683709,0.475218884469
0.439763125628,0.0371501460493,0.419601425215,0.103485303108
0.11558984422,0.0209787227817,0.226743140509,0.636688292489
0.0037425324125,0.0114501082024,0.984643965465,0.000163393920509
0.303879076536,0.572601832273,0.0943240684392,0.0291950227517
0.0924226715391,0.0246104151561,0.119207965424,0.76375894788
0.413562702428,0.00575252294203,0.118353109186,0.462331665444
0.647151639343,0.00243953115704,0.0893993668761,0.261009462624
0.715003655652,0.074914959545,0.0199581663614,0.190123218441
0.32354119365,0.477902935185,0.195258821908,0.00329704925699
0.18309910876,0.282946303132,0.010675465226,0.523279122882
0.256610757048,0.598782975195,0.0326897322363,0.111916535521
0.0128935103605,0.00796828343444,0.00542062324683,0.973717582958
0.017896891766,0.000489619513474,0.00910865781352,0.972504830907
0.0343762674043,0.160881182064,0.0476751513194,0.757067399212
0.108301875688,0.101055186559,0.787334855608,0.00330808214558
0.26028634274,0.025320846953,0.656996162753,0.0573966475535
0.185112566126,0.297356149128,0.226165671243,0.291365613503
0.116072655921,0.345619230558,0.0194711439555,0.518836969566
0.0321783209225,0.0286493018991,0.933710340123,0.00546203705526