0.298048892848,0.0762821340068,0.472241489295,0.15342748385
0.315696074527,0.0295030371621,0.51555043073,0.139250457581
0.160747681353,0.238938676938,0.188116877935,0.412196763775
0.469158996296,0.0190044336334,0.506576555709,0.00526001436189
0.217976617825,0.238565609448,0.368266788073,0.175190984654
0.678971110035,0.214773323828,0.0261893373974,0.0800662287402
0.0100388266618,0.954261091565,0.00984204105567,0.0258580407172
0.361373380906,0.161480395221,0.407743704559,0.0694025193136
0.916660568444,0.0364792720033,0.020266257984,0.0265939015691
0.277680391324,0.24892744798,0.386783038865,0.086609121831
0.281478433093,0.21318559621,0.488197053387,0.0171389173101
0.344962446628,0.250879657084,0.24985725006,0.154300646227
0.607855260949,0.0675883044588,0.0941566880644,0.230399746528
0.409739389837,0.293828839579,0.138453138238,0.157978632345
0.667403187756,0.132654432577,0.0175242374022,0.182418142265
0.00117610887223,7.78910757737e-05,0.00139933449985,0.997346665552
0.0678065380842,0.364267492245,0.0362979319058,0.531628037765
0.081702499233,0.273031890256,0.180035039343,0.465230571168
0.910379092276,0.0561493151361,0.0233673869654,0.0101042056224
0.0186913528835,0.0870686769078,0.271565652072,0.622674318137
0.129424268533,0.364108574476,0.375712831376,0.130754325615
0.784243080461,0.0324464954045,0.142923974948,0.0403864491868
0.137417081497,0.144972501463,0.268283406061,0.449327010979
0.0285962520993,0.691522655179,0.160674798755,0.119206293967
0.535058990507,0.335517195094,0.0364647927673,0.0929590216321
0.461596185688,0.364349058052,0.00358778772422,0.170466968536
0.610341547927,0.304516944157,0.0433616659443,0.0417798419716
0.0360002947443,0.689908721836,0.00734566578372,0.266745317636
0.398945986245,0.0277813160816,0.0574521901919,0.515820507482
0.000899126607892,0.0185370187443,0.00940111224283,0.971162742405
0.00531995972008,0.000702652318963,0.0200059721961,0.973971415765
0.0479958119047,0.039103897546,0.0900572405057,0.822843050044
0.054556986028,0.238392164613,0.491461418506,0.215589430853
0.0757277319076,0.194078681574,0.00395342138669,0.726240165132
0.0632811574659,0.0608274161034,0.00528125661082,0.87061016982
0.189753720509,0.263371389819,0.058682398261,0.488192491411
0.0291026046345,0.425142133062,0.0219000365134,0.52385522579
0.0812407822884,0.0375962257256,0.172513553145,0.708649438841
0.0154030415405,0.964943373169,0.0104855703786,0.0091680149116
0.335492704338,0.0815638298206,0.40801246388,0.174931001961
0.0021924544566,0.00204687387615,0.8356340128,0.160126658868
0.0180588844329,0.894920919821,0.0192870315069,0.0677331642388
0.23960852495,0.552287084009,0.204847840656,0.00325655038543
0.153809728089,0.0538884120165,0.0565992429912,0.735702616903
0.235893694003,0.0970521528725,0.483058092095,0.18399606103
0.601120265019,0.148606688242,0.0460882202387,0.204184826501
0.353037130524,0.0590909677923,0.464324808589,0.123547093095
0.858690733107,0.08882903394,0.0256779871856,0.0268022457672
0.0186367692561,0.0633388392454,0.0815825962259,0.836441795273
0.107994588093,0.444296033963,0.345972478035,0.10173689991
0.342987165664,0.647600392053,0.00369001769884,0.00572242458402
0.0141551157802,0.187930625416,0.673509182674,0.12440507613
0.200722362315,0.279923234427,0.113216299403,0.406138103855
0.0879600525533,0.0605351419759,0.0470451406668,0.804459664804
0.317575421366,0.232358020477,0.32614630062,0.123920257537
0.641019039589,0.0311262644661,0.0585674826999,0.269287213245
0.168239776177,0.353830953587,0.103803537077,0.374125733159
0.0877723264636,0.0693831734199,0.611873078486,0.23097142163
0.184188424399,0.587204579898,0.196385301599,0.0322216941035
0.0639095749208,0.0619559498353,0.0477164388618,0.826418036382
0.903887277894,0.0551521416144,0.0337056421765,0.00725493831559
0.4709568814,0.157850674038,0.303205567212,0.0679868773496
0.606997047543,0.126289645648,0.232111697703,0.0346016091065
0.0394812171732,0.0170548736777,0.0840892270356,0.859374682114
0.0170245888295,0.282271775344,0.669282188207,0.0314214476192
0.00791652808642,0.297475504759,0.0224269870842,0.672180980071
0.31242194684,0.5873123844,0.00668903970518,0.0935766290553
0.127878715629,0.473865844719,0.0843099575049,0.313945482147
0.00333466198685,0.0525973825142,0.85119123935,0.0928767161491
0.242272168793,0.723693038021,0.0137033801464,0.0203314130402
0.0145345072999,0.256091884433,0.069153849796,0.660219758471
0.16603505977,0.0710174343122,0.175291061018,0.5876564449
0.0280007289028,0.549670595143,0.398597571957,0.0237311039978
0.405223993407,0.22033890236,0.102655497918,0.271781606316
0.137741147601,0.259477538323,0.348324358321,0.254456955756
0.00741030442485,0.234177916798,0.0106970077822,0.747714770995
0.153062962014,0.0395842313994,0.144782789581,0.662570017006
0.215571564502,0.0248383744788,0.438544370913,0.321045690106
0.206886191173,0.107275996578,0.527671804625,0.158166007624
0.06611269913,0.0150423025195,0.262191423133,0.656653575217
0.00972273056172,0.0229561635198,0.66954780337,0.297773302548
0.115697178089,0.862122659895,0.00328945914288,0.0188907028735
0.0184204143164,0.00955769973339,0.960705470728,0.0113164152218
0.0206121926082,0.7906922329,0.0340024207785,0.154693153713
0.560135236392,0.0479059685356,0.363097494233,0.0288613008394
0.171690556848,0.233575142162,0.371833542368,0.222900758622
0.898378490094,0.00844711597571,0.073728245954,0.0194461479768
0.029396186652,0.933400907513,0.0200159939939,0.0171869118411
0.0173012076283,0.0665381992558,0.0129082685355,0.90325232458
0.0811135950899,0.787212861236,0.0894664625454,0.042207081129
0.326334766247,0.616578378194,0.0157427748449,0.0413440807142
0.151925479824,0.755417137705,0.0821237109803,0.0105336714911
0.0192216686784,0.445655928732,0.346212638252,0.188909764338
0.286569210906,0.606314796907,0.00879120131826,0.0983247908684
0.118773162748,0.154557236384,0.667682759412,0.0589868414551
0.761657742227,0.202438750622,0.020163003302,0.0157405038494
0.899936198584,0.0870121090795,0.0041551711173,0.00889652121945
0.230318160352,0.731401970322,0.0353118086129,0.00296806071282
0.477435117698,0.166973005836,0.173665306949,0.181926569517
0.022762935148,0.474813256149,0.353886335883,0.14853747282
0.0652112502269,0.502146804445,0.0615480168585,0.37109392847
0.113021580358,0.448439863661,0.369448889358,0.0690896666225
0.000736339619218,0.705866549728,0.0335889136483,0.259808197004
0.0657447499606,0.667186207161,0.116147322565,0.150921720313
0.181795599975,0.101401696084,0.091536015307,0.625266688633
0.700902010249,0.149416331065,0.00947317742184,0.140208481264
0.0378757656746,0.375263504061,0.197151106176,0.389709624087
8.60307409177e-06,0.807537218704,0.192334939534,0.000119238687771
0.822796541145,0.140963572778,0.00976343515302,0.0264764509235
0.178461536932,0.31865919731,0.326712349283,0.176166916476
0.10485106743,0.184159850512,0.686153574084,0.0248355079742
0.269110082659,0.00755671179588,0.522566689736,0.200766515809
0.421695964723,0.359649392485,0.0425200881699,0.176134554622
0.417404739857,0.0604128913861,0.120882602058,0.401299766699
0.302736736546,0.0602742393152,0.583518641064,0.0534703830743
0.303908628047,0.0738930214835,0.0280390403037,0.594159310166
0.00710006290498,0.000109501409698,8.61431041197e-05,0.992704292581
0.200855913918,0.525759128403,0.0304979355876,0.242887022092
0.0147338447123,0.0206560890582,0.712433551882,0.252176514347
0.0354879404942,0.204612960972,0.625607042787,0.134292055747
0.0409341209017,0.0798037808096,0.529848681584,0.349413416705
0.0767768439209,0.356612705749,0.199070951438,0.367539498892
0.54097109983,0.0920526147998,0.241033591968,0.125942693402
0.106685404368,0.164211877768,0.0967137475934,0.63238897027
0.00285696516626,0.0242146929647,0.95609905996,0.0168292819087
0.754520847404,0.0451227286259,0.00831702796593,0.192039396004
0.0623847253837,0.0819635874101,0.171368729278,0.684282957929
0.824961285053,0.139823638196,0.00451122109464,0.0307038556563
0.337085591683,0.106798229465,0.00292771806932,0.553188460782
0.114641634597,0.654103142479,0.0167048804142,0.21455034251
0.149688900343,0.124207335054,0.680367043844,0.0457367207594
0.00674357125453,0.00543912955862,0.827980442803,0.159836856384
0.0567978789584,0.630784569708,0.209037096443,0.10338045489
0.0902239557224,0.313834856359,0.586232758562,0.00970842935717
0.0605046535359,0.0847126877521,0.0861613468218,0.76862131189
0.000693103030133,0.00285318056819,0.01815832606,0.978295390342
0.285578981812,0.360173352808,0.217178034809,0.137069630572
0.0198023002608,0.342256457677,0.534038477119,0.103902764943
0.17154213975,0.494370837895,0.266988513172,0.067098509184
0.455517680875,0.234469153371,0.180207388001,0.129805777753
0.0430696493704,0.0760873120735,0.0839688193676,0.796874219189
0.297211274468,0.397291595085,0.265789632772,0.0397074976758
0.243750786724,0.187833819328,0.0941416240064,0.474273769942
0.0609712908295,0.743292372202,0.095384144256,0.100352192713
0.0681651867648,0.114652769283,0.149710777091,0.66747126686
0.141112808867,0.708931552217,0.123583842638,0.0263717962782
0.420504262587,0.0690237397048,0.352137349985,0.158334647723
0.427873983297,0.106801366317,0.43481006846,0.0305145819264
0.626482586701,0.072019648936,0.0851019637668,0.216395800596
0.0449455317357,0.872847244869,0.00993054251461,0.0722766808807
0.00183219880225,0.922004714466,0.000530543283951,0.0756325434475
0.00341036601975,0.0112124137145,0.949883470996,0.0354937492697
0.348076809889,0.320364166286,0.116152888729,0.215406135097
0.529676374468,0.0325501011506,0.28485385703,0.152919667351
0.708198391893,0.11917999786,0.129106832595,0.0435147776513
0.119824925583,0.285632551698,0.450055266982,0.144487255737
0.0310135460155,0.309766416908,0.00345091481788,0.655769122259
0.949122803034,0.0427590307978,0.000147741898293,0.00797042427015
0.121632971775,0.234398321974,1.73678826355e-05,0.643951338369
0.00908429596203,0.11328988918,0.402846779465,0.474779035393
0.209481007993,0.307629465314,0.178621182235,0.304268344458
0.102329184655,0.822448143491,0.00238685226891,0.0728358195853
0.110540646297,0.373126843493,0.377957655549,0.138374854662
0.0170033792417,0.926938948241,0.0161074008373,0.0399502716802
0.937563005844,0.0314079029184,0.00836274411863,0.0226663471187
0.0047349877055,0.777975448902,0.191054060792,0.0262355026006
0.0058983480302,0.0259748532623,0.0261166147156,0.942010183992
0.0407403194667,0.0846378181109,0.825471281792,0.0491505806303
0.0909306335383,0.407334996613,0.0126379649947,0.489096404854
0.865411404652,0.0996707855553,0.0021372372655,0.0327805725274
0.0214822420984,0.0772664967786,0.744351430045,0.156899831078
0.111580882847,0.114188218988,0.743077260685,0.0311536374799
0.00533333425395,0.971415379897,0.00200063630987,0.0212506495396
0.298936754347,0.366333032608,0.0202046943425,0.314525518702
0.136127890039,0.638844926441,0.175483023704,0.0495441598155
0.236626573766,0.0554384690336,0.628895922383,0.0790390348181
0.783142387394,0.0475804422673,0.00246926121137,0.166807909127
0.0457532770484,0.0748361535265,0.873442495676,0.00596807374886
0.190011588583,0.683753932112,0.0375123412664,0.0887221380382
0.327964859012,0.126972179098,0.518943894282,0.026119067608
0.14226750344,0.0139132141542,0.832383998561,0.0114352838445
0.521015508103,0.448140064025,0.0289499128829,0.0018945149894
0.0438779573235,0.00195480983062,0.953346999188,0.000820233657601
0.727750467273,0.171892836718,0.0982980585993,0.00205863740974
0.163868085376,0.72217371966,0.0273294229903,0.0866287719737
0.0628772696355,0.902720893414,0.0340909025977,0.000310934353079
0.00324710717415,0.00722999293567,0.893642047431,0.0958808524594
0.27991785722,0.0630191498084,0.552154557921,0.104908435051
0.0976997964444,0.218779082891,0.620482670028,0.0630384506371
0.951004298872,0.00487156818734,0.0240394939409,0.020084639
0.313632162352,0.14367292353,0.0559921876853,0.486702726433
0.183083928023,0.760676037096,0.0128128337268,0.0434272011541
0.0295614727492,0.0809609943376,0.205334974096,0.684142558818
0.0139302320837,0.123307422266,0.842122466641,0.0206398790089
0.00871108482355,0.0287571618569,0.85367329968,0.10885845364
0.51814998945,0.20176769167,0.194750815591,0.0853315032895
0.139073919073,0.250391109966,0.0763522326558,0.534182738306
0.340783335556,0.0917864464227,0.169355741671,0.39807447635
0.642427405403,0.0169746179845,0.265997863085,0.0746001135277
0.00412491004565,0.0708647313756,0.911151970189,0.0138583883897