0.0356727340824,0.28420354958,0.591162318818,0.08896139752
0.243925136406,0.635056254778,0.0600213756471,0.0609972331685
0.0308172897923,0.0793001946343,0.601963814629,0.287918700944
0.275931112068,0.384058837457,0.192657056938,0.147352993537
0.0205319392448,0.00571322063547,0.00103507526047,0.972719764859
0.712805814418,0.0459397140075,0.190480808389,0.0507736631858
0.311783719966,0.266734834915,0.0929338181339,0.328547626985
0.0883787801581,0.0363439327179,0.800592898057,0.0746843890668
0.580996753342,0.287202575771,0.0157009323003,0.116099738586
0.465986816863,0.0569271950397,0.177603148293,0.299482839805
0.104911264446,0.674222018169,0.0564225098453,0.16444420754
0.144847371781,0.512333804017,0.0974386489408,0.245380175262
0.00275663955132,0.0322316589404,0.959230316823,0.00578138468488
0.130441837526,0.159167063935,0.119799294724,0.590591803815
0.0230447362704,0.0219589935831,0.95062511269,0.00437115745706
0.61942105138,0.235953055767,0.137130823591,0.00749506926239
0.758094821011,0.167137337733,0.0241444124635,0.0506234287924
0.556513716783,0.0135099993534,0.0876743013682,0.342301982495
0.0166648584763,0.241803607325,0.733562066767,0.00796946743163
0.531053650008,0.407959521474,0.0354177267247,0.0255691017928
0.197161618931,0.161498779074,0.284822153517,0.356517448477
0.15404384969,0.00753962983807,0.799285261795,0.0391312586763
0.679013319166,0.175440394559,0.0709169394237,0.0746293468521
0.10426116088,0.62146029839,0.165856316679,0.10842222405
0.1070870203,0.0748252492688,0.206738916193,0.611348814238
0.35374457948,0.155825062872,0.0799168667856,0.410513490862
0.218787225094,0.391017524969,0.268203984673,0.121991265265
0.503298898445,0.078195713371,0.417660672239,0.000844715944528
0.475877460298,0.0922251697319,0.0443920368075,0.387505333162
0.17725346131,0.268400392678,0.437068041024,0.117278104988
0.00935316648125,0.440080116056,0.0556069116148,0.494959805848
0.0580731752256,0.023054507835,0.000701139332652,0.918171177607
0.288812146358,0.410443373278,0.111856279749,0.188888200616
0.00438588385947,0.109815488944,0.85754638262,0.0282522445769
0.000428498850956,0.525015745362,0.0107276969081,0.463828058879
0.260611966881,0.301158933304,0.394246819257,0.0439822805578
0.0226678526389,0.599910141337,0.121914932394,0.255507073629
0.530005612246,0.117869409307,0.258766921685,0.0933580567622
0.41491252539,0.350307957618,0.118214063191,0.116565453801
0.26591659435,0.0818482739113,0.172601512749,0.47963361899
0.240463172,0.088352668798,0.342177687665,0.329006471536
0.0739727548868,0.82070183242,0.0340914625873,0.0712339501059
0.0689100707509,0.496357746563,0.137060439715,0.297671742972
0.765728495963,0.103300237048,0.0491511478409,0.0818201191483
0.249769049686,0.17215405674,0.574287922138,0.00378897143651
0.0441734851584,0.197408770393,0.487738775744,0.270678968705
0.869722886128,0.0208366084993,0.0839875386179,0.0254529667548
0.229728221332,0.168454531049,0.422533948884,0.179283298736
0.358241455168,0.00876296424321,0.0011350399298,0.631860540659
0.0560257673618,0.169252593206,0.757291144869,0.0174304945625
0.0358296164768,0.020672553881,0.91686458864,0.0266332410026
0.432710486162,0.257975254984,0.00419801594891,0.305116242905
0.195963300407,0.557864949527,0.120102809943,0.126068940123
0.547155588806,0.158713948705,0.0448044357946,0.249326026694
0.478416420386,0.167697720963,0.0318386539906,0.322047204661
0.0207424534092,0.635853166499,0.013799922761,0.329604457331
0.0774142143952,0.735113740136,0.0413768970699,0.146095148399
0.00430884432653,0.0342428554038,0.910142290454,0.0513060098161
0.605700134899,0.142495197628,0.233684346815,0.0181203206588
0.495465533789,0.138615661141,0.227937144936,0.137981660134
0.151755215052,0.0388684558334,0.477661578898,0.331714750216
0.122453507527,0.0296279415704,0.179132955789,0.668785595114
0.0845468180749,0.429598029955,0.430383582239,0.0554715697307
0.113174888353,0.690828747738,0.0121380038788,0.18385836003
0.445966643191,0.157795465323,0.348821057629,0.047416833858
0.0281696228379,0.76129775883,0.164056019768,0.0464765985647
0.465975551343,0.0304406527634,0.408298691676,0.0952851042176
0.467953473277,0.187669517482,0.214678209636,0.129698799605
0.723298957029,0.00896618625957,0.254040895531,0.0136939611801
0.0237583508002,0.758144074185,0.128976592864,0.0891209821504
0.0764088658437,0.194117690921,0.70998144038,0.0194920028555
0.305431611961,0.377174385927,0.0468052904502,0.270588711661
0.133471472931,0.444565945445,0.0470386520914,0.374923929533
0.0955771049915,0.276678223918,0.0248266639281,0.602918007162
0.0043490720971,0.565266580736,0.410599561494,0.0197847856723
0.00163907334099,0.371600862202,0.202916245982,0.423843818475
0.152203452638,0.122289806772,0.724367433434,0.00113930715645
0.00535288623011,0.5956821015,0.000542551894393,0.398422460375
0.488135444885,0.108708095085,0.365529799092,0.0376266609381
0.00868008879782,0.170088826031,0.734884538556,0.0863465466152
0.0738205266993,0.477185589032,0.392096959057,0.0568969252119
0.011703088773,0.202253969835,0.0171748402409,0.768868101151
0.697685654415,0.131935865734,0.138931664605,0.0314468152464
0.144674847031,0.00532395647413,0.0441853421743,0.805815854321
0.0495535877597,0.04075972092,0.839165187231,0.0705215040895
0.000189803212695,0.68752079333,0.312232532928,5.68705292501e-05
0.0351037081774,0.17702598401,0.657093302717,0.130777005095
0.129956407688,0.0477173118837,0.285965621958,0.53636065847
0.118708712358,0.0582456317393,0.0447198576162,0.778325798287
0.329340889956,0.00231051035883,0.0244720181065,0.643876581579
0.045825409483,0.418388470885,0.167945141116,0.367840978516
0.0549190041823,0.0109205452168,0.838747846688,0.0954126039132
0.0180622239955,0.0539755868325,0.0552513455832,0.872710843589
0.983637665129,0.00881854424838,0.00147013471667,0.006073655906
0.0013894402896,0.0422311435024,0.00804795085612,0.948331465352
0.045770467601,0.406259372321,0.0089194793302,0.539050680747
0.178942726648,0.272677029004,0.214197547007,0.334182697341
0.0798032611418,0.692719185158,0.118746109838,0.108731443862
0.00544851516748,0.0950395864687,0.29145322331,0.608058675054
0.836336428591,0.00787211675301,0.0181530530202,0.137638401636
0.372142177327,0.256015421587,0.13839305324,0.233449347847
0.118530059264,0.542640270392,0.136570570845,0.2022590995
0.0387348478632,0.0222236266602,0.137427865599,0.801613659878
0.668032026875,0.0383192074202,0.268726660779,0.0249221049256
0.00327129542149,0.0488084821648,0.941361362383,0.00655886003027
0.0139625761392,0.346239610576,0.369958933909,0.269838879377
0.0548508810708,0.446472692341,0.267736360414,0.230940066174
0.61116253098,0.00209948216254,0.0742287543398,0.312509232518
0.182731711975,0.533883362403,0.21458513841,0.0687997872119
0.305103370008,0.311915036986,0.287977818229,0.095003774777
0.053602346863,0.265681876367,0.339040570149,0.341675206621
0.284243602157,0.583340283117,0.063374035408,0.0690420793177
0.163326833861,0.813072063752,0.0114625344598,0.0121385679273
0.0303801244924,0.011908199417,0.258222724508,0.699488951582
0.247194105387,0.43947082448,0.0192777225581,0.294057347575
0.32895018818,0.00134678218388,0.0155444554537,0.654158574182
0.00111309018151,0.951439340275,0.0249654469441,0.0224821225992
0.319922878238,0.486965366896,0.147937896696,0.0451738581703
0.0502154351781,0.0102771835152,0.926318455579,0.0131889257282
0.123893576594,0.0537417261374,0.170440523614,0.651924173655
0.754336019846,0.0297887160532,0.209301461298,0.00657380280327
0.270563030066,0.112932085039,0.147641104557,0.468863780337
0.00888454099157,0.510740223615,0.186002222367,0.294373013026
0.407846306447,0.137047729243,0.0434035849925,0.411702379317
0.0304509681561,0.148638714589,0.775078174447,0.0458321428072
0.353411551494,0.485733713767,0.0226929091195,0.13816182562
0.87086639232,0.107764414263,0.0127894839674,0.00857970944959
0.107347736948,0.168809253347,0.573822407671,0.150020602035
0.0318878061116,0.154094698538,0.000125273786739,0.813892221564
0.0490318391079,0.000577956520097,0.94439134802,0.00599885635202
0.0472212879492,0.0424992363335,0.665789356282,0.244490119436
0.0198875105833,0.0171767694712,0.184622941217,0.778312778728
0.928991369256,0.0338952765341,0.0329389449684,0.00417440924136
0.803629836523,0.0501296491176,0.0293590829682,0.116881431392
0.0116398578341,0.421356169613,0.0104471866018,0.556556785951
0.00883075898854,0.000825315985438,0.148210678738,0.842133246288
0.416949619242,0.164487716592,0.383618829841,0.0349438343255
0.0749009042576,0.197563435683,0.0371450284135,0.690390631646
0.0195519224453,0.960545026867,0.00576535829867,0.0141376923894
0.792128995596,0.000794360665177,0.0187138000207,0.188362843718
0.135482074248,0.0456904227194,0.432778614794,0.386048888239
0.0782512599955,0.337482482031,0.119881080708,0.464385177266
0.11685079574,0.000863927924154,0.853456752966,0.0288285233706
0.0686224767215,0.108361188317,0.802148450077,0.020867884885
0.48712165586,0.407618294024,0.0683017189161,0.0369583311992
0.0966766376207,0.373115573931,0.462878268656,0.0673295197927
0.0663043056039,0.523514041054,0.080549126333,0.329632527009
0.0112439073289,0.278531688844,0.112098496776,0.598125907052
0.186415031819,0.120131964962,0.563222646811,0.130230356408
0.0823769060974,0.403460288832,0.474040846904,0.0401219581667
0.149375784348,0.00231784624695,0.53561763968,0.312688729725
0.805879907998,0.00231933338863,0.137896765035,0.0539039935777
0.000857412750179,0.0612658468233,0.934157725359,0.00371901506718
0.324187058583,0.0171168470067,0.00719553000897,0.651500564402
0.107629330918,0.628098615877,0.0586085089096,0.205663544295
0.130801492985,0.119221540954,0.0352928331583,0.714684132903
0.0434197698912,0.104535673816,0.68457024798,0.167474308313
0.940125042121,0.0464292104683,0.00894857640434,0.00449717100678
0.119099644061,0.061366494251,0.0571223712103,0.762411490478
0.131641329016,0.438858536337,0.167025222638,0.26247491201
0.0685065831917,0.638000559074,0.130644279084,0.16284857865
0.933703745015,0.0309902136279,0.025646738035,0.00965930332182
0.00116626204158,0.437389881146,0.530710179751,0.0307336770611
0.195607378723,0.0874607804347,0.456203732031,0.260728108812
0.326998798309,0.224058263362,0.437749600679,0.0111933376493
0.00945752967076,0.078292128222,0.204348358754,0.707901983353
0.513605646249,0.0626403385259,0.412118695022,0.0116353202032
0.299853797438,0.12888995468,0.30402149116,0.267234756721
0.00207441619433,0.0184534114084,0.976064036574,0.00340813582366
0.93301806133,0.00811447427415,0.0212114648203,0.0376559995753
0.0474122617169,0.752396976805,0.158003307739,0.042187453739
0.711897687683,0.0320040885725,0.0963948211044,0.15970340264
0.302863676594,0.01166767875,0.646996180498,0.0384724641578
0.342768905545,0.213695321759,0.0560323623358,0.387503410361
0.186911620049,0.200573803297,0.38326218818,0.229252388474
0.179903973789,0.348664544208,0.036397861092,0.435033620911
0.0270389031262,0.106152524179,0.331439760198,0.535368812497
0.0261534105654,0.593406160966,0.221728970765,0.158711457704
0.00617764553017,0.0252919112594,0.933749596347,0.034780846863
0.0391130789381,0.0701241503313,0.0335827744537,0.857179996277
0.00426911204121,0.918511232019,0.0764922983199,0.000727357620156
0.289608149675,0.306465543871,0.386295794851,0.0176305116026
0.0223103934539,0.36161449548,0.613435574229,0.00263953683717
0.257274688186,0.0752445822381,0.655841493968,0.0116392356072
0.0460778898056,0.57347642126,0.350161960243,0.0302837286915
0.484574833586,0.346822939531,0.140304485645,0.028297741239
0.047808416207,0.379116392771,0.191224314687,0.381850876335
0.327589956038,0.62870416315,0.0092979399059,0.0344079409067
0.0231459767686,0.272905337828,0.671660479589,0.0322882058144
0.385602942726,0.239736713319,0.151508772305,0.223151571649
0.403553294807,0.0688439856879,0.321070742848,0.206531976657
0.387268891589,0.0193061244153,0.218668280781,0.374756703215
0.0224112471296,0.751530288074,0.0188113472246,0.207247117572
0.15579312225,0.641825311397,0.130965495843,0.0714160705094
0.240196633216,0.618931846481,0.110556890886,0.0303146294171
0.361281446395,0.388890415301,0.0973421508195,0.152485987485
0.0142550520141,0.653026986919,0.328075878065,0.00464208300253
0.921020395496,0.000350536112712,0.00331278664811,0.0753162817432
0.210865504529,0.0595338090037,0.257327337903,0.472273348565
0.199684874978,0.354534159385,0.106943851201,0.338837114436