0.876724534279,0.084791970861,0.021821348119,0.0166621467411
0.288075265371,0.646538596702,0.0504845790629,0.0149015588636
0.0827748387101,0.0884489049956,0.00579166124018,0.822984595054
0.0697660484545,0.0753402128545,0.768992309561,0.0859014291301
0.445836266963,0.205230972457,0.140928439269,0.208004321311
0.067976485238,0.534761541311,0.0790002694089,0.318261704042
0.275092095591,0.468532530739,0.16155843225,0.0948169414203
0.141675096338,0.30147856099,0.0642152438519,0.49263109882
0.0214034881199,0.831544646925,0.0857619665528,0.0612898984028
0.0263677425364,0.959455025607,0.0071854287721,0.00699180308408
0.179053505754,0.462691493632,0.108322635189,0.249932365424
0.304098435462,0.32389361873,0.199543021289,0.172464924519
0.250076121607,0.00752543903938,0.225585471973,0.516812967381
0.1394339206,0.0669943150384,0.763599922807,0.029971841554
0.32717520267,0.425218325353,0.0357512662561,0.211855205721
0.228401264182,0.105389155706,0.11039024858,0.555819331531
0.100473372029,0.0890923582163,0.230777456567,0.579656813188
0.358128234312,0.00996058216132,0.625612836217,0.00629834730885
0.400597981201,0.241850491237,0.163209117,0.194342410562
0.50378708849,0.0677022579957,0.104214526041,0.324296127473
0.128543541353,0.0184027566137,0.311691639875,0.541362062158
0.101618206995,0.304383245161,0.178509778774,0.41548876907
0.049086887256,0.762050307592,0.127131246227,0.061731558925
0.0424503176401,0.0070929643609,0.929084904609,0.0213718133902
0.0596471680431,0.0293587633391,0.361697992326,0.549296076292
0.920491739413,0.024443807517,0.0107984322342,0.0442660208361
0.0357898119146,0.2952150389,0.151924498048,0.517070651137
0.111657394631,0.526384894272,0.0145217282468,0.34743598285
0.122206953992,0.328258399959,0.456478839051,0.0930558069976
0.23171320369,0.144833001319,0.571117045108,0.0523367498824
0.236713323895,0.0359630297907,0.671137434579,0.0561862117348
0.00282794871408,0.00557940254519,0.958495241968,0.0330974067726
0.0144996456448,0.0251897944182,0.0236725875882,0.936637972349
0.0237778530739,0.0683733857365,0.613316774262,0.294531986927
0.305681680538,0.415907515291,0.0247668930035,0.253643911168
0.00388784072328,0.665497374024,0.114967286196,0.215647499058
0.00278019319142,0.326850662108,0.655218493892,0.0151506508091
0.0898658715247,0.147457321932,0.442989547828,0.319687258716
0.329251490361,0.101693403053,0.467853915404,0.101201191182
0.847264044817,0.0693167673203,0.068958637773,0.0144605500895
0.651304068772,0.210791693148,0.119936071166,0.0179681669151
0.548208916668,0.00855076156936,0.289880337314,0.153359984448
0.327414839766,0.129500425742,0.0744907617171,0.468593972776
0.110516569335,0.00265648279025,0.000645767147162,0.886181180728
0.747106266451,0.111410613798,0.0617520232739,0.0797310964774
0.0645393113541,0.402988837737,0.108223092188,0.424248758722
0.397960466268,0.108305591559,0.373951883394,0.119782058778
0.434655214054,0.0307980369392,0.265241848006,0.269304901001
0.00892356353254,0.555947326951,0.431134541875,0.00399456764139
0.253846567216,0.170370032072,0.0038319848702,0.571951415842
0.0486451024215,0.425607918805,0.0339347433136,0.49181223546
0.861038612448,0.000574078682396,0.095060295181,0.0433270136886
0.416480022799,0.119988130532,0.0654965965932,0.398035250076
0.0063571282059,0.938037609457,0.0474324851064,0.0081727772307
0.120961421345,0.766974389064,0.105593062678,0.00647112691291
0.089049559544,0.0167786336952,0.87108911181,0.0230826949504
0.205961772424,0.042905909387,0.694187416349,0.0569449018399
0.133143395755,0.0973689315276,0.649825083819,0.119662588898
0.00681980946172,0.0128456721102,0.370981106122,0.609353412306
0.0929047609712,0.0279588607999,0.751134995688,0.128001382541
0.851171041421,0.0272593383248,0.118485309823,0.00308431043108
0.747906005891,0.00240023376005,0.249324085011,0.000369675338239
0.00124564331974,0.615614063577,0.176372399341,0.206767893762
0.113147198573,0.746985092727,0.05496309132,0.0849046173798
0.304588651591,0.165434560261,0.0475310503629,0.482445737785
0.178206429563,0.00266906904252,0.798622991296,0.020501510098
0.300098434901,0.129978338119,0.137532261575,0.432390965405
0.00394177196919,0.0816064972745,0.90342123163,0.0110304991268
0.0128482104188,0.646220022645,0.33450406922,0.00642769771542
0.110550083547,0.234423098158,0.514290192134,0.140736626161
0.0289031862493,0.235268426965,0.09036006774,0.645468319046
0.0117562927029,0.0509211359968,0.588324002001,0.348998569299
0.599704258905,0.0373887701635,0.284670169874,0.0782368010579
0.394159159696,0.377760835201,0.0702011362034,0.157878868899
0.105823059453,0.0329017213096,0.608214224757,0.253060994481
0.00140811382032,0.11447069871,0.053035453348,0.831085734122
0.911776434336,0.0548337838083,0.0214304243013,0.0119593575545
0.30537335372,0.128155039358,0.290345965582,0.27612564134
0.108254911016,0.0157145496073,0.704388057424,0.171642481953
0.580721054057,0.0196725178966,0.248313200105,0.151293227941
0.00210650651575,0.305938694852,0.317256233191,0.374698565441
0.421291675677,0.152360382734,0.102040237267,0.324307704322
0.540445815679,0.00039022167097,0.458159156413,0.00100480623648
0.0396342939484,0.00837480944737,0.769728404882,0.182262491722
0.136695063315,0.105365474519,0.155191752595,0.60274770957
0.127757604699,0.866272120476,0.00484556240146,0.00112471242325
0.0641597115999,0.128413802055,0.654974929259,0.152451557086
0.112341163257,0.160882222333,0.698318147685,0.0284584667251
0.0137291697194,0.00982064582751,0.7946770213,0.181773163153
0.262321135085,0.00284331609339,0.130359603181,0.60447594564
0.0477012735444,0.725044248164,0.20380772137,0.0234467569213
0.231764138859,0.0755466632694,0.0453518608516,0.64733733702
0.091047559402,0.00758328377299,0.810671890702,0.0906972661226
0.0248235135357,0.782936451264,0.182789844117,0.00945019108402
0.267349008449,0.588096116676,0.0771556488577,0.0673992260175
0.555849345706,0.274375351445,0.0104661091019,0.159309193748
0.118641093173,0.169400951395,0.0107022283768,0.701255727055
0.0275682160486,0.811635747844,0.00625155425791,0.15454448185
0.0124609412446,0.128490258764,0.0898905739923,0.769158225999
0.185505592553,0.319093987298,0.0173363751213,0.478064045028
0.00187758491984,0.00111750708775,0.995772523052,0.00123238494026
0.133206341435,0.464276030656,0.0383559370533,0.364161690855
0.0211826125678,0.0338570942735,0.090216433641,0.854743859518
0.00184870769194,0.40741682087,0.0245190831911,0.566215388247
0.0160808908544,0.0127159914648,0.012361188932,0.958841928749
0.368858069591,0.0869456423828,0.0205487085976,0.523647579429
0.271073122597,0.160761686728,0.211446592363,0.356718598312
0.676846505233,0.118977329527,0.18832722282,0.0158489424196
0.490949224525,0.0852977276451,0.271084358776,0.152668689054
0.114037784229,0.0947419174254,0.298699284659,0.492521013686
0.0389574506662,0.0216367180558,0.73241431251,0.206991518768
0.281229442628,0.444481271883,0.227249484876,0.0470398006129
0.523309532258,0.356540185226,0.0730480254508,0.0471022570648
0.192760733398,0.660199416543,0.100983331039,0.0460565190199
0.0172238605242,0.0272402682417,0.0476888536513,0.907847017583
0.409149006383,0.387958888788,0.104364132346,0.0985279724839
0.304728501783,0.114533363367,0.381074878142,0.199663256707
0.989733337292,0.000686137832165,0.00022731581012,0.00935320906524
0.895432551052,0.0016966734678,0.0938170525491,0.00905372293096
0.0302049300148,0.563213559126,0.401089490238,0.00549202062096
0.0402775786513,0.0907665365506,0.307272463855,0.561683420943
0.195428505,0.280451368824,0.157963596527,0.366156529649
0.820668024545,0.0704856586966,0.0249753726344,0.0838709441235
0.191431056088,0.178384445087,0.38673968609,0.243444812734
0.384043547684,0.102277509065,0.490934028732,0.0227449145195
0.129403448894,0.463328360277,0.165497899325,0.241770291504
0.0790160151255,0.0177002850928,0.180037828373,0.723245871408
0.735160389737,0.0240912715559,0.0441141845148,0.196634154192
0.149326256299,0.0207700911119,0.330898805149,0.49900484744
0.0972743468799,0.0527543362637,0.110866975732,0.739104341125
0.541596126406,0.00914222087282,0.448664156589,0.000597496132084
0.148447584961,0.456431515436,0.105863559783,0.28925733982
0.298010388849,0.0526821517642,0.567119787546,0.0821876718409
0.0354597443452,0.0575583323133,0.232254180763,0.674727742578
0.0211180949861,0.0840695687655,0.87782831484,0.0169840214086
0.783718632446,0.0280620416543,0.0568557578295,0.131363568071
0.0521911324512,0.876369084128,0.00172941945719,0.0697103639632
0.0055250130644,0.878690291489,0.0519261239872,0.0638585714591
0.00998857344279,0.722229423959,0.228726799472,0.0390552031255
0.25932590566,0.155827901156,0.22237569396,0.362470499224
0.0177977104372,0.72990013214,0.00326465759284,0.24903749983
0.528069885126,0.240108071849,0.0434905187628,0.188331524262
0.562292350479,0.0567557113862,0.211414168868,0.169537769266
0.103038619619,0.0792731293437,0.147997698329,0.669690552708
0.582980270701,0.0655030882536,0.0257524766396,0.325764164406
0.019601648327,0.0520519289276,0.909005153988,0.0193412687579
0.000128250405267,0.000720500199472,0.996656240385,0.00249500900993
0.0606534684033,0.109049489886,0.35979730171,0.470499740002
0.447553020021,0.147448240525,0.376533235293,0.0284655041602
0.557337022791,0.153079787567,0.183333919941,0.1062492697
0.827791957395,0.0672573102649,0.10189733316,0.00305339917958
0.0429039540563,0.0719892347732,0.577941088033,0.307165723138
0.0226888837238,0.112803472397,0.810391434105,0.0541162097744
0.791425543553,0.0561032213671,0.0453807647895,0.10709047029
0.000369741826155,0.136155170039,0.859715548551,0.0037595395834
0.0101374486818,0.989675947652,7.72463354373e-05,0.000109357330992
0.0513896297011,0.245078650196,0.100689604204,0.602842115899
0.508721230072,0.334312530595,0.105804952015,0.0511612873176
0.00269539594436,0.438520103544,0.0301027299167,0.528681770595
0.29770233501,0.470358830298,0.118323932171,0.113614902521
0.00150705479996,0.0881714736492,0.0391495234359,0.871171948115
0.139761487622,0.812508371938,0.0110054129798,0.0367247274603
0.0876836358491,0.237097587373,0.0190913275326,0.656127449245
0.136770272965,0.468194552513,0.111816634416,0.283218540107
0.0372723616169,0.182374603289,0.29922416167,0.481128873424
0.280272355112,0.671962958454,0.0240098575214,0.0237548289119
0.0452402686707,0.031981234592,0.209429435311,0.713349061426
0.533446959716,0.00227765061262,0.462503469671,0.00177192000038
0.521197430489,0.320623879098,0.147239082146,0.0109396082669
0.802016255765,0.0634319510927,0.0966896491769,0.0378621439652
0.0365073350265,0.347068373456,0.262746169405,0.353678122113
0.533621618198,0.281833328023,0.164449542542,0.0200955112374
0.0333487203254,0.0594715412568,0.887704113251,0.0194756251671
0.463934613758,0.0647457365266,0.225791280336,0.245528369379
0.0837437361963,0.0444761298984,0.678821388223,0.192958745682
0.0184320170492,0.910102986355,0.0440392849214,0.0274257116745
7.84960518804e-05,0.179990237643,0.387071324547,0.432859941758
0.581788371915,0.0557458013145,0.155407653272,0.207058173498
0.661715343707,0.297026433461,0.0163735008046,0.0248847220274
0.384541689745,0.0437696800942,0.42112274975,0.150565880411
0.0940258011112,0.535471458308,0.187507882629,0.182994857951
0.243797498229,0.332685270156,0.103296679276,0.320220552339
0.557057185243,0.227862610119,0.044259635825,0.170820568814
0.623483494076,0.0762293087451,0.274805491075,0.025481706104
0.0245053840954,0.336947948664,0.599488242555,0.0390584246862
0.102866990673,0.163110205034,0.485550101252,0.248472703041
0.233806166642,0.166346761472,0.480464600156,0.11938247173
0.00366882089573,0.0576289498798,0.899974832291,0.0387273969339
0.0484476193819,0.0237354918593,0.823529305763,0.104287582996
0.57366660528,0.15823836177,0.205028101783,0.0630669311678
0.0498312857292,0.457205077536,0.0685115412303,0.424452095504
0.084694483261,0.726269618533,0.182733278303,0.00630261990357
0.789779091847,0.127908381952,0.0498188685933,0.0324936576077
0.838653493824,0.0252207153473,0.129337503927,0.00678828690178
0.392407130915,0.18046856639,0.242226119296,0.184898183398
0.221978202065,0.170589964978,0.562795525244,0.044636307713
0.00996342768407,0.408456162119,0.33209689967,0.249483510527
0.477580469526,0.174812365096,0.0687144617209,0.278892703657
0.691473356392,0.0287500750812,0.274020794226,0.00575577430103
0.349245590495,0.339660734879,0.117553580364,0.193540094263