0.117647832379,0.00160586072024,0.451832845414,0.428913461486
0.0343719869424,0.837217483594,0.106793925049,0.021616604414
0.0140257684292,0.203678753358,0.0570738703135,0.725221607899
0.863854079338,0.0652223694247,0.0685376563044,0.0023858949325
0.346467342345,0.266915560819,0.258012902439,0.128604194397
0.0437803891304,0.41901135637,0.0185777613834,0.518630493116
0.000489797353775,0.00271492809368,0.000420666549335,0.996374608003
0.0119623042542,0.00781027233696,0.0339021868101,0.946325236599
0.401590841228,0.00118191687689,0.397367300064,0.199859941831
0.0414643660169,0.0826082583398,0.592618317393,0.28330905825
0.44068846099,0.00537872822745,0.194250232968,0.359682577815
0.00280277067509,0.00663633219781,0.959992947687,0.0305679494405
0.512306139445,0.189243690486,0.17397687862,0.124473291449
0.200773058039,0.0808613695911,0.713696621735,0.00466895063479
0.190226249897,0.00967200924936,0.448156849244,0.35194489161
0.114759032129,0.0988744032665,0.117598100249,0.668768464355
0.29591427668,0.000108519906576,0.137476564224,0.56650063919
0.294223692983,0.0259541203484,0.63540810763,0.0444140790382
0.0109506532083,0.819918891852,0.146346475166,0.022783979774
0.515296723443,0.108176546883,0.0958864310475,0.280640298626
0.413781226946,0.244722838159,0.162008355152,0.179487579743
0.0854020222977,0.149396449341,0.113209577188,0.651991951173
0.00706611549489,0.484056853983,0.0135216300266,0.495355400496
0.666924971595,0.0576126903226,0.113517979907,0.161944358176
0.328730743324,0.00376641539964,0.658565165119,0.00893767615763
0.0332246635348,0.821543237221,0.000646326515073,0.144585772729
0.259998605953,0.735857864945,0.0024382583027,0.00170527079933
0.810738073086,0.0600465900679,0.0413796863864,0.0878356504592
0.287185532769,0.0536848695939,0.0102109772335,0.648918620404
0.0165399287792,0.0262991583522,0.0120002894515,0.945160623417
0.0477269464684,0.0626828788894,0.0536455955546,0.835944579088
0.0519281601605,0.134467388674,0.652090723671,0.161513727494
0.0117420636179,0.976881128114,0.00551074152887,0.00586606673908
0.592634018643,0.0747079198601,0.174651703659,0.158006357838
0.734819476131,0.0143824654108,0.0415577317307,0.209240326728
0.391364558832,0.0264069522814,0.384572374517,0.197656114371
0.022031202082,0.279921697546,0.538455455757,0.159591644615
0.0931006462982,0.225393697317,0.227699462851,0.453806193534
0.0678375367839,0.0612461576394,0.0109282357598,0.859988069817
0.00248622023775,0.00257020895339,0.976591907692,0.0183516631165
0.835210285071,0.0403042649148,0.0718527216853,0.0526327283293
0.247349186516,0.604964953794,0.0462072495758,0.101478610115
0.202877002262,0.25453034709,0.0687926032048,0.473800047444
0.100298085239,0.190929425541,0.543976146682,0.164796342538
0.513229272618,0.068297746229,0.0264017596882,0.392071221465
0.103586596298,0.246467584597,0.148811076509,0.501134742597
0.0926854300116,0.514063466886,0.314763719475,0.0784873836272
0.204369685019,0.0133673299669,0.017916140787,0.764346844227
0.0170073679108,0.670497672758,0.075864176272,0.236630783059
0.744138315011,0.0873073714554,0.152554292584,0.01600002095
0.0982099592757,0.0407539252825,0.843711791375,0.0173243240667
0.780656270406,0.00148428596106,0.00354170930302,0.21431773433
0.410617210032,0.073393374241,0.361901203069,0.154088212658
0.0343023734649,0.154457186959,0.0088697892775,0.802370650298
0.0371881298474,0.123196154586,0.650048553247,0.18956716232
0.922323310679,0.0253054130556,0.0031162043542,0.0492550719109
0.141908101105,0.380953221355,0.15370792667,0.32343075087
0.0355410470473,0.023247475251,0.138495049667,0.802716428035
0.0172324308256,0.0241586988442,0.953830448678,0.0047784216518
0.610859993521,0.0549986379271,0.270550078405,0.063591290147
0.0133822543961,0.338685102051,0.608372177494,0.0395604660589
0.939341611663,0.00130494619742,0.0579639415419,0.00138950059777
0.0373821224905,0.14947213885,0.71359237884,0.0995533598197
0.759489317832,0.06184787649,0.156188714912,0.022474090766
0.0278646780029,0.0119395318977,0.0017012183567,0.958494571743
0.59709079624,0.019839807812,0.254842060146,0.128227335801
0.12116873534,0.770465304426,0.0525805931373,0.0557853670966
0.182147664153,0.244490260191,0.0473377942418,0.526024281414
0.0489411087192,0.0207558193321,0.855006180024,0.0752968919243
0.186613400154,0.62932660879,0.158738097364,0.0253218936928
0.00394564298473,0.992052408748,0.0033393045,0.000662643767491
0.0806303279219,0.102049391645,0.139030875489,0.678289404945
0.538352294324,0.028489795607,0.432014410344,0.00114349972506
0.251375630269,0.484784867488,0.00799873411638,0.255840768126
0.0220720129327,0.0606655263417,0.227472526475,0.689789934251
0.752182316648,0.0760106933983,0.0955621857262,0.0762448042275
0.4708512145,0.225333261416,0.119102179366,0.184713344718
0.542986638318,0.137070454707,0.250107292874,0.0698356141004
0.0034992699357,0.0388202549339,0.830940213222,0.126740261909
0.118438422701,0.206576963394,0.634774218617,0.0402103952884
0.0219595797116,0.31875294742,0.320251312804,0.339036160064
0.162555205381,0.765135410248,0.0459351222557,0.0263742621152
0.0479403535232,0.645778434723,0.299085966405,0.00719524534823
0.796735895358,0.0813274622292,0.0688015941853,0.0531350482276
0.084024130697,0.130209218686,0.454331984607,0.33143466601
0.350312760824,0.210037930251,0.28016792336,0.159481385566
0.138744245094,0.119679660243,0.119372183965,0.622203910698
0.888930248623,0.0260635677397,0.0817499304409,0.00325625319632
0.00421200710746,0.904185566603,0.0235760151618,0.0680264111279
0.044641661145,0.0303097560114,0.918309539615,0.00673904322873
0.434173799115,0.0218768535679,0.536368120222,0.00758122709477
0.00102229311334,0.00152334364342,0.896692718289,0.100761644954
0.651847943712,0.271374842103,0.0383127381427,0.0384644760423
0.295130107448,0.0819875095479,0.200060230734,0.42282215227
0.912404242929,0.0422291834702,0.0190196178359,0.0263469557647
0.0632886441091,0.56878116049,0.147874589655,0.220055605747
0.526949864108,0.0401006347106,0.290546541197,0.142402959985
0.123464268658,0.581827561588,0.149492311282,0.145215858473
0.00817261488012,0.396442132633,0.239990477988,0.355394774498
0.0121174278493,0.729611015883,0.23482648113,0.0234450751376
0.0427606535298,4.65396250083e-05,0.0719943234055,0.88519848344
0.0194349296472,0.664264792672,0.282403462873,0.0338968148082
0.0980734487738,0.463172985032,0.0120040676647,0.42674949853
0.00798550862206,0.00718878313366,0.982439064436,0.00238664380838
0.00289853926065,0.0056836753059,0.729851769863,0.26156601557
0.158909108917,0.483578948545,0.152192623799,0.205319318739
0.132860894026,0.0992962023034,0.0868804558691,0.680962447802
0.0215607133645,0.119422559149,0.0418891324295,0.817127595057
0.326393993728,0.0622188360318,0.210804996708,0.400582173533
0.747081514718,0.0067425151459,0.00875361144257,0.237422358693
0.00534169873256,0.30422853079,0.68524302492,0.00518674555777
0.21394982945,0.210375635951,0.463838921786,0.111835612814
0.324988755953,0.0254262070551,0.443789443511,0.205795593481
0.155583849249,0.581208085523,0.0618309615531,0.201377103674
0.0226768454575,0.645558841773,0.13258663522,0.199177677549
0.263188120276,0.339766131456,0.00663873708035,0.390407011188
0.603085209761,0.00888134193884,0.0698491592872,0.318184289013
0.274104397735,0.131508819882,0.541071727987,0.0533150543962
0.0359135457679,0.891452518527,0.0445959562333,0.0280379794718
0.12279699446,0.000404592933307,0.00587777250137,0.870920640105
0.0195455090109,0.967348267869,0.007949023036,0.00515720008363
0.257616447746,0.18039650379,0.232525482499,0.329461565964
0.117115579954,0.0256228081424,0.0791151387152,0.778146473188
0.0178950491142,0.531687064634,0.382835447403,0.0675824388491
0.352118887657,0.124167740625,0.154357841014,0.369355530704
0.266509829586,0.313600156049,0.305884639158,0.114005375206
0.105696796008,0.117827440698,0.480996883087,0.295478880208
0.576007863904,0.0864404446611,0.326918768176,0.0106329232593
0.00956300967162,0.756613425839,0.214650904525,0.019172659965
0.487375505833,0.399971456868,0.00780759709478,0.104845440204
0.0279058696532,0.129716586631,0.201935668537,0.640441875178
0.0354558408122,0.763698083522,0.181882913912,0.0189631617542
0.251093409305,0.124730657209,0.267502743692,0.356673189795
0.147776513461,0.303449696368,0.383587627321,0.16518616285
0.551707207709,0.189606731278,0.253446786154,0.00523927485765
0.465745527544,0.249413540459,0.0644168413142,0.220424090683
0.0240329441511,0.0546264371109,0.590337643842,0.331002974896
0.383211917371,0.0969154490302,0.138044991201,0.381827642398
0.902133917616,0.0045723319859,0.0737031123045,0.0195906380939
0.244127324739,0.314818092538,0.0854717925134,0.355582790209
0.902320482178,0.00931741037707,0.000192128245041,0.0881699792002
0.139378939641,0.180925422576,0.1375908317,0.542104806083
0.125023509807,0.869345297448,0.00434726253997,0.00128393020526
0.00714881090771,0.0410598710454,0.832235794867,0.11955552318
0.0712633701154,0.611580863613,0.268382997945,0.0487727683268
0.238870374921,0.166982548444,0.47699601486,0.117151061775
0.265288209555,0.464757132262,0.0909268882298,0.179027769953
0.237590435616,0.675361604267,0.0173366562591,0.0697113038571
0.320363879308,0.424527640658,0.0800074322943,0.17510104774
0.101431223818,0.179347800199,0.232793818472,0.486427157511
0.169281442649,0.594661197184,0.0397728165802,0.196284543586
0.128450404848,0.476407495983,0.328974274367,0.0661678248018
0.0847143041448,0.0999794101025,0.617493232869,0.197813052884
0.0869468821188,0.135773420622,0.421625157723,0.355654539537
0.00293268713565,0.273928602973,0.51446908009,0.208669629801
0.219537645712,0.143511543822,0.159698112658,0.477252697809
0.487268832278,0.250088779248,0.183331526173,0.0793108623005
0.0416208404597,0.00187497497801,0.203331676118,0.753172508445
0.110766018104,0.855487912059,0.0258062360493,0.00793983378784
0.414700632864,0.227732449645,0.00471020910571,0.352856708385
0.861038652014,0.135110156262,0.00222674421594,0.00162444750765
0.800485622077,0.0849842670908,0.0394355160573,0.0750945947749
0.00388428608364,0.0463507067984,0.160625691686,0.789139315432
0.0539320546403,0.518437465061,0.170308394775,0.257322085524
0.0918282100075,0.0320636115879,0.874574712982,0.00153346542288
0.0957851796935,0.025260257703,0.804856604588,0.0740979580154
0.0222180147843,0.530721119098,0.0361304381536,0.410930427964
0.42055851772,0.143964668436,0.0138214399881,0.421655373857
0.0284402151873,0.829507276712,0.0712668066127,0.0707857014879
0.00942882141159,0.0271538690879,0.925111396244,0.0383059132562
0.135769524842,0.0681522539507,0.73924857961,0.0568296415969
0.563878419986,0.0160925383626,0.0431824438361,0.376846597815
0.100955112706,0.727852205357,0.0376656731762,0.133527008761
0.277132702401,0.13612516943,0.459997324749,0.12674480342
0.783784523058,0.0647264147806,0.0283745871259,0.123114475035
0.973737926226,0.0241393900211,0.00158904772292,0.000533636029967
0.675863161214,0.222547905241,0.0373421057566,0.0642468277884
0.15349892751,0.0416584744568,0.348633640468,0.456208957565
0.735178637797,0.179923876936,0.0775888941266,0.00730859114017
0.106248888273,0.56465975151,0.0837347939224,0.245356566294
0.0940618068131,0.768678830699,0.0882908573787,0.0489685051092
0.603096681359,0.151207396566,0.230405653778,0.0152902682977
0.485178910665,0.138288591705,0.176754480608,0.199778017022
0.258942276895,0.140399072477,0.583742363253,0.016916287375
0.000395079524515,0.998264016777,6.49185251944e-05,0.00127598517301
0.126762142421,0.000181396356858,0.633978109755,0.239078351468
0.000606379518097,0.918753064809,0.0627048642068,0.0179356914658
0.0170858231975,0.550436121887,0.284597132055,0.14788092286
0.750403870266,0.110219655932,0.0550674637003,0.0843090101017
0.79732326511,0.00284273848693,0.186428221441,0.0134057749627
0.0580162147527,0.899563521574,0.0189233837119,0.0234968799616
0.147463853965,0.759900891512,0.0730281795323,0.0196070749902
0.296081844978,0.385641889177,0.256502487149,0.0617737786963
0.499506656042,0.151612727358,0.129883223001,0.218997393599
0.0020828452688,0.110627073226,0.862856466999,0.0244336145061
0.00792433614228,0.0561701175606,0.719760998619,0.216144547678
0.0196349038457,0.798011652979,0.0281745646536,0.154178878522
0.0783578461448,0.161123027754,0.230952675085,0.529566451016
0.503015592798,0.12107913524,0.00832468322592,0.367580588736
0.0220394779556,0.117171320089,0.83899881328,0.0217903886758