6.83121314719e-05,0.210660006762,0.225592329333,0.563679351774
0.383816101905,0.0855008003622,0.203556692807,0.327126404926
0.919026076464,0.015962450237,0.0555561437543,0.00945532954476
0.046250527562,0.393456436771,0.510148751792,0.0501442838745
0.375356602666,0.0865818618466,0.174686821732,0.363374713755
0.515277524354,0.384294137516,0.0601205013937,0.0403078367368
0.381629480577,0.129567844053,0.377972466267,0.110830209104
0.0116730040666,0.819422067903,0.102148139074,0.0667567889572
0.0800252326694,0.0539152305052,0.0749836509837,0.791075885842
0.00311975719114,0.290709237283,0.697292774359,0.00887823116747
0.320641491817,0.0986163604191,0.122004902218,0.458737245546
0.11529675555,0.0581718982553,0.0279336717027,0.798597674491
0.0094531381051,0.01901040153,0.0341640243559,0.937372436009
0.724293352491,0.116308651426,0.0555793117047,0.103818684378
0.00237212722636,0.739474666953,0.22767810485,0.0304751009715
0.640894702789,0.118264924449,0.137939943488,0.102900429275
0.61504618819,0.342974325178,0.0368469893317,0.00513249729974
0.182715012209,0.782365299039,0.00984936680674,0.0250703219454
0.0296481106665,0.063792410932,0.758062659086,0.148496819315
0.0218507449339,0.152336606695,0.113399720864,0.712412927507
0.464535092918,0.114477690934,0.290685995831,0.130301220317
0.0283212990256,0.000351389645759,0.000784616064585,0.970542695264
0.0416499756939,0.00980680959933,0.948079000559,0.000464214147925
0.0185597030224,0.229287287325,0.00243521390766,0.749717795745
0.283916959156,0.139239659388,0.486886795258,0.0899565861982
0.366141550187,0.134188545367,0.191462097306,0.308207807141
0.555722255179,0.0267706731412,0.402542452595,0.0149646190858
0.0535792371235,0.394026536257,0.0916297602454,0.460764466374
0.0010564756913,0.992771859744,0.00179884076823,0.00437282379648
0.320439592488,0.188617629712,0.356624732009,0.134318045791
0.0528722525873,0.867318968392,0.0548008448541,0.0250079341665
0.078117739537,0.107573010933,0.736074628611,0.0782346209191
0.249293755485,0.0695713161166,0.027096206191,0.654038722207
0.116489378672,0.516812536149,0.163730745557,0.202967339622
0.0429567973644,0.254389724511,0.162471720804,0.54018175732
0.0124615466707,0.46319563703,0.140355915037,0.383986901262
0.0462933546823,0.532081596744,0.00574687324932,0.415878175324
0.303152474339,0.310990292554,0.128886055068,0.256971178039
0.245676726868,0.294339656581,0.117081584361,0.34290203219
0.159315461017,0.185052110388,0.384392939161,0.271239489434
0.78849233866,0.117022766419,0.0194702675242,0.0750146273964
0.153557984961,0.201724216541,0.334878184653,0.309839613846
0.41685603969,0.0274980126565,0.00648040320297,0.54916554445
0.168243684649,0.124477600404,0.0185763598403,0.688702355106
0.0800859781711,0.0772417469001,0.825025833753,0.0176464411758
0.0130507538541,0.390999602425,0.2801526186,0.315797025121
0.222733289689,0.465576328465,0.158177028191,0.153513353656
0.00790439681124,0.835781025775,0.140669254676,0.0156453227375
0.125818051179,0.453281312904,0.027079893174,0.393820742742
0.723742736793,0.106688884319,0.0585664347586,0.111001944129
0.684571897716,0.0813648876603,0.0191712981145,0.214891916509
0.689507221293,0.0849540941272,0.158762693314,0.066775991266
0.499548590151,0.0119088831645,0.212583723103,0.275958803581
0.00166043192984,0.0597965803183,0.813819211507,0.124723776245
0.171176709397,0.597369333646,0.00562410560557,0.225829851351
0.217867757155,0.235571282807,0.00232765757238,0.544233302466
0.0366128731646,0.00921560230037,0.0862432048134,0.867928319722
0.0712520407049,0.818947649208,0.0835612631288,0.026239046958
0.0302184800416,0.351461763127,0.0172424583227,0.601077298509
0.180067471456,0.122900819182,0.121174497105,0.575857212256
0.0247596148969,0.908377581982,0.0573021452489,0.00956065787218
0.1558589031,0.277675934673,0.39522802116,0.171237141066
0.0931471868753,0.171164452623,0.609195212988,0.126493147514
0.204455848641,0.234460460497,0.446124692267,0.114958998595
0.507486848824,0.454820210914,0.0121872043869,0.0255057358748
0.108109982365,0.061846519852,0.248835326274,0.581208171509
0.000858483985267,0.307631600527,0.0979679110788,0.593542004409
0.0191136686747,0.0144407842846,0.664548228589,0.301897318452
0.430711568601,0.0246918450346,0.543278805603,0.00131778076148
0.630489856334,0.340845112421,0.0220802048117,0.0065848264335
0.0520047731217,0.276556261164,0.534128681471,0.137310284244
0.150564175329,0.224662274252,0.0452889941338,0.579484556286
0.132261323072,0.732604248596,0.113392938885,0.0217414894469
0.0197562160257,0.0867815033409,0.00487223049174,0.888590050142
0.967920361159,0.0209733908716,0.00453748345269,0.00656876451657
0.0370848266902,0.676842987775,0.0691200823722,0.216952103163
0.252522804772,0.450907076271,0.117450996767,0.17911912219
0.323823289805,0.65446099316,0.0203593827443,0.00135633429093
0.180372651245,0.0564721968678,0.632038693238,0.131116458649
0.395137857681,0.506142871379,0.0816388758458,0.0170803950936
0.0177130895759,0.317957764092,0.42104442476,0.243284721572
0.662034248367,0.156748603728,0.0570083142285,0.124208833676
0.786744740453,0.000907866904342,0.211587417939,0.000759974704254
0.0709127717505,0.0371369901851,0.855608190317,0.0363420477477
0.136639118073,0.565389342927,0.0865254678132,0.211446071188
0.667193065546,0.249710611809,0.00435231330199,0.0787440093428
0.0777677253949,0.276415427587,0.53320669485,0.112610152168
0.161811138472,0.768393247165,0.026518200127,0.0432774142359
0.0809974878584,0.0643679366518,0.325340824613,0.529293750877
0.00706198714024,0.909952874172,0.013301386276,0.0696837524117
0.665765216442,0.295111736572,0.0313143727563,0.0078086742303
0.111479737238,0.442991631963,0.107497059221,0.338031571577
0.0114241209035,0.338581358968,0.417448254814,0.232546265314
0.00340006987832,0.0345755019828,0.866131076252,0.0958933518871
0.114266411361,0.316951781341,0.290739484415,0.278042322883
0.151170220085,0.262615697282,0.202827849263,0.38338623337
0.725480462641,0.143269343751,0.0597512588816,0.0714989347267
0.0544426396081,0.735902294834,0.0943717026308,0.115283362927
0.377349207831,0.151081137251,0.266207820251,0.205361834668
0.0772410553805,0.725754911079,0.00993944578829,0.187064587752
0.379764102208,0.273053043464,0.171049399914,0.176133454414
0.689089832181,0.0858286978849,0.169198563668,0.0558829062663
0.113314932003,0.735579542501,0.148334694321,0.00277083117465
0.109428254273,0.101701549173,0.48636035017,0.302509846384
0.158627609123,0.450076168568,0.231483464222,0.159812758087
0.660910131681,0.16557919156,0.0694053289337,0.104105347825
0.0320936568769,0.263559613036,0.670411022356,0.033935707732
0.35468727309,0.191720345344,0.277102472815,0.176489908752
0.00263960309372,0.0441119083839,0.667712263475,0.285536225047
0.206851963851,0.0452898999981,0.717849289497,0.0300088466542
0.0334652622629,0.175019594615,0.762964939298,0.0285502038234
0.016870007861,0.059235983681,0.923310523283,0.000583485174806
0.33929559112,0.208682178664,0.411768501777,0.0402537284396
0.000251724918673,0.0260576703514,0.000172097025094,0.973518507705
0.489279108716,0.503895749441,0.00153625800905,0.00528888383363
0.0359197359368,0.909692011873,0.026879558185,0.0275086940055
0.530717226573,0.199802093228,0.235460414376,0.0340202658232
0.0261508507445,0.312977013183,0.619289384766,0.0415827513062
0.00942304465473,0.000558367035899,0.00153064857422,0.988487939735
0.294843342318,0.592890568257,0.0398350093256,0.0724310800997
0.594261518385,0.089343827166,0.0946294273638,0.221765227085
0.416449640871,0.027965566428,0.35844453662,0.197140256081
0.0216226438384,0.00315712854866,0.673382200944,0.301838026669
0.970697833671,0.0061749274076,0.0129475096106,0.0101797293109
0.299556606015,0.070623509401,0.312216620431,0.317603264153
0.0603492944013,0.778831036514,0.0644956020761,0.0963240670091
0.0445741725216,0.650169948131,0.133970747397,0.17128513195
0.285601468864,0.0743679919416,0.339934594356,0.300095944838
0.0706794313038,0.261430274607,0.518796026137,0.149094267953
0.0778370878001,0.00457722230073,0.00451516984741,0.913070520052
0.906446065578,0.0460224007039,0.00126057027849,0.0462709634396
0.337497838938,0.00668280697723,0.639904172564,0.0159151815205
0.242542035829,0.0256569092921,0.201643529001,0.530157525878
0.00905968069209,0.4932933091,0.00149619464141,0.496150815566
0.0639395451539,0.390442563696,0.116597196002,0.429020695148
0.191491795423,0.184444735262,0.49386038213,0.130203087186
0.111160928875,0.216169126196,0.0354600320601,0.637209912869
0.229797192515,0.0178737673786,0.177515386902,0.574813653204
0.117208069964,0.640329948463,0.182350499582,0.0601114819913
0.248337056835,0.0408689592862,0.453935094759,0.25685888912
0.571078781799,0.00496141806381,0.068637028273,0.355322771864
0.0066436325121,0.835793655594,0.110336001797,0.0472267100966
0.0775757376898,0.187229380975,0.309067150558,0.426127730777
0.0182164448672,0.979603136427,0.000641428180271,0.00153899052523
0.120186420214,0.586142324286,0.288916933053,0.00475432244731
0.170567000765,0.297162450468,0.43141139687,0.100859151897
0.0445462855105,0.403881079274,0.258837415703,0.292735219512
0.267863322634,0.00355807948682,0.607048225419,0.12153037246
0.021894071576,0.842311708806,0.0982681968551,0.037526022763
0.00704584363621,0.00469143537837,0.962857938891,0.0254047820948
0.00264681056389,0.988354258815,0.000188866998762,0.00881006362195
0.000861505102667,0.0108309346982,0.00915407703191,0.979153483167
0.385410936196,0.340596525256,0.0420557608655,0.231936777682
0.148397566851,0.131164803025,0.474454917147,0.245982712977
0.240725290357,0.214432397365,0.345902980493,0.198939331785
0.100420488504,0.0588995183515,0.290475632171,0.550204360973
0.00313147663015,0.165389088552,0.829231996315,0.00224743850338
0.0299068593617,0.254335438193,0.068639840923,0.647117861522
0.0173259023338,0.440327193991,0.125934585944,0.416412317731
0.94633571324,0.00739819898609,0.00420797427777,0.0420581134959
0.0237153354125,0.00908281081265,0.720638978907,0.246562874868
0.21214140483,0.438210857066,0.29203710931,0.0576106287939
0.596446511383,0.060932221154,0.282366627844,0.0602546396194
0.118336369899,0.637950629338,0.0194247978755,0.224288202887
0.0212527006385,0.146328016346,0.186574053403,0.645845229612
0.0472205159732,0.00451500926967,0.00248448741488,0.945779987342
0.358619967423,0.0623769717562,0.42588449648,0.153118564341
0.0124004953936,0.091813350542,0.042253145038,0.853533009026
0.114446911683,0.655988641785,0.145847053779,0.0837173927524
0.0284324441328,0.0973699733354,0.552138801344,0.322058781187
0.332605119347,0.118076119142,0.125159665458,0.424159096053
0.561365045434,0.0287673268717,0.026064542515,0.38380308518
0.531315032154,0.0319169206041,0.411696433813,0.0250716134287
0.108641047741,0.0335623634345,0.849220882977,0.00857570584833
0.848752038843,0.012392933761,0.0331918792352,0.105663148161
0.320987580578,0.106173412423,0.557923322026,0.0149156849732
0.211289198909,0.0198756034886,0.112349673946,0.656485523657
0.402129606093,0.361590810603,0.225668298712,0.0106112845919
0.148667795238,0.0833774759867,0.219365999785,0.548588728991
0.596524725669,0.00176593859183,0.0425816315398,0.359127704199
0.119493393803,0.18030438999,0.18162261349,0.518579602717
0.18895975769,0.132221800341,0.624235766239,0.0545826757304
0.491698403989,0.450260529307,0.0149586819578,0.0430823847464
0.167167632343,0.662134239128,0.105853700108,0.0648444284223
0.00793414244436,0.110623275669,0.776865420224,0.104577161663
0.369049739536,0.111786192534,0.0357489247228,0.483415143207
0.194847481238,0.470000306633,0.0858739962579,0.249278215871
0.0169176958965,0.165791046668,0.430022510928,0.387268746507
0.206615047396,0.412232927865,0.25594785418,0.125204170559
0.0972401441437,0.00814068853832,0.530164060409,0.364455106909
0.191752251228,0.128235553002,0.549792692805,0.130219502965
0.566363130001,0.108418857159,0.314458025463,0.0107599873768
0.676271955892,0.00950771312395,0.100430782554,0.21378954843
0.239021293792,0.368863682169,0.362345539496,0.0297694845425
0.019950583347,0.169874764478,0.637608522083,0.172566130092
0.0312921860741,0.0225681768541,0.820980099464,0.125159537608
0.40427595254,0.116231160729,0.461255590999,0.0182372957315
0.807921811082,0.0687257334098,0.000224470519403,0.123127984989
0.0304350197185,0.301961392377,0.486562784888,0.181040803017
0.489964325834,0.0348194618801,0.0613897390376,0.413826473249