0.0771288229745,0.00869498820122,0.0289543042428,0.885221884582
0.0794006110193,0.0109883138597,0.0945929003935,0.815018174727
0.0105203251868,0.985224808036,0.00329880282916,0.000956063948393
0.056433976485,0.464493979981,0.428274400198,0.0507976433364
0.00480317416972,0.349138440003,0.50236620292,0.143692182907
0.431657127898,0.110667016445,0.43288041292,0.0247954427373
0.473633035296,0.151227861478,0.183524826916,0.191614276311
0.974221289766,0.0162614995088,0.00119046283445,0.00832674789033
0.00412404280288,0.120785145975,0.360164161643,0.514926649579
0.302463347031,0.00373313021268,0.570680035807,0.12312348695
0.519722881296,0.040950939994,0.373336672136,0.0659895065742
0.0893240831335,0.282930548503,0.407186246554,0.220559121809
0.0427074390127,0.301045182302,0.451888376755,0.20435900193
0.27247809188,0.0507368147301,0.539000725215,0.137784368174
0.0118864242473,0.797663181208,0.163819694351,0.0266307001935
0.0100959001475,0.0011787199874,0.985668628333,0.00305675153178
0.16549662952,0.015985678668,0.362986913938,0.455530777874
0.235253239417,0.0341960880052,0.244946022195,0.485604650384
0.00132832482022,0.000437954873777,0.804860683357,0.193373036949
0.932404027727,0.011956443617,0.0554032057034,0.00023632295247
0.037324925797,0.00784806895736,0.763944012319,0.190882992926
0.124181020247,0.747149683245,0.00415302111055,0.124516275397
0.14712093887,0.0582478897992,0.791210206651,0.00342096468036
0.443237841059,0.233871922612,0.314448628006,0.00844160832255
0.0236431946012,0.441663322913,0.00491219807112,0.529781284415
0.0582683348648,0.0747727026496,0.858733734057,0.0082252284287
0.281691165613,0.0227835644877,0.0341244838227,0.661400786076
0.0483810650122,0.394119542037,0.283343227315,0.274156165636
0.241012608896,0.39813806957,0.0676316431253,0.293217678409
0.224121033122,0.105565613966,0.337732956727,0.332580396185
0.592175285288,0.0939791896113,0.20492876003,0.108916765071
0.0655006923791,0.337148596318,0.0542137310709,0.543136980232
0.0296986852471,0.452335335602,0.250949147799,0.267016831352
0.0514460241685,0.104339266382,0.758045714416,0.0861689950333
0.477528483452,0.167197649255,0.00102788699314,0.3542459803
0.140069104925,0.0871579210281,0.720407833659,0.0523651403876
0.038950638598,0.294188643182,0.0263832029608,0.640477515259
0.00488243942191,0.850064960344,0.0571401073833,0.0879124928503
0.069293662975,0.730815184781,0.193156219639,0.00673493260576
0.786207842671,0.0830672932734,0.0320076943468,0.0987171697084
0.0956596299218,0.126247130947,0.681040422292,0.0970528168396
0.0500539691606,0.100671967543,0.0009655943323,0.848308468964
0.022280944934,0.00100682511977,0.922970835617,0.0537413943291
0.0236102386339,0.865813495181,0.0222852620027,0.0882910041822
0.262984414814,0.198839186308,0.0169800389393,0.521196359939
0.0929726371899,0.00317458364555,0.00741794642271,0.896434832742
0.0205056612611,0.346985952917,0.622781690359,0.00972669546298
0.390737201575,0.487960706457,0.0253412086221,0.095960883346
0.33012331441,0.470978965626,0.157784695748,0.0411130242158
0.0414681283118,0.156875745749,0.75316427471,0.0484918512298
0.491740535528,0.12290631465,0.262084833978,0.123268315845
0.0656101526183,0.224801817599,0.622947879469,0.0866401503141
0.0282317538066,0.000750997235566,0.950320976409,0.0206962725488
0.000639682155911,0.970588752651,0.00450591860884,0.0242656465838
0.00152909015054,0.00102479232564,0.988549356913,0.00889676061086
0.0753685726254,0.759143224858,0.111021795765,0.0544664067519
0.243326146978,0.0609384223474,0.190059465037,0.505675965637
0.0020904247844,0.877531695983,0.0316954680225,0.0886824112097
0.192409422738,0.298158101256,0.391818605383,0.117613870623
0.274562030475,0.416466297223,0.0937433428485,0.215228329454
0.596319468283,0.197099773366,0.0355940218626,0.170986736488
0.130578739112,0.0132599203222,0.0153573641954,0.840803976371
0.823347418658,0.0506277165754,0.0239194848266,0.10210537994
0.130126917042,0.53061903741,0.0168649582989,0.32238908725
0.0238130871177,0.463603907262,0.26487016563,0.24771283999
0.14353862196,0.771587911246,0.0601409968899,0.024732469905
0.000780840360147,0.99542953177,0.00164707041918,0.00214255745115
0.0888780821376,0.0104690494736,0.0510778870601,0.849574981329
0.312825667309,0.385667969725,0.0005722283133,0.300934134653
0.134209563477,0.308175396596,0.000859402595567,0.556755637332
0.457576881239,0.150453646135,0.251552400834,0.140417071792
0.425225367744,0.325794468828,0.235178043101,0.0138021203263
0.359333649797,0.427326427443,0.0866429223066,0.126697000454
0.143258167319,0.26803150374,0.0823358444041,0.506374484536
0.628188002763,0.0480829929514,0.0649562744653,0.258772729821
0.361654574849,0.363844353467,0.262312066204,0.0121890054801
0.340683493639,0.090217755011,0.0705509622378,0.498547789112
0.272445297153,0.149750616683,0.39878134948,0.179022736684
0.0379481649551,0.851605496768,0.0114883891506,0.0989579491262
0.00518956080793,0.940401423425,0.0219605460631,0.0324484697036
0.50907321031,0.0150677309459,0.284617432254,0.19124162649
0.0404320326103,0.0429529062176,0.889848373876,0.026766687296
0.77339765328,0.160391355729,0.0593914250207,0.00681956597093
0.412806403661,0.086262769262,0.300616110465,0.200314716612
0.0216904495632,0.475451697505,0.0185624617887,0.484295391143
0.250176090389,0.0194093696745,0.368040946524,0.362373593413
0.547683057488,0.41587719986,0.0333008583902,0.00313888426255
0.00877311624123,0.604192411917,0.35588128044,0.0311531914012
0.646907614257,0.23177578208,0.0919199763338,0.0293966273296
0.0640757890148,0.0988467654961,0.156581976342,0.680495469147
0.571161616866,0.0329254610274,0.0427593459621,0.353153576144
0.105807330007,0.406961074414,0.348387981297,0.138843614282
0.200315193633,0.146315595091,0.50301917331,0.150350037966
0.155829332427,0.266872608125,0.496336737552,0.0809613218959
0.0142140410928,0.768580115936,0.0529049618108,0.16430088116
0.00178277312052,0.973171366512,0.00986942641695,0.0151764339509
0.0235907352371,0.501273593009,0.000926597302828,0.474209074452
0.0051265133434,0.949115301593,0.0262292259278,0.0195289591356
0.0534628465774,0.638238101999,0.17795320338,0.130345848044
0.0181552724925,0.811695885521,0.157670447191,0.0124783947954
0.102550191883,0.807038851774,0.0213045469807,0.069106409362
0.345059435628,0.281920435257,0.195438200278,0.177581928836
0.0623939929183,0.820415725696,0.00978328807298,0.107406993312
0.126425086437,0.280797458518,0.471099020814,0.12167843423
0.17169159299,0.327309848378,0.276471978071,0.224526580561
0.119785026885,0.371272335051,0.150848541899,0.358094096165
0.0373796692776,0.824757605226,0.00584837263098,0.132014352866
0.308588130573,0.610486171205,0.0174554974379,0.0634702007842
0.18817091722,0.0449677879848,0.541190652716,0.225670642079
0.0183083970933,0.0341019784271,0.361088174513,0.586501449967
0.0617136329105,0.0313575673682,0.903530183405,0.0033986163165
0.00346015296579,0.884714359591,0.00747235575622,0.104353131687
0.245456446451,0.00165298041569,0.0186881771102,0.734202396023
0.222981710077,0.00852914988585,0.624799970892,0.143689169146
0.916678745073,0.0438130473465,0.00305761759769,0.036450589983
0.0495648761226,0.496456726394,0.217176091477,0.236802306006
0.573601011633,0.268789319386,0.129983379375,0.0276262896052
0.477755300519,0.0501016276072,0.463821710639,0.00832136123501
0.422484101972,0.0181048219283,0.249852763883,0.309558312217
0.0542233173146,0.345170862018,0.528991272618,0.0716145480494
0.0272290722457,0.00834768218786,0.254332296345,0.710090949222
0.0708827562954,0.854452324527,0.0483638352618,0.0263010839157
0.00418449162639,0.907652403965,0.0756211372026,0.0125419672058
0.235562511191,0.149398016253,0.0828580632606,0.532181409296
0.186328575599,0.55720290014,0.0791825541791,0.177285970082
0.190764527666,0.109757777666,0.586242181437,0.113235513231
0.117787824284,0.827833798797,0.0400531975095,0.014325179409
0.154603046024,0.441751329193,0.396940089984,0.00670553479877
0.207922685692,0.0508535166182,0.70081323361,0.0404105640797
0.0024578561753,0.989909030486,0.00243132415412,0.00520178918474
0.494092422813,0.047552922879,0.0138185285994,0.444536125708
0.0130451798267,0.841342880514,0.0436659198023,0.101946019857
0.969011330182,0.00623518095552,0.00272013337586,0.022033355487
0.548329400774,0.210260519871,0.124722055925,0.116688023429
0.0849526859895,0.648761754632,0.258106664873,0.00817889450528
0.156334556872,0.254926139294,0.407553691787,0.181185612047
0.614520611898,0.348750492196,0.0282025157363,0.00852638016948
0.0169450983677,0.88350406823,0.0170469784586,0.0825038549433
0.00228559618606,0.823816686079,0.166546208115,0.00735150962022
0.183465570759,0.0702993428179,0.060422979083,0.68581210734
0.0118142584623,0.00431118200191,0.0859971504671,0.897877409069
0.083448906577,0.673176312484,0.0279180088185,0.215456772121
0.0115494783147,0.00802690758834,0.000239830923703,0.980183783173
0.0185396417757,0.0840518847995,0.243451249862,0.653957223562
0.00338265465557,0.62318666633,0.185144052921,0.188286626094
0.277531418793,0.0207047576756,0.510229929479,0.191533894052
0.0440067296673,0.411098926789,0.541785255379,0.00310908816497
0.34561243814,0.224208699724,0.162534132529,0.267644729606
0.00445625376687,0.0018126666067,0.0345001810817,0.959230898545
0.994616073295,0.00258685104093,0.00277651150154,2.05641627598e-05
0.710764256239,0.208964046089,0.00207008705482,0.0782016106165
0.456668406808,0.0678490233323,0.356976245591,0.118506324269
0.161653513199,0.389897073363,0.3988501766,0.0495992368383
0.345076112504,0.138797720699,0.139196202628,0.37692996417
0.31513479712,0.00884474861539,0.235999155798,0.440021298467
0.0304888351809,0.0208527864629,0.0126584001223,0.935999978234
0.00284839526559,0.422552120016,0.366935059176,0.207664425542
0.867573750781,0.0502724399475,0.0125154287374,0.0696383805338
0.270447177027,0.0624338384605,0.0104520756999,0.656666908813
0.272822952655,0.10036703335,0.198925006223,0.427885007772
0.74713782156,0.0436959358115,0.1764443855,0.0327218571288
0.163229987324,0.246941640907,0.198013619619,0.391814752149
0.842005230605,0.01433538129,0.00377411588976,0.139885272215
0.0281544835587,0.791317923507,0.0390452368919,0.141482356043
0.25478806789,0.360394813884,0.0612492308599,0.323567887366
0.370373730108,0.389463940641,0.176533184031,0.0636291452208
0.0800678610507,0.26849885809,0.0765691534904,0.574864127369
0.197425079847,0.133946866161,0.33900131185,0.329626742142
0.00996127493492,0.974531909461,0.00922212489822,0.00628469070579
0.0352516287203,0.813459834571,0.127992917905,0.023295618804
0.427661223682,0.0519329508559,0.28190022499,0.238505600472
0.277527931052,0.382072272358,0.0435599172169,0.296839879372
0.0215482746283,0.195661606127,0.018761845779,0.764028273466
0.295320056419,0.169128185257,0.460338139272,0.0752136190525
0.147135256539,0.0584474318795,0.0174794977211,0.77693781386
0.071582431042,0.00507983716287,0.00100905378323,0.922328678012
0.170736232004,0.0784418053218,0.146828245651,0.603993717023
0.475007909256,0.337595234496,0.0034258067392,0.183971049509
0.760781920263,0.0172327591204,0.0180726518951,0.203912668721
0.0460509221568,0.815324874591,0.0471011261352,0.0915230771171
0.157034048023,0.695627309372,0.100090038652,0.0472486039535
0.195640804244,0.35152178121,0.23988066358,0.212956750966
0.00429544818548,0.00215290527775,0.962790990251,0.0307606562857
0.0251737705753,0.914794720488,0.00108169279051,0.058949816146
0.73323768852,0.0917242470835,0.0428335322363,0.13220453216
0.079000991469,0.783112548313,0.0339440464555,0.103942413762
0.224669388925,0.552338461943,0.0452810706207,0.177711078511
0.196322589009,0.397262221454,0.32599128028,0.0804239092573
0.0395091414256,0.0759242121929,0.859796728889,0.0247699174927
0.215081452717,0.641204439218,0.0440147245099,0.0996993835548
0.00398156639526,0.537402297712,0.450908848952,0.00770728694059
0.0114398595346,0.240620355228,0.568224752227,0.17971503301
0.00151481250537,0.0217136233785,0.847051378637,0.12972018548
0.318831228718,0.225261946561,0.118774115492,0.33713270923
0.135963156507,0.000868397471179,0.863030819377,0.000137626645039
0.415983817967,0.0451816279508,0.205198983616,0.333635570466
0.211332297642,0.257527068086,0.0181275210497,0.513013113222
0.223658246719,0.0394098084621,0.719724698875,0.0172072459436
0.102137822742,0.124310880253,0.744001560152,0.0295497368535
0.060014858297,0.181763413139,0.086185609096,0.672036119468