0.167164390707,0.0850068256131,0.547233262407,0.200595521274
0.0207803582364,0.00983721206346,0.0011976023271,0.968184827373
0.0938302537559,0.458552109655,0.368099945493,0.0795176910957
0.518690681372,0.417204221851,0.052146504507,0.0119585922702
0.114527715382,0.0116472049356,0.0840579965785,0.789767083104
0.278970606193,0.228849065301,0.447135669058,0.0450446594489
0.221978783562,0.122653284916,0.478810281185,0.176557650337
0.191131319144,0.786549400541,0.00122735544197,0.0210919248729
0.126605912958,0.475816617334,0.32396407445,0.0736133952587
0.0379857717525,0.0598903460417,0.776877542732,0.125246339473
0.699574803436,0.158094739788,0.0259567330805,0.116373723696
0.294456591074,0.134527762155,0.231272497364,0.339743149406
0.000762126324867,0.00627857337128,0.668781839082,0.324177461222
0.42987555664,0.31739848479,0.051446989442,0.201278969127
0.413746581034,0.108744723728,0.185733038439,0.291775656799
0.0725876781037,0.010571779335,0.81587694394,0.100963598621
0.091611917091,0.286329098689,0.13041128102,0.4916477032
0.596535885101,0.108869488391,0.00910314346554,0.285491483042
0.125716005086,0.141606297529,0.67571940745,0.0569582899341
0.0185923592602,0.697397100723,0.00345748417646,0.280553055841
0.0106589524937,0.35147051404,0.15430020952,0.483570323946
0.0204167601536,0.611802709744,0.342611525128,0.0251690049749
0.121116667962,0.502397988405,0.149366242141,0.227119101493
0.107313323271,0.161482539395,0.0332466978362,0.697957439497
0.0525646777093,0.120439609809,0.1519767233,0.675018989181
0.890711010503,0.0831288658737,0.00908707336325,0.0170730502598
0.298438627248,0.0449151730064,0.27261209519,0.384034104555
0.0134091160071,0.658643301201,0.204663424316,0.123284158476
0.592736934708,0.00163819756918,0.332252921301,0.0733719464222
0.653376813395,0.0679279181054,0.244337188882,0.0343580796177
0.748691105214,0.0116185730078,0.0823532624526,0.157337059326
0.0261291554554,0.922286386745,0.0174903790664,0.0340940787334
0.797007778391,0.016579976333,0.00702585699459,0.179386388282
0.0621447767624,0.242754373381,0.632591908369,0.0625089414883
0.975693944647,0.00636185535126,0.00884098927962,0.00910321072194
0.826343455321,0.0167297429734,0.0537106374307,0.103216164275
0.000362471692578,0.616142713819,0.374437566081,0.00905724840814
0.95465583666,0.0110063407484,0.0107766043482,0.0235612182431
0.120835177048,0.651931108136,0.0687622171413,0.158471497674
0.402835976769,0.0683565783641,0.0397253405852,0.489082104282
0.300445501891,0.382389515523,0.00257556129345,0.314589421292
0.0200919122507,0.0169879407736,0.466328301943,0.496591845033
0.427413288721,0.12183990387,0.210834366525,0.239912440883
0.851289054191,0.0382928431822,0.110004988842,0.000413113784969
0.137249477793,0.0086298711604,0.781057849899,0.0730628011475
0.368978541879,0.504357779275,0.0154330877843,0.111230591061
0.546198525403,0.0838359907982,0.356845947056,0.0131195367429
0.177118114903,0.748111227239,0.0733574105032,0.00141324735483
0.416208249535,0.447514687022,0.123967758114,0.0123093053289
0.368033051922,0.354082132655,0.0222188809504,0.255665934472
0.000123778172405,0.00955757082639,0.0233859481626,0.966932702839
0.00847976418691,0.907093082061,0.0211856495833,0.0632415041692
0.625706041268,0.143899673145,0.0100135331349,0.220380752452
0.621301790684,0.209319923668,0.00348064704043,0.165897638608
0.15066607122,0.621785776195,0.0225559438081,0.204992208777
0.17559990077,0.713359533587,0.103945380734,0.00709518490954
0.0587840138693,0.0450268646338,0.0419354069485,0.854253714548
0.480158547328,0.0196652893368,0.00417673483815,0.495999428497
0.122924375342,0.0329757345076,0.090449852009,0.753650038141
0.104385050067,0.211371542185,0.412252956558,0.271990451189
0.811009844547,0.092053928191,0.0488994577895,0.0480367694728
0.015668152421,0.0346583091315,0.0128977825029,0.936775755945
0.125350048434,0.672083324034,0.175723748787,0.0268428787449
0.0421432171459,0.131586494152,0.0145965188209,0.811673769881
0.83075984066,0.0127177227462,0.0200202249205,0.136502211673
0.030925116248,0.0103857848317,0.882791520896,0.0758975780246
0.177133802991,0.0513422055441,0.604035457599,0.167488533866
0.823538934128,0.0579513420475,0.0587948718854,0.0597148519395
0.226557332844,0.618924252667,0.0411742773057,0.113344137183
0.253761656704,0.0354208974433,0.557676981487,0.153140464365
3.95657413541e-05,0.000223990410389,0.877893080612,0.121843363236
0.24818652634,0.0863830486606,0.119336092368,0.546094332632
0.0398673534347,0.105013116453,0.0416208432723,0.81349868684
0.321391405588,0.156351718137,0.401187453098,0.121069423177
0.238425518872,0.43720138891,0.0599560659802,0.264417026238
0.098919687629,0.0095688923504,0.87987059099,0.0116408290307
0.101465255821,0.577785616374,0.225361237891,0.0953878899136
0.257847696605,0.514969025865,0.0405947530967,0.186588524433
0.0356790017253,0.0353553781925,0.805848601266,0.123117018816
0.329350072453,0.449224150302,0.164309205986,0.0571165712586
0.448081877914,0.0510121854634,0.0388874962224,0.4620184404
0.500579066062,0.0769202703269,0.299706297159,0.122794366452
0.157447452166,0.284661110602,0.170843811575,0.387047625658
0.0788609269644,0.441640595278,0.0294482402329,0.450050237524
0.0541604848313,0.356037922042,0.074221939136,0.515579653991
0.0468409993003,0.00877581902667,0.466215956453,0.47816722522
0.00395924254961,0.910186103144,0.0655857277514,0.0202689265552
0.818504090916,0.0931864987801,0.00717711496134,0.0811322953431
0.000475826856134,0.243305439687,0.00258654102562,0.753632192431
0.769732670472,0.0621927849375,0.00995866383293,0.158115880757
0.342941654776,0.0961332167536,0.489822552178,0.0711025762922
0.0295075132179,0.0764649739555,0.859981461375,0.0340460514513
0.224715264706,0.701179670952,0.00965873530374,0.0644463290386
0.00801602208847,0.0704256925824,0.792127023012,0.129431262317
0.797888856239,0.100590414311,0.0354930518239,0.066027677626
0.240185157764,0.197308934712,0.348124466644,0.21438144088
0.899051261811,0.00668548010377,0.0924185755584,0.00184468252686
0.0973652556308,0.0109158769923,0.594537030953,0.297181836424
0.00251275260781,0.142359745724,0.853875909164,0.00125159250465
0.471408213433,0.0880141256522,0.0378490598963,0.402728601018
0.542434578197,0.216646569362,0.025453514426,0.215465338015
0.0064769397795,0.221832249051,0.0269987270772,0.744692084092
0.254505526937,0.0751142887528,0.00540841186537,0.664971772445
0.668373151937,0.0648942529276,0.0166943323454,0.25003826279
0.217889135495,0.31172777774,0.175648336402,0.294734750363
0.924180242068,0.00175982979154,0.0626772623509,0.0113826657894
0.0536315866586,0.389039310091,0.0167135571388,0.540615546112
0.0152427780639,0.243307076006,0.0673373593618,0.674112786568
0.301704227846,0.141205811387,0.276154131052,0.280935829715
0.463947011636,0.306466870393,0.215736165623,0.0138499523478
0.318999979095,0.35497689965,0.0169515195017,0.309071601753
0.494500012549,0.0230190778334,0.146564053841,0.335916855777
0.10132933595,0.230889482837,0.205949862663,0.46183131855
0.0296069500566,0.478152814012,0.386442423175,0.105797812756
0.329541778259,0.51919235344,0.0660305061722,0.0852353621285
0.00562871340107,0.402441083578,0.590064149312,0.00186605370896
0.116333793314,0.118082044113,0.437393740537,0.328190422035
0.158209287528,0.668916161783,0.0424842104104,0.130390340279
0.715369419528,0.0844940537355,0.0431999476891,0.156936579047
0.145792965064,0.00762922788684,0.0133057655381,0.833272041511
0.0272192486866,0.528517002245,0.0700858053087,0.374177943759
0.395409127878,0.221744673322,0.179099442038,0.203746756762
0.206638588244,0.641202644458,0.145218344598,0.00694042269995
0.706269049838,0.0387198192322,0.0226096134167,0.232401517513
0.312319425646,0.125257192143,0.232063882305,0.330359499906
0.0745635226457,0.482501277314,0.415634107585,0.0273010924548
0.113617801906,0.0885919204087,0.107390762972,0.690399514713
0.0495259651629,0.451152618736,0.0854609589293,0.413860457172
0.172770159589,0.493867562336,0.0481713252648,0.285190952811
0.879094480243,0.00445778352567,0.0495644152006,0.0668833210307
0.00197170550857,0.000527685067337,0.995652990868,0.00184761855569
0.024360624597,0.0230185133494,0.087214783977,0.865406078077
0.0126474256706,0.110273623489,0.1480316512,0.729047299641
0.110190514421,0.0168192780022,0.116809448649,0.756180758928
0.055365259415,0.217679950608,0.722673011797,0.00428177818005
0.307004985592,0.27418249097,0.340534078176,0.078278445262
0.0486615934693,0.00682490220377,0.52380051622,0.420712988107
0.321302182141,0.0429222896239,0.548333355622,0.0874421726135
0.0040499098953,0.0617364238659,0.92297495644,0.0112387097985
0.370307690695,0.100776236334,0.374374419068,0.154541653902
0.882959104695,0.00707114328966,0.103920241646,0.00604951036887
0.0472369918853,0.380754796004,0.561654494791,0.0103537173198
0.173937663542,0.723063648179,0.0692718396233,0.0337268486555
0.0177100707387,0.0916069109233,0.881942725627,0.00874029271102
0.119782932313,0.576107429348,0.13782562021,0.16628401813
0.0152933992498,0.0453043837159,0.484444956897,0.454957260137
0.0556137639831,0.00334229285865,0.0221211086877,0.918922834471
0.101805465793,0.145125931836,0.0211681783013,0.73190042407
0.146702218078,0.784330965022,0.0309093529249,0.0380574639751
0.815468738838,0.183083642781,0.000845847606401,0.000601770774576
0.146306986672,0.451886713836,0.164230801483,0.237575498009
0.292893336272,0.0940910422709,0.190838561275,0.422177060183
0.0149977458379,0.0868124824343,0.517053335671,0.381136436057
0.010513789307,0.900380595656,0.0495196725595,0.0395859424775
0.436226762668,0.382020458905,0.0639976379222,0.117755140504
0.210665265346,0.000952146652586,0.788030435803,0.000352152198129
0.0804501663097,0.0734875356642,0.113458556395,0.732603741631
0.000741308556796,0.00692506827081,0.00549954628556,0.986834076887
0.445804698292,0.479694507602,0.0664955436852,0.00800525042059
0.399326709827,0.390451212751,0.201433117886,0.00878895953643
0.58287407188,0.0835493977133,0.303514764718,0.0300617656884
6.1864616429e-06,0.9959369815,0.00391190169705,0.000144930341397
0.153076215421,0.62534632809,0.119726853895,0.101850602593
0.0229979938689,0.0850364238683,0.658185133664,0.233780448599
0.158402956108,0.0358114108586,0.231545214704,0.57424041833
0.279544189633,0.30302397058,0.406426577915,0.0110052618724
0.000298435075258,0.00951456968563,0.988966596986,0.00122039825298
0.0897538641472,0.0396884834406,0.437165691209,0.433391961203
0.0261248024534,0.79523421745,0.033528136836,0.145112843261
0.203100592799,0.179937622537,0.348350448451,0.268611336213
0.76258099933,0.0976875380277,0.025323681418,0.114407781224
0.138680553988,0.504378179598,0.27389099813,0.0830502682847
0.336810353572,0.448235850903,0.0280913005472,0.186862494977
0.646234096133,0.0186841699947,0.0786298370879,0.256451896785
0.759592892238,0.00854886032394,0.124147608838,0.107710638601
0.0248753636517,0.044171229197,0.339116080799,0.591837326352
0.778522962128,0.0166663010012,0.0143487234963,0.190462013375
0.0211352312034,0.762148828762,0.0767583425968,0.139957597438
0.000338598318187,0.000643721177355,0.839835922853,0.159181757652
0.479931998617,0.315677387942,0.166873881324,0.0375167321177
0.300267835593,0.267039915209,0.239498851878,0.193193397321
0.00661352224813,0.0593932339767,0.070595248184,0.863397995591
0.23139141562,0.000906383107947,0.672558435959,0.0951437653129
0.804017628647,0.0103974779164,0.114778997263,0.0708058961737
0.155425180387,0.676883566207,0.0909759196255,0.0767153337802
0.0493928907339,0.898932370288,0.00474330514547,0.0469314338327
0.061144618332,0.737453033426,0.148731939247,0.0526704089952
0.299784148531,0.37705839066,0.211644529035,0.111512931774
0.0045398852017,0.00664679107001,0.922606104875,0.0662072188537
0.468599999876,0.0824565182015,0.14930445511,0.299639026813
0.00147699076682,0.016030267307,0.777066935591,0.205425806335
0.202753450777,0.252413126878,0.526301562737,0.0185318596074
0.335728534555,0.0435297011586,0.121920669914,0.498821094373
0.0364652521788,0.208103937265,0.651094943603,0.104335866953
0.0602407381369,0.898682369702,0.0200809016409,0.0209959905198
0.0931605261182,0.331247072383,0.0212034802882,0.55438892121
0.189214620021,0.393670651255,0.175348664277,0.241766064447
0.0241902280586,0.0628061383306,0.0545062150147,0.858497418596
0.199619088169,0.2697935606,0.0244442743162,0.506143076914
0.0165989232995,0.0480427035335,0.0571139174175,0.878244455749