0.228494150316,0.519055656191,0.0723871532677,0.180063040225
0.0833828433855,0.162173672683,0.613618760441,0.140824723491
0.00855497423657,0.0066677158792,0.0370470185166,0.947730291368
0.443750429576,0.0554900614206,0.399686515221,0.101072993782
0.0174718896297,0.147003867258,0.820007482118,0.015516760994
0.907729037297,0.0112140150221,0.0676189580187,0.0134379896626
0.0218300719052,0.0589871352188,0.880385723269,0.0387970696069
0.308280284856,0.0214883676701,0.0260897997324,0.644141547741
0.0586794012587,0.291348767256,0.508950240064,0.141021591422
0.000325354778791,0.999227126784,0.00042131313542,2.62053014815e-05
0.404142503486,0.206131464777,0.0430571964249,0.346668835312
0.130872226282,0.203464930638,0.379641443395,0.286021399686
0.132058028978,0.154347144265,0.487254515212,0.226340311545
0.0888159453371,0.542566260296,0.0312417101401,0.337376084227
0.709631776374,0.0386909440484,0.251537358316,0.000139921261435
0.278562609773,0.160615444947,0.376608765017,0.184213180263
0.130478214579,0.220704406065,0.26231582392,0.386501555437
0.588303981357,0.143813696245,0.000917521412715,0.266964800986
0.673996886248,0.0865576155466,0.11724946531,0.122196032895
0.13540385036,0.00442361204197,0.281839707463,0.578332830135
0.268460904155,0.0611225186976,0.484104189451,0.186312387697
0.32622865739,0.0015163376,0.478780334308,0.193474670702
0.219983764858,0.0793830054574,0.311796403071,0.388836826613
0.0752321847247,0.121040252262,0.769950677307,0.0337768857066
0.0016747992151,0.0662082284901,0.0565796233169,0.875537348978
0.0453491845394,0.192049556255,0.695402485805,0.0671987734012
0.296990604239,0.407192958344,0.156771693476,0.139044743941
0.0339720176279,0.539242576239,0.0772893287188,0.349496077414
0.105394741295,0.626293508948,0.237946421374,0.0303653283839
0.109064203945,0.0732818937734,0.710175669963,0.107478232319
0.0140040144436,0.000726742556219,0.154637149384,0.830632093616
0.294067807574,0.266356133687,0.422581706416,0.0169943523227
0.528792327236,0.00491134841601,0.446952319897,0.0193440044509
0.107523865914,0.00280147098153,0.00536881080279,0.884305852301
0.857019749569,0.0726178066303,0.0149304814861,0.0554319623144
0.329415652252,0.111926581779,0.420811453693,0.137846312276
0.0211543430074,0.915660003979,0.0501495700073,0.0130360830067
0.0420840907545,0.0504793715818,0.883245721342,0.0241908163213
0.211538252947,0.0985890907854,0.163860408961,0.526012247307
0.332106699363,0.272212764832,0.142269100427,0.253411435378
0.335449753605,0.0175687055717,0.224771012638,0.422210528186
0.108369049454,0.128598392692,0.50457587157,0.258456686283
0.0266836334463,0.562780049332,0.374463053016,0.0360732642055
0.0204995947645,0.0166777752007,0.0167467367261,0.946075893309
0.137852445147,0.1298510782,0.227806510054,0.504489966599
0.073469762702,0.308064020095,0.404520507343,0.213945709861
0.18609582428,0.284783641405,0.121420122811,0.407700411504
0.537120278591,0.322629579664,0.05544320642,0.084806935325
0.147458989615,0.0779932328496,0.506796513392,0.267751264144
0.129335450823,0.831096178865,0.00734597387991,0.0322223964319
0.0153230067079,0.0438755094412,0.909849278088,0.0309522057634
0.0271608517629,0.776936334526,0.140083932149,0.0558188815621
0.580351889203,0.180080836512,0.0860204167806,0.153546857505
0.416597587586,0.504564326577,0.00326875998049,0.0755693258561
0.0199528315512,0.0390913653424,0.888277530286,0.05267827282
0.0589023016802,0.115830807781,0.655145179665,0.170121710874
0.0728123816516,0.11774482722,0.728427645649,0.0810151454802
0.0717710697562,0.245460213292,0.0733414459866,0.609427270966
0.235446734959,0.0455646508479,0.341538546153,0.377450068041
0.125481228661,0.356279276124,0.309952035953,0.208287459261
0.116428619106,0.054758036956,0.0429466661854,0.785866677752
0.0314512285713,0.0918810447187,0.756289803388,0.120377923322
0.48304191771,0.0463708495051,0.25542019491,0.215167037875
0.620249064456,0.150065610259,0.114110649484,0.1155746758
0.208510117095,0.452222699857,0.148301571931,0.190965611117
0.671040932403,0.0447407221634,0.280407225567,0.00381111986722
0.0313252043627,0.575059829049,0.288422030294,0.105192936294
0.198657268995,0.0488660063817,0.34117259535,0.411304129273
0.00348071120022,0.673729155317,0.247242945577,0.0755471879054
0.544234117777,0.250977361453,0.127667006079,0.0771215146907
0.517281766567,0.44002454633,0.0243438886585,0.0183497984442
0.494195014365,0.0211654210912,0.257667958341,0.226971606202
0.413982379488,0.39987384827,0.0799261978879,0.106217574354
0.0318289391909,0.00942237577368,0.664851058703,0.293897626333
0.200603477017,0.602298300892,0.0585082818358,0.138589940255
0.33917225117,0.202764100981,0.0748324169171,0.383231230932
0.131213151538,0.0737207634388,0.0045812816976,0.790484803326
0.340394105976,0.0374720485989,0.131862772918,0.490271072508
0.126634676741,0.0378468024834,0.126749054828,0.708769465947
0.200840968975,0.710348374227,0.0761014828178,0.0127091739805
0.840252280041,0.138312563232,0.00641376995609,0.0150213867706
0.364713482749,0.189372759267,0.0057990512577,0.440114706726
0.404098375479,0.14440646004,0.397335113909,0.054160050572
0.0883246613945,0.167110013785,0.716803551142,0.0277617736784
0.625375268528,0.00395760811422,0.00965672089103,0.361010402467
0.075934777061,0.0553268181854,0.0123277820858,0.856410622668
0.318399798612,0.0200884858865,0.121215998896,0.540295716605
0.0989867537692,0.197327962077,0.218844354814,0.48484092934
0.765449537213,0.137112386993,0.00153324002204,0.0959048357723
0.0740192349803,0.0791800942262,0.66233502031,0.184465650483
0.434201514429,0.0894667287036,0.446395048298,0.0299367085698
0.0173610777888,0.717816249887,0.0585813355231,0.206241336801
0.0623321486893,0.616288498877,0.304323593991,0.0170557584423
0.795313325329,0.132687935812,0.028345551529,0.04365318733
0.191426491247,0.101091489335,0.20557049553,0.501911523888
0.581288410322,0.0088217725791,0.115396336413,0.294493480686
0.997935143208,0.00093381432898,0.00103353871944,9.75037434271e-05
0.751644285218,0.0483035974284,0.0634845225826,0.136567594771
0.441646994183,0.111385885004,0.345418024149,0.101549096665
0.554640655085,0.310935665048,0.0190106608425,0.115413019025
0.110074858719,0.0837157877033,0.773198133543,0.0330112200347
0.309427032169,0.423490016854,0.031872244583,0.235210706394
0.0256212615501,0.236308218837,0.320693792451,0.417376727162
0.27074791277,0.0389713043951,0.563921156108,0.126359626726
0.00149629359162,0.983282057273,0.00381487383945,0.0114067752956
0.118759277956,0.286910919677,0.2084150906,0.385914711766
0.00256287510256,0.0619200763488,0.00553782701469,0.929979221534
0.316776647356,0.020857309573,0.492107115384,0.170258927687
0.274547377305,0.345592395304,0.0869902357174,0.292869991674
0.148944102188,0.694983936259,0.0827606018651,0.0733113596874
0.755064692732,0.117361816366,0.0619804987633,0.0655929921383
0.560872893591,0.14336148542,0.156517115044,0.139248505944
0.41688501672,0.0189758689617,0.0540332722246,0.510105842094
0.500879217735,0.0686811373503,0.408719367856,0.0217202770587
0.00919458148427,0.46332871336,0.00533634374923,0.522140361406
0.000806446182031,0.634151547099,0.363457716805,0.00158428991403
0.248725051134,0.0867989994598,0.184572873366,0.47990307604
0.100527164128,0.506739841208,0.225974665758,0.166758328906
0.0215295532115,0.0463906246775,0.863193239753,0.0688865823576
0.00698584330496,0.252788412557,0.191742488657,0.548483255481
0.224558637503,0.72140349965,0.0237877199204,0.0302501429269
0.242499820815,0.239382981932,0.0911260921361,0.426991105118
0.240898854818,0.446590177866,0.0832405366024,0.229270430714
0.00951531881545,0.921587765733,0.043728958585,0.0251679568667
0.297381576508,0.149786730638,0.334275326444,0.21855636641
0.193638246875,0.611429635048,0.180822882172,0.0141092359045
0.946583816057,0.00590452478605,0.0452974303444,0.00221422881256
0.0450279941791,0.412316086914,0.208895972122,0.333759946785
0.0695326677336,0.158140833541,0.271494315021,0.500832183705
0.723485528506,0.0228764891303,0.00422032985551,0.249417652508
0.187618114752,0.420781968655,0.172959198191,0.218640718402
0.591385731968,0.0541429359395,0.217397498074,0.137073834018
0.0158966473303,0.115683546464,0.829351837833,0.0390679683725
0.161223269953,0.0112839761097,0.70843446057,0.119058293367
0.175167632897,0.376206325662,0.00339937340524,0.445226668035
0.0384471199563,0.602197041133,0.143544517257,0.215811321654
0.299178360749,0.132175754065,0.0712839466648,0.49736193852
0.0731515068507,0.828684741072,0.0183577212368,0.0798060308409
0.801230468522,0.106265004694,0.0474826544055,0.0450218723785
0.0548820515873,0.190994723117,0.102948870386,0.65117435491
0.0797044376004,0.286630302907,0.474611122656,0.159054136836
0.00820920541945,0.930383463041,0.0426473599544,0.0187599715856
0.0128698877077,0.57550738615,0.0396636204133,0.371959105729
0.35119933414,0.329292093265,0.0933560652358,0.226152507359
0.00476550072615,0.222877491486,0.0342001615745,0.738156846214
0.794777166104,0.0305339455165,0.0318866137206,0.142802274659
0.171624132446,0.0302203032023,0.530852428189,0.267303136162
0.0122764931808,0.00814600642582,0.0797088682448,0.899868632149
0.00524045724023,0.00312818096421,0.974816435209,0.0168149265862
0.0223024745097,0.533040809405,0.074486407052,0.370170309033
0.00674017578888,0.959691397447,0.0184856208512,0.0150828059129
0.00431450166889,0.100596211102,0.154564714864,0.740524572365
0.00603394466735,0.0283667401384,0.957590369152,0.00800894604185
0.352964323644,0.139917295517,0.462791241739,0.0443271391009
0.50271157157,0.105848247593,0.00209427995933,0.389345900878
0.785906796515,0.0759576764935,0.13181917355,0.00631635344108
0.00165474722824,0.00903896996651,0.967483443025,0.0218228397806
0.0375187477715,0.172186487019,0.0921000080615,0.698194757148
0.0536074135345,0.0074508900699,0.898341614019,0.0406000823771
0.180645340966,0.0252840510175,0.655920653483,0.138149954534
0.0344017340814,0.505290336611,0.443117162126,0.017190767182
0.126987822825,0.206110709586,0.167401903208,0.499499564381
0.151701162302,0.0219027217479,0.0495914613465,0.776804654603
0.348450788383,0.205714113007,0.164526141927,0.281308956683
0.00736653663969,0.0969594980478,0.198371272286,0.697302693026
0.238514169284,0.178525789744,0.0163732381684,0.566586802804
0.00119270436252,0.40981709295,0.0152221644195,0.573768038268
0.17753409672,0.268621849817,0.279195166119,0.274648887344
0.198177333191,0.183408376131,0.00148656762993,0.616927723049
0.00200742732293,0.0281022244024,0.963376047299,0.00651430097539
0.0101179113828,0.159560966914,0.0225824588313,0.807738662872
0.438977873302,0.128224570398,0.383365606415,0.0494319498852
0.236299078568,0.116006081139,0.0992718684612,0.548422971832
0.153944201214,0.118572022513,0.176701617313,0.550782158959
0.00295689863313,0.228461155261,0.128916412995,0.639665533112
0.438618268241,0.267134440302,0.188548165765,0.105699125692
0.00409307979004,0.161514646389,0.416225579259,0.418166694562
0.163525432795,0.487433703473,0.0260925694324,0.3229482943
0.107917364792,0.785479271125,0.0926389822639,0.0139643818187
0.115640064406,0.21573533438,0.420455919536,0.248168681678
0.0766505007962,0.127743516649,0.160875813876,0.634730168679
0.0772477832806,0.872460759113,0.0377089350506,0.0125825225556
0.101058387245,0.0743111424419,0.795364708553,0.0292657617605
0.314793330031,0.196681321202,0.0300885906812,0.458436758085
0.763649966154,0.00330980147205,0.153267100138,0.0797731322356
0.098820113629,0.285060795336,0.581964985032,0.0341541060035
0.130536028027,0.00523532832261,0.177568297358,0.686660346292
0.157237074414,0.379055627958,0.44567157284,0.0180357247869
0.00286742413957,0.988041484359,0.00265937107197,0.0064317204293
0.371133772636,0.134124386856,0.346392766034,0.148349074474
0.262793165163,0.569770335784,0.0147003819894,0.152736117064
0.130609373925,0.00144832907785,0.182362198496,0.685580098501
0.562194800373,0.0624483700286,0.318724807517,0.056632022081
0.599665858434,0.320120864827,0.058115821338,0.0220974554004
0.242942364163,0.418976935369,0.128376533557,0.209704166911
0.136150142936,0.110791085884,0.213462151848,0.539596619332
0.000628839767254,0.00236755534366,0.0215952350805,0.975408369809
0.0766711317974,0.24472722339,0.297816244685,0.380785400127
0.058051241679,0.0143694021428,0.445069907063,0.482509449116
0.0404280918539,0.0127423975242,0.00248364231483,0.944345868307