0.108376444363,0.561564744778,0.0118731927023,0.318185618157
0.0189036371863,0.834894158931,0.0648300942273,0.081372109655
0.00275651007789,0.499100597922,0.473289361399,0.0248535306012
0.828560867403,0.0716486071727,0.0123205936725,0.0874699317515
0.243512453414,0.622149919232,0.0736569967458,0.0606806306083
0.0505754324767,0.208317190449,0.311073318411,0.430034058663
0.531394733535,0.281528277687,0.106699961907,0.0803770268717
0.71973980109,0.0200140214064,0.00986942471312,0.25037675279
0.0474760200857,0.927396840195,0.0131477285195,0.0119794111997
0.252931486212,0.0018620488286,0.0384011318195,0.706805333139
0.625592153188,0.0262804210603,0.0284199569824,0.31970746877
0.00186262861499,0.00013166891792,0.996959559137,0.00104614333051
0.00224801545352,0.0836408825621,0.0714107645577,0.842700337427
0.536732148916,0.23183633306,0.134629989729,0.0968015282956
0.0310216904668,0.347125753609,0.0034996070833,0.618352948841
0.027891105977,0.534048572428,0.0651132934425,0.372947028153
0.00951624128889,0.00471420974424,0.0661775160373,0.91959203293
0.2285257002,0.416500680107,0.251487402733,0.10348621696
0.00417473076543,0.00647555177945,0.00132842397278,0.988021293482
0.0396429334466,0.00916545933483,0.0027249204969,0.948466686722
0.0330083003473,0.651220166595,0.23985759229,0.0759139407674
0.0717370688691,0.573584738615,0.141976415714,0.212701776802
0.219802747277,0.645663873836,0.0703487722571,0.0641846066308
0.144565092569,0.076349481079,0.640029479039,0.139055947313
0.0598796460773,0.0471989064109,0.746418788273,0.146502659239
0.195969877641,0.0483011059976,0.67396072875,0.081768287611
0.306157075322,0.0649472521854,0.0379770354648,0.590918637028
0.0638934678472,0.0435078162204,0.0356227873856,0.856975928547
0.90858858544,0.0370461313843,0.0270766632569,0.027288619919
0.0163557348519,0.716835743737,0.140889273391,0.12591924802
0.0605516117941,0.267725023345,0.307814892321,0.36390847254
0.63882627453,0.119657851707,0.211979298462,0.0295365753007
0.36667967841,0.0466501156717,0.460188419774,0.126481786144
0.126272987934,0.0828416723117,0.467187895118,0.323697444637
0.569191420038,0.0434345214842,0.197088261093,0.190285797385
0.0525837940119,0.0496261075299,0.157944474022,0.739845624436
0.585545158731,0.257335737957,0.00712665379224,0.14999244952
0.968747323494,0.0215201544334,0.00888121185965,0.000851310212861
0.000123354004975,0.00295766536544,0.0118490778244,0.985069902805
0.0444416016402,0.15682858856,0.683376353121,0.115353456679
0.0266645023883,0.858774704107,0.00116865890165,0.113392134603
0.0312009360381,0.849257866528,0.0900401267071,0.029501070727
0.0335539526868,0.062961738552,0.769392219547,0.134092089214
0.0988812398065,0.219895306996,0.464540101501,0.216683351697
0.0383826894321,0.313343570066,0.591801596356,0.0564721441458
0.687422723005,0.0256027451974,0.27016458369,0.0168099481072
0.649791297753,0.248461034333,0.025669877206,0.0760777907082
0.128745903586,0.801113280786,0.0381170595314,0.0320237560967
0.100467235493,0.854832406051,0.0315600928264,0.0131402656295
0.786748416364,0.124047722997,0.0353690844381,0.0538347762006
0.0657483306274,0.133453007132,0.66417575935,0.136622902891
0.809810022234,0.059768327799,0.128590379626,0.00183127034065
0.060574699313,0.0311189757647,0.882990713648,0.0253156112739
0.0629715287022,0.0877580823035,0.836567709405,0.0127026795893
0.570407262563,0.0457682727619,0.0770552849245,0.30676917975
0.176812796904,0.0281005777771,0.329790737867,0.465295887452
0.936556437368,0.0256802104373,0.0366392911359,0.00112406105877
0.655173634368,0.330982056856,0.00108156960492,0.0127627391711
0.0242765913908,0.106600977253,0.0262489385323,0.842873492824
0.0980028755741,0.110155023054,0.689459191887,0.102382909485
0.128460368299,0.607613998193,0.102038074325,0.161887559183
0.34182527581,0.37021351352,0.143914181801,0.144047028868
0.0585129683788,0.175024937584,0.684723016566,0.0817390774707
0.0593237468704,0.261034278397,0.0392807822477,0.640361192485
0.263529204811,0.0407782689655,0.289458178724,0.4062343475
0.127910119702,0.488801882484,0.0175141927016,0.365773805113
0.224090929332,0.0289705401301,0.7164379777,0.0305005528371
0.0115751908172,0.635348431002,0.113405062485,0.239671315696
0.0879885932183,0.165102048032,0.323023343426,0.423886015324
0.631570385219,0.0908932185961,0.057361482027,0.220174914158
0.569874387281,0.321969219065,0.0590378472362,0.0491185464182
0.480612031486,0.359633890678,0.0964648923634,0.063289185472
0.235149216317,0.55926023375,0.157990508797,0.0476000411366
0.474912044997,0.367907430477,0.0460679517936,0.111112572733
0.13473424833,0.626813351873,0.0224054670043,0.216046932793
0.929355291579,0.0085784125217,0.045945872873,0.0161204230258
0.139482477661,0.796330230063,0.0197235692267,0.0444637230488
0.576240568481,0.047778041969,0.311451798132,0.0645295914179
0.65665194544,0.13540970402,0.207616855156,0.000321495383491
0.00842806975028,0.0149208419913,0.0295296084858,0.947121479773
0.0458088561951,0.00524873051518,0.105589083207,0.843353330082
0.0611379601329,0.504726354775,0.166810437081,0.267325248012
0.00330893723492,0.686806366819,0.295112550676,0.01477214527
0.106513714818,0.319580282037,0.405658248303,0.168247754842
0.349695416175,0.0181112015218,0.252251151169,0.379942231134
0.121528334484,0.1398749843,0.0720828893207,0.666513791896
0.0253405860986,0.123489326367,0.540415997241,0.310754090294
0.387295445616,0.0794757396823,0.333191961427,0.200036853275
0.0776467537451,0.0412482301097,0.71622589498,0.164879121165
0.982938176022,0.00519065682092,0.0057194207741,0.00615174638276
0.00170534069223,0.0311850540085,0.961942088275,0.00516751702437
0.000570993809368,0.000265373242801,0.000187330612327,0.998976302336
0.0317825115872,0.0248998727583,0.61186494004,0.331452675614
0.137530278388,0.648955801575,0.168374291309,0.0451396287281
0.263606528033,0.235364665812,0.128506413108,0.372522393047
0.128376741538,0.331812066433,0.304717815641,0.235093376388
0.842205564707,0.0107210078988,0.0908467227429,0.056226704651
0.0712319197492,0.0751815676223,0.842585298634,0.0110012139944
0.0194913235509,0.00909243007388,0.0610367447226,0.910379501653
0.776463727357,0.0885852312042,0.0405597001968,0.0943913412417
0.0255780755991,0.265722328325,0.00948243405113,0.699217162025
0.0261660991087,0.505843294616,0.148057680437,0.319932925838
0.0179862564611,0.780343119951,0.156418433568,0.0452521900191
0.00606126682705,0.959944644787,0.0205125293275,0.013481559059
0.00172846010084,0.0467550834428,0.796482636529,0.155033819927
0.289055645727,0.212576229439,0.282925486352,0.215442638482
0.324537388524,0.192783392098,0.438563442323,0.0441157770549
0.617840186598,0.0942496176403,0.0434435028132,0.244466692948
0.039588118355,0.110430036554,0.115317661226,0.734664183865
0.647490614715,0.1369378521,0.052668948594,0.162902584591
0.1182083059,0.0628620499398,0.813701296937,0.00522834722303
0.000227773815842,0.0756146961286,0.919676457098,0.00448107295777
0.0191825111315,0.600139051751,0.236297659155,0.144380777962
0.0997417646381,0.199897800284,0.228942808689,0.471417626388
0.918679860625,0.0517457195491,0.0255728861043,0.00400153372145
0.000231317976321,0.502836834995,0.185619723078,0.311312123951
0.0724759656414,0.0151891252779,0.108989799069,0.803345110012
0.707418580063,0.0387114410055,0.247090353049,0.00677962588258
0.0290767813838,0.740901402136,0.22626111994,0.00376069654043
0.0935432529203,0.229226388771,0.122698023299,0.55453233501
0.256573595152,0.00963766203216,0.0287046870171,0.705084055799
0.00878452278172,0.29785226567,0.170998351948,0.522364859601
0.103573122276,0.590426085821,0.206553243037,0.0994475488657
0.218056727534,0.163890247609,0.00628229889798,0.611770725959
0.0546755316914,0.332111656507,0.104478195024,0.508734616777
0.0416400539985,0.791267985299,0.0879128529415,0.0791791077607
0.163659642903,0.739306225931,0.0935951652624,0.00343896590401
0.184043436607,0.0901376315302,0.119882845908,0.605936085954
0.273515612856,0.0530660556891,0.0117443160071,0.661674015448
0.0238010052595,0.134422652328,0.788550714606,0.0532256278064
0.201038030708,0.535865514384,0.177239829883,0.0858566250246
0.118358955145,0.280069340945,0.159190852772,0.442380851138
0.0454272979925,0.860390798077,0.02209379199,0.0720881119406
0.0883003989915,0.756142769104,0.0609095147355,0.0946473171693
0.31929167914,0.29511695729,0.160722285082,0.224869078489
0.525871012222,0.026330127984,0.430181755358,0.0176171044357
0.3687144055,0.396437457535,0.23127976062,0.0035683763457
0.0415691321129,0.0582671488765,0.824523972983,0.0756397460277
0.813200772486,0.014108832,0.128362356646,0.0443280388686
0.274299270413,0.198120981402,0.244525741312,0.283054006873
0.00217488599216,0.0406918047059,0.758801831262,0.19833147804
0.143217396769,0.329486681683,0.414708942958,0.112586978589
0.083978957824,0.0964204826402,0.688527888688,0.131072670848
0.0744242950485,0.68065000375,0.195143669475,0.0497820317262
0.00351336229997,0.000317001938234,0.994533101964,0.00163653379766
0.98266277317,0.0111923320977,0.000585885543092,0.00555900918886
0.877734500445,0.0207893184411,0.101251475926,0.000224705187452
0.0118606315752,0.636032235831,0.121478670622,0.230628461972
0.0474787257061,0.137600546299,0.550680830473,0.264239897522
0.299199146017,0.358351164736,0.120661538473,0.221788150773
0.22622576806,0.000875214142968,0.000806258945618,0.772092758851
0.0125710383689,0.122434573772,0.0260926963308,0.838901691528
0.343602633917,0.055817915992,0.242594836065,0.357984614027
0.208544747408,0.170270927397,0.469197217323,0.151987107872
0.113889797862,0.17833025899,0.449240421455,0.258539521693
0.0522897028515,0.842811443374,0.0999767606391,0.00492209313516
0.0104654740927,0.960047374182,0.000798158875301,0.0286889928503
0.289084067527,0.0635725124539,0.602551182728,0.0447922372911
0.501227740109,0.265755805015,0.0165702295623,0.216446225314
0.0579248381244,0.0901853117168,0.822573083255,0.0293167669037
0.467340806966,0.283393609363,0.0592173488593,0.190048234812
0.394460741988,0.137979922839,0.0829746533778,0.384584681795
0.0836079626451,0.453938919051,0.42507199451,0.0373811237939
0.376052551823,0.24874771002,0.361399832152,0.0137999060043
0.0304097501352,0.714253051152,0.0465892799482,0.208747918765
0.0369365192516,0.0166761689378,0.882361750812,0.0640255609982
0.285736969366,0.573052992253,0.0575007449603,0.0837092934207
0.00447206840613,0.767452029113,0.0321060884056,0.195969814075
0.110704486603,0.225941988869,0.137577435356,0.525776089173
0.264599929664,0.361484084306,0.250879892592,0.123036093438
0.0889236468617,0.0773636888301,0.76638717285,0.0673254914581
0.646067715745,0.263359220866,0.0840755535517,0.00649750983753
0.0722896673412,0.0147193592347,0.78102725351,0.131963719914
0.345200166384,0.0648429126544,0.465131435827,0.124825485135
0.997165340569,0.00140025929437,8.83360880391e-05,0.00134606404875
0.411329678092,0.00740341376586,0.00157013481786,0.579696773324
0.0936359532529,0.461830819192,0.227654845223,0.216878382332
0.206760095787,0.417804705742,0.11799125388,0.257443944591
0.00406899214461,0.00419130796175,0.95768256931,0.0340571305834
0.991058476324,0.00165962798292,0.00256407478702,0.00471782090633
0.306291173372,0.153586449881,0.173817478447,0.3663048983
0.0721844743742,0.918148382814,0.00399889822703,0.0056682445847
0.00535597821992,0.856413376871,0.0339224451138,0.104308199796
0.542103449652,0.0137729999988,0.105489804211,0.338633746139
0.170639534817,0.456186513094,0.339224345558,0.0339496065307
0.193642039712,0.480966893051,0.103104502739,0.222286564498
0.259654659083,0.202125112,0.121562582288,0.416657646628
0.10903922269,0.277077235455,0.0636904341285,0.550193107727
0.42222768837,0.470197127268,0.0775979150777,0.0299772692841
0.519418701383,0.0278107651375,0.0167526170198,0.43601791646
0.857230341103,0.0122869571768,0.0360559700863,0.0944267316336
0.652499910009,0.00554772404401,0.0168497726868,0.32510259326
0.217056453296,0.0866639349272,0.135805176415,0.560474435362
0.021961513129,0.364031186786,0.464428664619,0.149578635466
0.0345419542205,0.0651814801683,0.558639479754,0.341637085857
0.700254849282,0.228747459083,0.0624943639932,0.00850332764191
0.652491912661,0.125664549907,0.0863919006768,0.135451636756
0.816869537512,0.161909664151,0.0175823658881,0.00363843244856
0.28229922394,0.109764319648,0.228489668484,0.379446787929
0.346321950137,0.346693605446,0.296951992813,0.0100324516042