0.16461028409,0.781110732349,0.0302975233907,0.0239814601707
0.0656964726724,0.0608045673615,0.186624037015,0.686874922951
0.231686798918,0.105946028294,0.141703212729,0.52066396006
0.245019106076,0.155806414091,0.0280651969341,0.571109282899
0.368040994802,0.102135184093,0.112723678651,0.417100142454
0.490488318483,0.201960809636,0.108157375202,0.199393496679
0.539337352648,0.273722467713,0.137867035213,0.0490731444258
0.000179116983505,0.978380609992,0.018763131576,0.00267714144863
0.196054998836,0.49147732102,0.117289291929,0.195178388214
0.129016380149,0.485754305842,0.379095473672,0.00613384033675
0.432968883707,0.134877781758,0.275860968903,0.156292365632
0.141195415179,0.552515113077,0.1500322818,0.156257189944
0.0398502312544,0.183660567061,0.666865431078,0.109623770607
0.132597829397,0.304469364468,0.128673559835,0.4342592463
0.384912396717,0.0788263571365,0.0257697618721,0.510491484275
0.0837154857293,0.663277213921,0.204846351192,0.0481609491575
0.493370717455,0.0915325460498,0.409175877292,0.00592085920273
0.29840240319,0.380476961835,0.104008167245,0.21711246773
0.0544513900821,0.217478911066,0.0983466070388,0.629723091813
0.125037819773,0.865574935696,0.00182881801388,0.00755842651798
0.938839194189,0.00616990807652,0.0507461554801,0.00424474225437
0.227164018551,0.0790771019384,0.159137030779,0.534621848732
0.453150634529,0.233381959747,0.103938870213,0.209528535512
0.261725893646,0.718076301178,0.0095049968657,0.0106928083095
0.0590800163772,0.220127958298,0.2438821668,0.476909858524
0.0341795810691,0.0219855677152,0.914560438132,0.0292744130834
0.149340408834,0.673580709944,0.0753983084662,0.101680572756
0.0189138936398,0.104032363474,0.00869294607107,0.868360796815
0.119601350554,0.441161290515,0.147685953814,0.291551405117
0.00894206796783,0.0125997598509,0.340680838825,0.637777333357
0.128707464171,0.486299308055,0.326420645211,0.0585725825629
0.289543943404,0.00211433062854,0.00118554868581,0.707156177282
0.928249156314,0.0626170624793,0.00306336969067,0.00607041151604
0.0609206897065,0.870732772996,0.0239897942455,0.0443567430517
0.967981328178,0.0191168494648,0.00739934588262,0.00550247647492
0.260428713618,0.184033130471,0.466615316956,0.0889228389546
0.0634947683528,0.180698042782,0.561237278355,0.19456991051
0.309631836037,0.108353364129,0.209223177623,0.372791622211
0.368875098039,0.299963094162,0.203953660589,0.127208147211
7.66417085602e-05,0.0474407021994,0.000640398075382,0.951842258017
0.493687655475,0.11458737721,0.329885420914,0.0618395464011
0.0511651003233,0.750619656021,0.149156415771,0.0490588278843
0.263674545742,0.000612790676574,0.222201094298,0.513511569283
0.30831938097,0.0826490733258,0.0715633810499,0.537468164654
0.199862424996,0.45161078065,0.0239022378482,0.324624556506
0.0615113655357,0.882782381864,0.000526502757756,0.0551797498428
0.0808277406061,0.0719477779691,0.423777073859,0.423447407566
0.407925022629,0.101122210627,0.410876644916,0.0800761218281
0.21347829732,0.0271935847929,0.37384019228,0.385487925608
0.155563664752,0.225052424406,0.550196747354,0.0691871634873
0.0490688288439,0.408100884871,0.303283747243,0.239546539042
0.386385914932,0.166163938196,0.365189528279,0.0822606185926
0.00764867525545,0.143852234711,0.825694542681,0.0228045473518
0.0496015942159,0.317992912427,0.16879433631,0.463611157047
0.53067641624,0.0960319685811,0.175116177815,0.198175437364
0.0726321803895,0.0630540264649,0.754925196036,0.109388597109
0.016696087721,0.0340986916138,0.343127061371,0.606078159295
0.363211338373,0.131449207895,0.368986467632,0.1363529861
0.0136377075878,0.972203444064,0.00812337844487,0.00603546990358
0.0434954551276,0.792168899812,0.00442270098037,0.15991294408
0.72194894571,0.0941230446587,0.0885109485292,0.0954170611017
0.545922775973,0.047299477699,0.0294074482839,0.377370298044
0.0288305872935,0.0110977143564,0.131627548091,0.828444150259
0.190873143627,0.015566752554,0.637669210857,0.155890892962
0.870904145651,0.000391473056378,0.083628602037,0.0450757792557
0.127762005659,0.365607910838,0.450623217807,0.056006865695
0.673591422242,0.0251457055984,0.295999399998,0.00526347216202
0.787588445372,0.0115012122976,0.00390390597755,0.197006436353
0.24892210409,0.0341177884476,0.0143947190663,0.702565388396
0.806199327751,0.00898852823325,0.115622267337,0.0691898766797
0.115809779467,0.222217642874,0.656751260658,0.00522131700083
0.110030978575,0.192121934289,0.139701273402,0.558145813734
0.0419752976376,0.767520778087,0.1593252309,0.0311786933749
0.00425696281031,0.229955025433,0.453421481536,0.31236653022
0.0705035985925,0.258585893844,0.216115252645,0.454795254919
0.345638499663,0.304158651526,0.198489383286,0.151713465525
0.242577720458,0.534616671979,0.0850143716873,0.137791235876
0.148623211362,0.445920819097,0.0424211961869,0.363034773354
0.0984976677587,0.30534288413,0.179485649314,0.416673798797
0.00530359833358,0.0197359651669,0.00622025233466,0.968740184165
0.320921921213,0.202342113919,0.405124924305,0.0716110405639
0.966588071527,4.87941782509e-05,0.0117455972893,0.0216175370055
0.33442353438,0.641023391615,0.018253360541,0.00629971346381
0.557011855462,0.174557105004,0.171763100575,0.0966679389591
0.000269383137131,0.961503479923,0.000535186790407,0.0376919501497
0.0077154149461,0.108160838773,0.488808442042,0.395315304239
0.0409765382132,0.912253239604,0.030597215063,0.0161730071198
0.925231441647,0.000576856242306,0.0595224785097,0.0146692236006
0.0461337319719,0.0053010336709,0.00821755800985,0.940347676347
0.278836195847,0.00227186061077,0.564944741162,0.15394720238
0.498759598941,0.409591185405,0.0277816362397,0.0638675794143
0.0485371259456,0.156993073232,0.0029230805614,0.791546720261
0.0782761010277,0.0217068333909,0.0245631389811,0.8754539266
0.0944200196182,0.0515441333997,0.852648604878,0.00138724210443
0.968625428858,0.00562865040918,0.0232408231214,0.00250509761179
0.0384214493485,0.0134291328664,0.860070927406,0.0880784903791
0.0107317301521,0.00341888424559,0.0307508810726,0.95509850453
0.000597721433081,0.249478164049,0.741622526725,0.00830158779308
0.353732270717,0.0503396716993,0.494755483111,0.101172574473
0.598537462494,0.247440365154,0.043743418168,0.110278754184
0.838358465779,0.00422049733651,0.0113896464254,0.146031390459
0.0849691987508,0.0406410336668,0.87184768286,0.00254208472273
0.237733973908,0.0887291235221,0.0531453148321,0.620391587738
0.165715844378,0.00776717373264,0.0249210172278,0.801595964662
0.00142038188807,0.00164255535727,0.00306333732963,0.993873725425
0.0231392029118,0.0159842667601,0.931965839497,0.0289106908307
0.413107267452,0.372167454429,0.156694220489,0.0580310576303
0.389979448801,0.22165133645,0.196708222145,0.191660992603
0.0855237764238,0.179386785217,0.0249380193311,0.710151419028
0.173809256221,0.188686640713,0.23597747724,0.401526625826
0.00312604202998,0.475005643245,0.465766959636,0.0561013550891
0.251011290076,0.126219206543,0.594324058999,0.0284454443809
0.0324456167986,0.0451153344186,0.0322772776717,0.890161771111
0.242088578099,0.115804185055,0.189206760257,0.45290047659
0.109270969771,0.067895647661,0.626632058053,0.196201324515
0.000492515200681,0.00709569046044,0.9848536302,0.00755816413873
0.271698249155,0.0979875526749,0.243030692093,0.387283506078
0.0624851066155,0.0126939882639,0.890438206507,0.0343826986132
0.0240322241538,0.0157625746013,0.242011569356,0.718193631889
0.0938269997181,0.0645775786077,0.428209182954,0.41338623872
0.204315408909,0.48659902741,0.0199482049367,0.289137358745
0.254418982678,0.0396293306443,0.0442938582233,0.661657828455
0.152693421643,0.725353194682,0.0760137502124,0.0459396334623
0.679479870537,0.219194781919,0.0469082933499,0.054417054194
0.240988989951,0.265887487603,0.00255046325989,0.490573059186
0.409420576875,0.260434370461,0.118481183416,0.211663869247
0.00240374799876,0.00251520581775,0.907681566608,0.0873994795757
0.993758366487,0.00240786350556,0.000706621453358,0.00312714855399
0.0899313593512,0.732006432599,0.0644775720657,0.113584635984
0.277674324249,0.204213630577,0.0584593941236,0.459652651051
0.184639090156,0.012305355572,0.802602541554,0.000453012718273
0.0134732930987,0.523792864701,0.285579545164,0.177154297037
0.0734859258217,0.0122619229735,0.871642605179,0.0426095460261
0.0220603563916,0.653292887887,0.303583013639,0.0210637420822
0.801696847446,0.0668898585986,0.119366650545,0.0120466434104
0.0621916056343,0.849320809178,0.000718242667458,0.0877693425207
0.00656277363936,5.8043528176e-05,0.000172834742755,0.99320634809
0.0221519244082,0.331092081715,0.0564788467846,0.590277147093
0.971379896933,0.00104784256508,0.0202863511004,0.00728590940131
0.498995880143,0.357656464157,0.0457367427094,0.0976109129909
0.274435730608,0.222154648121,0.279741081541,0.22366853973
0.545538693103,0.0929912002783,0.153302892373,0.208167214246
0.133256293647,0.255246475891,0.0208875928001,0.590609637663
0.689067500584,0.110603686201,0.160520740358,0.039808072857
0.336413250408,0.22761300442,0.37540301506,0.060570730112
0.102763628216,0.132770655608,0.656782630577,0.107683085599
0.0549125976164,0.00183991346479,0.942814759402,0.00043272951639
0.0323750513525,0.591899105663,0.168309695404,0.20741614758
0.402914599742,0.0200071204232,0.41889200173,0.158186278105
0.218531435958,0.0984715453467,0.0965580919461,0.586438926749
0.292398529694,0.0260211933043,0.255844957508,0.425735319493
0.188042690985,0.35049036494,0.0931665392898,0.368300404785
0.133104469116,0.552693823644,0.0500924362504,0.264109270989
0.00279225585008,0.876076890821,0.112569839338,0.0085610139911
0.85982285572,0.0742004512335,0.0280993432801,0.0378773497668
0.120538643919,0.539120598481,0.319633295248,0.0207074623519
0.455372882547,0.320736908472,0.0232421066131,0.200648102368
0.606913661171,0.0824250126539,0.0870572002249,0.22360412595
0.00166173906214,0.0297843137387,0.0296604140444,0.938893533155
0.000553454748426,0.904420279779,0.00435708836963,0.0906691771025
0.328440499439,0.207457168975,0.367354727815,0.0967476037717
0.315187083841,0.259288990919,0.285673178661,0.139850746579
0.19370492033,0.573036060739,0.202571744633,0.030687274298
0.0309956547934,0.689578697464,0.146927555332,0.132498092411
0.0381577967046,0.372284708677,0.175685128881,0.413872365738
0.0327207624274,0.0305874708239,0.0462282568703,0.890463509878
0.250182353487,0.627902158407,0.0601873745641,0.0617281135424
0.247080606704,0.695334841545,0.0539265794677,0.00365797228334
0.529697689625,0.136889811736,0.323703909402,0.00970858923737
0.281680694013,0.0635422462383,0.171321636985,0.483455422764
0.103066207982,0.00575483962722,0.021837073907,0.869341878484
0.113790696868,0.055072035798,0.102990871809,0.728146395524
0.0293198913102,0.893603355546,0.0230948545453,0.0539818985989
0.590956008565,0.0714257124081,0.122503955621,0.215114323406
0.892764817912,0.0196759051977,0.0250962726069,0.0624630042839
0.31169212681,0.179144868934,0.452571891932,0.0565911123236
0.90702315082,0.0717773194999,0.0110781922572,0.0101213374231
0.664810565012,0.00459757525753,0.179787092158,0.150804767573
0.0990265336654,0.357401572859,0.31768228893,0.225889604545
0.0317097503777,0.77301491423,0.00654521945231,0.18873011594
0.0272660699691,0.865855244423,0.051175877377,0.0557028082305
0.499648842854,0.12366184253,0.0384378408003,0.338251473815
0.299457212571,0.606278851161,0.000135811838856,0.0941281244287
0.586455139758,0.222002030064,0.0835321593529,0.108010670825
0.149541939158,0.482057858746,0.305676592366,0.0627236097297
0.675045179704,0.00968408682793,0.0337892250232,0.281481508445
0.833198390451,0.0938279343827,0.0498870345401,0.0230866406262
0.0875157388342,0.0103053929129,0.0851904501863,0.816988418067
0.114384839376,0.0486767610197,0.59347732091,0.243461078694
0.280277377085,0.146805059043,0.0357331550876,0.537184408785
0.0978619604403,0.0693952992151,0.344348404061,0.488394336284
0.162599302924,0.54932443931,0.233831904355,0.0542443534108
0.99032326586,0.00396823586048,0.00234911881776,0.00335937946135
0.00170127456016,0.0117115307909,0.631910372757,0.354676821892
0.00305572902649,0.0151399518857,0.963939831685,0.0178644874032
0.16105146352,0.00199404504025,0.033953604233,0.803000887206
0.661093008783,0.116231989477,0.185568093935,0.0371069078047
0.0503973326462,0.602207489905,0.0323724682535,0.315022709195
0.546081412439,0.191783295649,0.191776136864,0.0703591550485
0.116458935765,0.0784946625354,0.0398822241255,0.765164177574