0.060019911904,0.0440354935135,0.151052157318,0.744892437265
0.234292278293,0.318883917141,0.137075770579,0.309748033987
0.0558153167288,0.0278329254658,0.88489281293,0.0314589448754
0.0130356183852,0.000407908616774,0.00670961505788,0.97984685794
0.174278705787,0.041735146488,0.301127992481,0.482858155243
0.448788238322,0.323059407877,0.13008247386,0.0980698799415
0.0577117332296,0.113155597617,0.617012661979,0.212120007174
0.0397258158916,0.12316593252,0.0937168288764,0.743391422712
0.0902527148017,0.343901311046,0.0351873115565,0.530658662596
0.0746546189642,0.26335649041,0.661148583539,0.000840307087086
0.129736217403,0.745213125863,0.0863299728442,0.0387206838903
0.000744843712114,0.897298905123,0.101501166709,0.000455084455819
0.833378282722,0.0370941797507,0.054694644061,0.074832893466
0.364710824577,0.210199060045,0.311660019116,0.113430096262
0.37349040508,0.116555294956,0.49111639995,0.0188379000138
0.476132141014,0.211308231773,0.00459691488952,0.307962712323
0.161309965447,0.0119821045917,0.825424670183,0.00128325977811
0.594892452601,0.277403117623,0.043635814745,0.0840686150312
0.0861980630974,0.00799086956598,0.905111182375,0.000699884961565
0.0616416300142,0.742537643334,0.121537536678,0.0742831899736
0.829769939078,0.0444200456718,0.0241279758062,0.101682039444
0.857366674297,0.0688090288237,0.0638400058493,0.00998429102962
0.555002097217,0.0422684024517,0.386290346346,0.0164391539854
0.0764818353293,0.549972462867,0.0615311784156,0.312014523388
0.437819643981,0.0522631550932,0.178371922208,0.331545278719
0.0111104007555,0.359706818812,0.147857362095,0.481325418337
0.127659327184,0.333406757744,0.23269369668,0.306240218391
0.0137040892614,0.0886025321227,0.840410799086,0.0572825795301
0.837610077632,0.0309802494078,0.0667484114311,0.0646612615287
0.00291842228512,0.205994918991,0.371103653963,0.419983004761
0.0920132846076,0.154157929204,0.0134806866936,0.740348099495
0.605637571984,0.0216216726756,0.185203360986,0.187537394354
0.0934692407338,0.232171537802,0.571108880235,0.10325034123
0.117984574489,0.774692595691,0.0484605547105,0.0588622751092
0.191471399392,0.0912313809718,0.564833360583,0.152463859053
0.577554803553,0.256131598999,0.0275961404836,0.138717456964
0.189326005532,0.13399751798,0.328508344876,0.348168131612
0.000386024382521,0.0411687231951,0.858872545839,0.0995727065837
0.00439075578281,0.406589151798,0.0909753067152,0.498044785704
0.058803162155,0.0134977160154,0.926687315441,0.0010118063883
0.183901849916,0.727887586008,0.0237160484038,0.0644945156731
0.728120454529,0.190598302296,0.0470136745699,0.0342675686055
0.661681320571,0.241250348301,0.0160653566043,0.0810029745234
0.193012751272,0.056381507825,0.375676734584,0.374929006319
0.243371011689,0.196684464079,0.497240817519,0.0627037067134
0.348463981798,0.245816460548,0.285681544042,0.120038013613
0.317945215854,0.295994151398,0.0972843905593,0.288776242189
0.00426994330774,0.993373993293,0.000772535732116,0.00158352766733
0.00764457416111,0.0166494898313,0.968125473273,0.00758046273497
0.194277193626,0.072909882458,0.372912078502,0.359900845414
0.182989020795,0.289462737203,0.520670633851,0.00687760815121
0.0790260663317,0.150890944206,0.141078706657,0.629004282806
0.848806971925,0.0122468198467,0.12340653991,0.0155396683184
0.836235373979,0.00506625215149,0.0223045366842,0.136393837185
0.489028031923,0.0303695015587,0.105183653657,0.375418812861
0.0778644154313,0.447830757898,0.176524226026,0.297780600645
0.0524594653637,0.664533115869,0.131458978094,0.151548440673
0.52371342794,0.314025838619,0.111502228434,0.0507585050076
0.0199495778538,0.904942548511,0.0389496065091,0.0361582671258
0.0865939172435,0.301947386691,0.325080809169,0.286377886896
0.346386007507,0.363036826244,0.0314391408906,0.259138025359
0.0613137802826,0.0164617807867,0.0322046005711,0.89001983836
0.0101677898408,0.0907521328304,0.323798682451,0.575281394877
0.570669612377,0.112541268303,0.120157903721,0.1966312156
0.896048848739,0.0761590752605,0.0246533624761,0.00313871352437
0.0981675213943,0.235568825157,0.0119172070752,0.654346446373
0.855222860784,0.0326703773052,0.109310213333,0.00279654857767
0.00465632182113,0.842156545156,0.120389458917,0.0327976741059
0.224497851486,0.0267930418017,0.16607193242,0.582637174292
0.0739917376882,0.673778268805,0.249717028045,0.00251296546156
0.180231277352,0.332835097491,0.171438957862,0.315494667296
0.483292592081,0.197677969316,0.203279086788,0.115750351815
0.081617921764,0.0194332129842,0.176083847162,0.722865018089
0.0218626889647,0.000136328466746,0.00161742322658,0.976383559342
0.112480765107,0.0881348913911,0.257015052423,0.542369291079
0.0740279311266,0.487195276467,0.201728816345,0.237047976061
0.194459535091,0.466069320675,0.0292882475075,0.310182896726
0.0988127972693,0.134000849307,0.326492062044,0.44069429138
0.492800125774,0.0086393582512,0.00183401338241,0.496726502592
0.0169978089336,0.0635262680355,0.827948358893,0.0915275641375
0.142045598699,0.0273716937962,0.793237843973,0.0373448635316
0.00196978206172,0.0178411547358,0.792205580583,0.187983482619
0.0769684359009,0.344500568958,0.0480974736959,0.530433521446
0.607701902755,0.0413221494669,0.350371232498,0.000604715280174
0.0315465691962,0.0746529468878,0.0328547220012,0.860945761915
0.566676088824,0.0713004244861,0.301589394406,0.0604340922841
0.0323333477495,0.126337782698,0.608708921304,0.232619948249
0.174118988012,0.271065156442,0.523433120371,0.0313827351752
0.427852324276,0.378048836507,0.0957846064648,0.0983142327522
0.501796302948,0.286889723191,0.0820671332178,0.129246840644
0.95925310336,0.00962040600972,0.0289143465537,0.0022121440766
0.520373924963,0.282327649102,0.184667339643,0.0126310862915
0.721114994914,0.236582455174,0.037294503362,0.00500804655055
0.77273684888,0.00186139821223,0.00140000722289,0.224001745684
0.328191518341,0.207425120712,0.0504544467212,0.413928914227
0.0221098369021,0.94155707091,0.00660916511007,0.0297239270783
0.0268683790972,0.19341862462,0.740279714716,0.0394332815676
0.0556646949549,0.050647885015,0.849092140131,0.044595279899
0.0558035068642,0.020636739568,0.898942923988,0.0246168295795
0.0861850747878,0.224052455389,0.684581695632,0.00518077419115
0.0355916852883,0.0111952584791,0.952024691525,0.0011883647078
0.136310245774,0.00131554280674,0.0243718582167,0.838002353202
0.462931946507,0.0352688043303,0.140002003539,0.361797245624
0.0465728419614,0.0709295728451,0.633824921877,0.248672663317
0.173562100065,0.415204863767,0.00490858219805,0.406324453971
0.0525428494276,0.0146621985466,0.763400539589,0.169394412437
0.205918792759,0.0521761659929,0.684327249771,0.0575777914772
0.749547153017,0.0483670746215,0.0315388713143,0.170546901047
0.110414872895,0.685154260737,0.0224986205717,0.181932245796
0.0189660679243,0.520571652465,0.0431322945965,0.417329985014
0.005407846154,0.306844073899,0.666976893151,0.0207711867964
0.100553788558,0.16249785779,0.669802666135,0.0671456875171
0.0710844821835,0.0858740545272,0.678091981485,0.164949481805
0.574760094099,0.00446524344061,0.00159613210421,0.419178530356
0.0283558593943,0.467547879585,0.279345641869,0.224750619152
0.447796096499,0.412608842935,0.0187327811416,0.120862279424
0.556133865436,0.0604072403166,0.281445045921,0.102013848327
0.00442272561169,0.206646558705,0.783115718211,0.00581499747217
0.320950488598,0.1480572934,0.0288069545137,0.502185263488
0.0956323022079,0.643431107571,0.0574313157722,0.203505274449
0.0576530845547,0.00287468203481,0.874519222193,0.0649530112171
0.142911068462,0.0591905217313,0.0942019714535,0.703696438353
0.154760559259,0.0286903105738,0.3924975966,0.424051533568
0.00487040265325,0.697622705968,0.0236758269186,0.27383106446
0.0223547744632,0.757315095656,0.0785709239314,0.141759205949
0.952173597084,0.00436311072099,0.019002389804,0.0244609023911
0.317726613329,0.110173041079,0.0136547393443,0.558445606247
0.0422587670063,0.744652760517,0.0979969092742,0.115091563203
0.00933389769157,0.322358181836,0.215773764768,0.452534155705
0.81240030711,0.0790172071077,0.105094505444,0.00348798033911
0.515365436915,0.011016207622,0.384639803664,0.0889785517996
0.289533884865,0.0142764588269,0.317070828545,0.379118827762
0.0950922429852,0.235460731697,0.506079102955,0.163367922363
0.0306743116949,0.134375576553,0.713287565401,0.121662546351
0.000284218102587,0.170919962209,0.827268930284,0.00152688940421
0.522680240767,0.115873357762,0.333981956425,0.0274644450453
0.644689837392,0.150599530208,0.0839555636835,0.120755068716
0.340591834764,0.156333468189,0.462885830339,0.0401888667089
0.0409520518384,0.0483991884787,0.824385966657,0.086262793026
0.00798520603134,0.27826782304,0.477741271241,0.236005699688
0.0215969817153,0.500384021297,0.469737254595,0.0082817423928
0.174201840579,0.311314996831,0.00410932900123,0.510373833589
0.22296032272,0.117013458701,0.269629345777,0.390396872801
0.261424523486,0.309242737748,0.352324167261,0.0770085715056
0.314128709404,0.271534137893,0.134131963133,0.28020518957
0.360627279911,0.60641260778,0.0221274233428,0.0108326889668
0.758996288737,0.0791644482454,0.156784253494,0.00505500952431
0.00554188591996,0.00895609307742,0.0110839502104,0.974418070792
0.00295643421835,0.989336262546,0.00646089548974,0.00124640774608
0.167119158933,0.106071504775,0.0258202933476,0.700989042945
0.718160529105,0.135374952263,0.0810709415302,0.0653935771021
0.0439435023422,0.00983585749016,0.943855302975,0.00236533719291
0.741375060306,0.223763325651,0.0322647274309,0.00259688661153
0.062722098537,0.590945042102,0.0319747753197,0.314358084041
0.333499651955,0.358306376819,0.0418403137003,0.266353657526
0.429304768173,0.45550679963,0.109232734097,0.00595569810011
0.597407623265,0.0621750639835,0.0170062419057,0.323411070846
0.107758893002,0.0216875657901,0.15341390901,0.717139632198
0.682852150553,0.0149412763711,0.272772940982,0.0294336320936
0.00781140541062,0.0464496726274,0.701992934354,0.243745987608
0.117012938037,0.107606777078,0.391284475889,0.384095808996
0.00202726682595,0.964087506386,0.0190456753641,0.0148395514241
0.242085902456,0.000514043488894,0.751335803071,0.00606425098447
0.162892176847,0.0737167923653,0.679754403467,0.083636627321
0.825614066691,0.0300928454428,0.139369479198,0.00492360866797
0.0018537263075,0.54919382194,0.00519727462585,0.443755177126
0.0690785113112,0.517329201547,0.316391332949,0.0972009541924
0.165769826909,0.156872655912,0.101800635853,0.575556881326
0.00943158908153,0.0482485171685,0.0889374993712,0.853382394379
0.314259377947,0.396926163219,0.0411016878567,0.247712770978
0.39313173785,0.279801774958,0.15134105089,0.175725436302
0.137137528886,0.156577006255,0.0146510209833,0.691634443877
0.191304089325,0.549523696908,0.139525971177,0.11964624259
0.205833794296,0.0692600682845,0.313248467656,0.411657669764
0.00609845053025,0.0318730559544,0.938491169797,0.0235373237184
0.221092385876,0.169959550411,0.338534323121,0.270413740592
0.00852474575456,0.224643700569,0.741860932406,0.024970621271
0.109417448905,0.0103432013012,0.0695543902915,0.810684959502
0.172440943437,0.000131384474046,0.321833459667,0.505594212423
0.00310444814619,0.00754331467738,0.983609219613,0.00574301756318
0.0298806564049,0.511592510923,0.456218811212,0.00230802146019
0.617413254387,0.0144835326156,0.0874586159273,0.28064459707
0.716331783504,0.00938034496456,0.0513272506824,0.222960620849
0.04351725445,0.25238259919,0.505194649435,0.198905496925
0.0227672506163,0.545892235725,0.00235212539524,0.428988388264
0.04852447385,0.316606310038,0.0300523989311,0.604816817181
0.133508223599,0.506054279874,0.280223762202,0.0802137343256
0.865310624084,0.0279442924064,0.0717901059489,0.0349549775609
0.204509897868,0.39584822971,0.13808529211,0.261556580312
0.319565809827,0.0682424028186,0.386989052169,0.225202735186
0.00707929121491,0.00950212119495,0.17251763902,0.81090094857
0.929385614501,0.00358921872017,0.0419163775836,0.025108789195
0.210672027202,0.408503557417,0.166764184048,0.214060231333
0.0196736848576,0.11356843487,0.214707756045,0.652050124228
0.599284745273,0.230209242706,0.0301415404719,0.140364471549
0.0223366105008,0.23280359668,0.724970808272,0.0198889845473
0.339432778261,0.0249179910371,0.426635375472,0.20901385523
0.23599590273,0.321006672953,0.334675724383,0.108321699934
0.918285390773,0.057712645477,0.0196377112501,0.00436425249997
0.0452457108374,0.292775463312,0.159577584072,0.502401241779