0.0095733924429,0.894019330581,0.0568251547015,0.0395821222751
0.231950711733,0.280278767202,0.184089780327,0.303680740738
0.312475317448,0.430047814668,0.237508061687,0.0199688061968
0.177365026336,0.0246278909304,0.171316692232,0.626690390501
0.375514815534,0.0232539154712,0.022733357284,0.578497911711
0.0404563170636,0.0130658367482,0.0297680493718,0.916709796816
0.0158293060386,0.00901687590611,0.0423718621846,0.932781955871
0.135767872968,0.16136344644,0.18895718926,0.513911491331
0.0112661738782,0.0385040304841,0.933448873497,0.0167809221404
0.0273904214537,0.0566543875735,0.0182810098674,0.897674181105
0.15329127611,0.159157771168,0.656216431934,0.0313345207885
0.00554289817376,0.0100983494285,0.370688531581,0.613670220817
0.692931379884,0.0142664991812,0.17769855428,0.115103566655
0.369691560039,0.0454410629473,0.571502181826,0.013365195188
0.271848345535,0.20639045744,0.104271203756,0.41748999327
0.0953683849664,0.0129874811601,0.0869169130804,0.804727220793
0.0477789810672,0.236177809091,0.371477949154,0.344565260688
0.0354882491493,0.0861796364223,0.290990689945,0.587341424484
0.305515105556,0.167343721074,0.444465702558,0.0826754708115
0.184675491884,0.382315455704,0.40991151773,0.0230975346823
0.960062016106,0.00972184998108,0.01248456623,0.0177315676833
0.334888176877,0.00161329999922,0.524463066274,0.139035456849
0.332863934805,0.435235406451,0.153628021799,0.0782726369452
0.653712111933,0.0953250738847,0.162339132813,0.0886236813688
0.0881542322954,0.00773913420971,0.863498205739,0.0406084277556
0.0513347487836,0.294479398976,0.54992021456,0.10426563768
0.0710869698299,0.201673507046,0.493331936062,0.233907587062
0.0609408600766,0.0864543637136,0.84536693013,0.00723784608002
0.875830865492,0.00224169065194,0.00698717136444,0.114940272491
0.341342132812,0.38905372335,0.108047180975,0.161556962863
0.108233615217,0.277051309091,0.570486938335,0.0442281373568
0.111801020648,0.0620442676897,0.0302182064585,0.795936505204
0.38948498313,0.0519450117661,0.518493899131,0.0400761059731
0.0669209504748,0.282470683191,0.0300025543445,0.62060581199
0.163011166647,0.432655229617,0.188206916322,0.216126687413
0.851294719825,0.000972820245926,0.0339809500144,0.113751509915
0.112164240573,0.46293800494,0.259057612304,0.165840142184
0.712558394314,0.0172458642806,0.0134978435109,0.256697897894
0.0181635438506,0.624599040176,0.350384072491,0.00685334348222
0.0279620518066,0.491206894215,0.0360700384818,0.444761015497
0.0455860914133,0.547455160115,0.339207230408,0.0677515180635
0.0490531981632,0.14606703595,0.214540620731,0.590339145156
0.918750470215,0.0277716343227,0.00814560508398,0.0453322903784
0.131844934897,0.775964224491,0.0857178036668,0.00647303694533
0.57665421382,0.121807250182,0.125642662412,0.175895873587
0.601766396677,0.114713863754,0.250778804663,0.0327409349055
0.101516926481,0.876405710645,0.0154342075843,0.00664315528882
0.213626622142,0.0155529286401,0.666495622496,0.104324826721
0.592944844849,0.287666007201,0.0327112142933,0.0866779336569
0.514094277335,0.10140449295,0.0060497809017,0.378451448813
0.014005352895,0.0083842881523,0.0119230422115,0.965687316741
0.120835215928,0.69771296124,0.118653752108,0.062798070724
0.517533224201,0.378310147157,0.0373841699291,0.0667724587122
0.754858305005,0.212513260949,0.018466478927,0.0141619551189
0.123502530122,0.0233372075377,0.740687608622,0.112472653719
0.0112538742583,0.725627856456,0.107145509357,0.155972759929
0.1662964331,0.527226962807,0.046406993333,0.26006961076
0.774620085001,0.164724575251,0.0601974078053,0.000457931942662
0.00515016529926,0.785982445988,0.0113359204931,0.197531468219
0.0357017519196,3.02090697592e-05,0.960663805507,0.00360423350368
0.751919035552,0.0998239535797,0.0332920788247,0.114964932043
0.0190517298483,0.338308299515,0.227858469169,0.414781501467
0.522869110963,0.0487202872391,0.171225434016,0.257185167782
0.0786764826797,0.565610636343,0.165543946659,0.190168934319
0.693033283235,0.052331233027,0.250773745673,0.00386173806492
0.341834159924,0.208000593588,0.0997491689165,0.350416077571
0.629977136338,0.124023082031,0.218769449694,0.027230331938
0.0220290936256,0.297154292139,0.614287973681,0.0665286405546
0.189494066733,0.0358182417311,0.245599920596,0.52908777094
0.236755764053,0.165589531286,0.190886026055,0.406768678605
0.0875202144142,0.613452249253,0.20077655381,0.0982509825231
0.077220580395,0.882345674697,0.0246817761381,0.0157519687699
0.00554725601279,0.658898652471,0.290315268119,0.045238823397
0.00512540334201,0.0211133212594,0.0261513739978,0.947609901401
0.101508664575,0.0352144379635,0.00615537814671,0.857121519315
0.279028682659,0.341842093807,0.065671013244,0.31345821029
0.00112061784049,0.99293536902,0.00299065994342,0.00295335319655
0.056237560975,0.188098252107,0.44791575329,0.307748433628
0.100739343781,0.00323204626211,0.0320447478553,0.863983862102
0.350994627504,0.35932805969,0.11763666846,0.172040644346
0.287487090335,0.0598173354508,0.268580437315,0.384115136898
0.572772319516,0.127882649994,0.00644061002751,0.292904420463
0.0380851349212,0.249982596349,0.625704901632,0.0862273670985
0.0606579070248,0.000606368148854,0.740013240252,0.198722484574
0.0163101052357,0.105775343818,0.536507091295,0.341407459652
0.0382046171261,0.00248228518231,0.886279249792,0.0730338478992
0.439692516672,0.149531171353,0.240752874749,0.170023437227
0.782461541907,0.107394099315,0.0398185073916,0.0703258513872
0.172473098228,0.0930487873733,0.562758381658,0.171719732741
0.680386939545,0.23771227431,0.0754584483838,0.00644233776128
0.272177550885,0.336797303072,0.242376671121,0.148648474922
0.0841441007043,0.108892422995,0.715410273883,0.0915532024172
0.394164714392,0.101872990552,0.45243281199,0.0515294830658
0.259160653148,0.303440978555,0.227019342717,0.21037902558
0.38999468807,0.299449104638,0.156495147368,0.154061059923
0.0596648781615,0.36504391306,0.05477692121,0.520514287568
0.00305719058694,0.274735671718,0.68578689137,0.036420246325
0.610129028289,0.135091019754,0.191000815689,0.0637791362675
0.0734507237064,0.0415605072152,0.0844179189601,0.800570850118
0.0219413213985,0.740949557275,0.0705236667828,0.166585454544
0.665562985587,0.308392065554,0.0219933690501,0.00405157980923
0.201363297609,0.595781235289,0.0275457127243,0.175309754377
0.027691358763,0.0780575667067,0.48669665778,0.407554416751
0.0759777235622,0.0253391001378,0.00225089029772,0.896432286002
0.0988729604212,0.0104489548078,0.0130382918008,0.87763979297
0.15607316487,0.0460452291424,0.643106348714,0.154775257273
0.977947113551,0.0017831639162,0.0201097730177,0.000159949515196
0.00144359884399,0.393861625894,0.335059060895,0.269635714367
0.572955907216,0.014859618913,0.371041076153,0.0411433977183
0.0464697306502,0.588492384711,0.00725604591681,0.357781838722
0.713499644076,0.00395863300034,0.169908768243,0.11263295468
0.100007007552,0.197574020803,0.309412008209,0.393006963436
0.385372661618,0.258443667522,0.104631206623,0.251552464238
0.0402198888016,0.569748452517,0.251616804638,0.138414854043
0.157715986351,0.493493507212,0.00528581574376,0.343504690694
0.485350073898,0.0122833511302,0.30119834349,0.201168231481
0.460160422873,0.513463206119,0.00375770951397,0.0226186614944
0.0277617632068,0.099851194238,0.843595833407,0.0287912091485
0.208728909599,0.147825376163,0.164903390946,0.478542323292
0.00891122518555,0.0218189860502,0.889222505239,0.0800472835256
0.90152449989,0.0220339372323,0.00688825156269,0.0695533113145
0.836193635096,0.0645753991227,0.00601203154052,0.0932189342411
0.0867153374496,0.000212752231242,0.913067211239,4.6990806385e-06
0.110326012786,0.0140056496933,0.853352010979,0.0223163265417
0.33241162692,0.0574748676859,0.440453852534,0.169659652861
0.208834826378,0.0926602382594,0.566245999535,0.132258935828
0.140244112165,0.528820230945,0.250067932733,0.0808677241562
0.0137826509101,0.0678107201612,0.906971361733,0.0114352671956
0.441198434932,0.00635378216036,0.0290409233967,0.523406859511
0.206243772446,0.177340667061,0.490531975285,0.125883585208
0.695910916051,0.295260816415,0.00488058437679,0.00394768315749
0.106441585008,0.577709749243,0.0502058946816,0.265642771067
0.442571049807,0.0523194434759,0.204209840531,0.300899666185
0.172623494863,0.00292047718651,0.149071460549,0.675384567402
0.0157883973034,0.405108196832,0.476338766963,0.102764638902
0.656753909812,0.249921899916,0.0634332735596,0.0298909167118
0.64009916757,0.301326798411,0.0559387769958,0.00263525702329
0.23960729172,0.159486001132,0.119615516586,0.481291190561
0.212899897113,0.0338344653157,0.753029632713,0.000236004858093
0.773741281623,0.037206624456,0.0723026467833,0.116749447137
0.000360643844469,0.528477836708,0.00261975501185,0.468541764436
0.157221382035,0.0705765422561,0.578682187773,0.193519887936
0.55715675702,0.348707049598,0.0205760699412,0.0735601234408
0.628479042025,0.030999316599,0.019944349104,0.320577292272
0.763055838123,0.179139902797,0.015989323313,0.0418149357671
0.58390072361,0.134610881097,0.136862545649,0.144625849644
0.797036594827,0.168141995697,0.0238424236179,0.0109789858582
0.690887475137,0.26256085058,0.0229972126779,0.0235544616056
0.72542343461,0.229190979428,0.00323085607678,0.0421547298852
0.109824658723,0.659094669537,0.194931855841,0.0361488158994
0.000150555497744,0.982984521173,0.00412379063186,0.0127411326974
0.00574249228087,0.878566834701,0.112562112092,0.00312856092581
0.00362749001422,0.00421645476865,0.152123261408,0.840032793809
0.017986955068,0.048794001382,0.408706764501,0.524512279049
0.154650181404,0.615560687554,0.102544685932,0.127244445109
0.455364222632,0.0774438033975,0.00507961871305,0.462112355257
0.300352249459,0.400567758144,0.2106759578,0.0884040345964
0.035238052367,0.00820154284965,0.89232048169,0.0642399230931
0.568480353735,0.353707277826,0.0450956681833,0.032716700256
0.0129141137416,0.278230216238,0.00644348248128,0.702412187539
0.0105051141485,0.379093903513,0.0321690178506,0.578231964488
0.00405691572403,0.398811669392,0.458844883279,0.138286531605
0.823562789596,0.0769585470602,0.00675916260977,0.0927195007336
0.287123852969,0.192413814843,0.0415431907345,0.478919141453
0.180783106958,0.76839723906,0.0408245064299,0.00999514755192
0.000793492675136,0.921972626241,0.0738979606011,0.00333592048317
0.893862158028,0.0422187380745,0.0304994616759,0.0334196422216
0.512468285023,0.449113581462,0.0108648735512,0.0275532599634
0.411518779513,0.231946290983,0.0382455151456,0.318289414359
0.00116083466852,0.933831557205,0.00270720215584,0.0623004059707
0.192682682077,0.339285306636,0.0701704206721,0.397861590615
0.2717352808,0.128966628243,0.292819829087,0.30647826187
0.00863962190815,0.043241154027,0.0273578689282,0.920761355137
0.111710613025,0.100310360968,0.395821216499,0.392157809508
0.0222459853571,0.1615379596,0.635999781901,0.180216273142
0.016842389108,0.00150343887383,0.921120938643,0.0605332333751
0.0604390289042,0.129859035865,0.663944183991,0.145757751239
0.226413607329,0.13099885335,0.550512257172,0.0920752821486
0.421545712938,0.316081677206,0.0139538126412,0.248418797214
0.00715252660894,0.947913199004,0.0298791320317,0.0150551423557
0.0416558275598,0.0172620856129,0.220297046661,0.720785040167
0.402085782245,0.267304188939,0.0545379831794,0.276072045637
0.072210531311,0.0195133488401,0.866975123891,0.0413009959578
0.103465022723,0.423700500566,0.448074575153,0.0247599015576
0.0774842009659,0.255758352656,0.10895987489,0.557797571489
0.455787442899,0.208434382294,0.126344369975,0.209433804832
0.0923671919919,0.280208012303,0.11891691638,0.508507879325
0.223412245391,0.36286549941,0.0955746660823,0.318147589116
0.432107091957,0.0450654465797,0.0449558804111,0.477871581052
0.0431921205982,0.0174017451239,0.922667328127,0.0167388061513
0.098505741654,0.155929868008,0.727791265067,0.0177731252713
0.366396888607,0.630968030578,0.00046481576731,0.00217026504802
0.28021829535,0.0457757795012,0.481821422866,0.192184502283
0.277192919522,0.309653853611,0.337996731988,0.0751564948793
0.0126814248868,0.208665793914,0.400533995205,0.378118785994
0.47673728534,0.0693601479535,0.221149093591,0.232753473115
0.00436318134064,0.147893216874,0.745704637779,0.102038964007
0.266359468972,0.549577595504,0.12757603937,0.0564868961539
0.0745511223653,0.466922029687,0.0284941454232,0.430032702524
0.937459073018,0.0406074488226,0.00969328001794,0.0122401981417