0.404200470179,0.208576873503,0.121430990155,0.265791666164
0.0517729105102,0.215042498475,0.162426087532,0.570758503483
0.0351100838575,0.00523927163673,0.0122596423936,0.947391002112
0.0426199348267,0.00519893501939,0.00291008149551,0.949271048658
0.119398295103,0.0123828759183,0.642945819612,0.225273009367
0.0798945691039,0.690840352863,0.190390341417,0.0388747366158
0.288116837194,0.228031939505,0.44878472284,0.0350665004611
0.590006092273,0.0184927306831,0.0698272223049,0.321673954739
0.00986799736425,0.76200012609,0.201144165917,0.0269877106293
0.215170805871,0.105332470747,0.420123129728,0.259373593654
0.297025743,0.0143967500521,0.5835781767,0.104999330248
0.0273920573094,0.90106119374,0.0412244680327,0.030322280918
0.0178250166465,0.356398764121,0.445736030398,0.180040188834
0.0475679896986,0.0589218158938,0.0153509793761,0.878159215032
0.401194829729,0.0447951276445,0.0665822750014,0.487427767625
0.730297265803,0.0125018622807,0.225314983801,0.0318858881157
0.82007201882,0.171789914108,0.00700838207259,0.00112968499891
0.832485620436,0.0241162150602,0.0599152887244,0.0834828757791
0.434360377736,0.0626685153748,0.137417108243,0.365553998646
0.424330341711,0.102283327532,0.351252623441,0.122133707315
0.00253935356197,0.00320979150953,0.299785528707,0.694465326221
0.021619917319,0.0303881614898,0.0431500513798,0.904841869811
0.0752081912213,0.297430906889,0.459789313234,0.167571588656
0.045026780785,0.871117832367,0.0592288338367,0.0246265530116
0.593324770312,0.0904766313527,0.175134551976,0.14106404636
0.0397272018265,0.0624963789451,0.250513346126,0.647263073102
0.0167298637488,0.786166242342,0.0404279627573,0.156675931152
0.00832747080497,0.326613362189,0.12283138817,0.542227778837
0.174972358627,0.765847080855,0.041203592107,0.0179769684102
0.0235166881204,0.357950196787,0.527689314148,0.0908438009444
0.651622080811,0.0430414466258,0.0798224579073,0.225514014656
0.205357006021,0.268008086159,0.0551970104128,0.471437897407
0.00141344211312,0.351475694493,0.551835082585,0.0952757808094
0.104865013182,0.188094940213,0.385236031132,0.321804015472
0.407342364745,0.344243862638,0.0405856778594,0.207828094757
0.317577362696,0.13190016914,0.250925090991,0.299597377173
0.560089524892,0.25110729662,0.0508192448297,0.137983933659
0.521893565244,0.00126318711365,0.108079896595,0.368763351047
0.127128533063,0.505220049848,0.219130535044,0.148520882045
0.00973406557205,0.250594236932,0.723812328647,0.0158593688485
0.0246334337649,0.0459595110848,0.81792774714,0.11147930801
0.179503114455,0.0107625680978,0.00414645975567,0.805587857692
0.218202099512,0.296255474049,0.344352134338,0.141190292101
0.277637392084,0.128088337494,0.0563527559078,0.537921514513
0.755408781693,0.029501909574,0.193469577679,0.021619731054
0.265668795793,0.0638304934809,0.300349330043,0.370151380683
0.259341963754,0.257559207775,0.18046010428,0.302638724191
5.69781033416e-06,0.711090710039,0.0005690302633,0.288334561887
0.0332438376814,0.794863495953,0.00844593317125,0.163446733194
0.0777866315695,0.0758774256643,0.758520235232,0.0878157075342
0.0353143543531,0.062527714681,0.417773023654,0.484384907312
0.0279357979854,0.371508940961,0.460187087146,0.140368173907
0.21457119505,0.131337897819,0.263582571054,0.390508336078
0.183434411066,0.674112408439,0.0408236113404,0.101629569155
0.633228047271,0.144664760821,0.177198807198,0.0449083847098
0.0277378127938,0.0517437752261,0.144005996273,0.776512415707
0.131100048326,0.589249982898,0.0328571967798,0.246792771996
0.576702015883,0.332349601596,0.0390344638076,0.0519139187133
0.168834626348,0.0531684113385,0.0179009514342,0.76009601088
0.371212426205,0.252887379206,0.352635540898,0.0232646536911
0.0413003264179,0.301119966868,0.00926540872369,0.64831429799
0.811273579154,0.00177859278479,0.0753123500646,0.111635477996
0.692135030276,0.149554827737,0.143825711869,0.0144844301183
0.0171099076003,0.0226888109518,0.738316440146,0.221884841301
0.335776962316,0.0230854467259,0.635499485063,0.0056381058951
0.893186002472,0.027791571889,0.0756883284091,0.00333409723004
0.311598996067,0.413245501996,0.182966647427,0.0921888545107
0.16313694731,0.690998049008,0.117204446172,0.0286605575093
0.0486245785122,0.0217730814292,0.10557021385,0.824032126209
0.995674710867,0.000707364836701,0.000542930953015,0.00307499334289
0.00500315811532,0.0062819769784,0.0108952402687,0.977819624638
0.213560680265,0.424227472452,0.204264764328,0.157947082955
0.173123684972,0.0922650894654,0.513529184139,0.221082041424
0.0943579473788,0.728072064739,0.159027662032,0.0185423258504
0.00291636290224,0.0105545493862,0.644752819254,0.341776268457
0.1403376749,0.126638410496,0.605478717454,0.12754519715
0.0769064294815,0.0424699851106,0.322809076248,0.557814509159
0.569214309597,0.252487876774,0.074418766405,0.103879047223
0.180823137771,0.310924074004,0.126204662576,0.382048125649
0.570590895187,0.0444126304737,0.372578594745,0.0124178795949
0.774831519595,0.00934743340556,0.0864658941914,0.129355152808
0.265407773866,0.522574805575,0.00831549657694,0.203701923982
0.000749593437025,0.648143349899,0.00135010043766,0.349756956226
0.166448484036,0.201585329544,0.150115982398,0.481850204023
0.248730881697,0.633687832252,0.029617548223,0.0879637378284
0.29480510783,0.505777936504,0.0718469741807,0.127569981485
0.18761702391,0.015559986482,0.0228311581576,0.77399183145
0.26539009755,0.0490635064338,0.240374698621,0.445171697395
0.544874736653,0.203319121758,0.222203417528,0.0296027240613
0.345736605824,0.0476639835244,0.454329774353,0.152269636299
0.50219533292,0.00102483097335,0.00461131146004,0.492168524646
0.359005081682,0.577208011195,0.0454368673761,0.018350039747
0.0611207645135,0.00927115864549,0.0254796102732,0.904128466568
0.86432829568,0.0550375178393,0.0192064285822,0.0614277578981
0.131144961794,0.323399045236,0.500021582958,0.045434410012
0.0704594639693,0.15658762527,0.0904168891418,0.682536021619
0.0537095356914,0.281686499251,0.466581765684,0.198022199374
0.103044285677,0.00496398760515,0.880182849979,0.011808876739
0.318186753464,0.124180103842,0.486341330734,0.0712918119612
0.443507805195,0.0490581089167,0.0416824201958,0.465751665693
0.0523200119757,0.0526846464079,0.878848532594,0.0161468090219
0.598632630858,0.0125252003619,0.332753798629,0.0560883701506
0.0610629551394,0.510558474415,0.225843655928,0.202534914517
0.025128274482,0.0342716970247,0.0053810207336,0.93521900776
0.0108659689875,0.297811382195,0.00291780955235,0.688404839265
0.16499665426,0.135925275893,0.316240739022,0.382837330824
0.176227743298,0.226925063071,0.551742625896,0.0451045677351
0.00764200722148,0.470070654969,0.100392495073,0.421894842737
0.00178324093926,0.567278264866,0.000220926765242,0.430717567429
0.0311758809389,0.00869730716012,0.654093687264,0.306033124637
0.444470957393,0.134995783392,0.261755999793,0.158777259422
0.163974323466,0.216139498302,0.558215577858,0.0616706003742
0.00688794222923,0.0566742567293,0.43649113692,0.499946664122
0.128087454487,0.102895323894,0.0833622211064,0.685655000513
0.666390575078,0.0125893523611,0.0390295841158,0.281990488445
0.514275843012,0.320580726207,0.15306693646,0.0120764943208
0.800139779431,0.101492394494,0.0735966262665,0.0247711998083
0.356425279286,0.320274595414,0.321676004478,0.00162412082201
0.100046711267,0.0935318602331,0.0707256636677,0.735695764832
0.362053676156,0.0347547697442,0.0440748920568,0.559116662043
0.0327258396631,0.487006023041,0.0558510537219,0.424417083574
0.888652460691,0.0304032338151,0.0174002249833,0.0635440805109
0.27639489483,0.0199095694766,0.296018779337,0.407676756356
0.20434099206,0.113259981496,0.406763029675,0.275635996768
0.643322725664,0.0945491612071,0.0429104373829,0.219217675746
0.551475142952,0.00244008273663,0.39573748464,0.0503472896714
0.443040726957,0.379173244242,0.0989464222499,0.0788396065506
0.261589995798,0.701203007984,0.0326186536998,0.00458834251764
0.0448842119789,0.201146271486,0.0147353811128,0.739234135422
0.208302852417,0.123512343199,0.617163129045,0.0510216753393
0.0270294725754,0.358452336937,0.0359422082627,0.578575982225
0.313377407122,0.226127245121,0.364273411612,0.0962219361451
0.0151286946242,0.075770314166,0.876029729327,0.0330712618826
0.0228183380343,0.447297419651,0.0328304728489,0.497053769466
0.168113610499,0.135327997473,0.68339308321,0.0131653088175
0.729897513155,0.0155467481953,0.0534191224724,0.201136616178
0.22011159323,0.0300979259838,0.533124892104,0.216665588683
0.0041058461938,0.186032093508,0.795315907706,0.0145461525924
0.896853192883,0.0578339218503,0.00986985173283,0.0354430335338
0.0151047374721,0.743969282697,0.235340775062,0.00558520476908
0.0364572516852,0.0550094116382,0.373086591554,0.535446745123
0.0312763309065,0.155868004537,0.424873909563,0.387981754994
0.348481854559,0.077818540533,0.00918971530108,0.564509889607
0.197133661649,0.0263949613635,0.741836314435,0.034635062552
0.220375744747,0.599020119533,0.142916236658,0.0376878990614
0.105904090101,0.354340328659,0.0798076893719,0.459947891868
0.23365219116,0.140856670633,0.177304155065,0.448186983143
0.148003744243,0.594000488399,0.068219721994,0.189776045364
0.244897801155,0.456912845843,0.0270306005253,0.271158752476
0.957807006945,0.0026348349883,0.0131077987804,0.0264503592866
0.00609237584939,0.0326381765182,0.530638774265,0.430630673368
0.654328053856,0.0844372666041,0.141112917367,0.120121762173
0.302985541664,0.0770746887183,0.272778792514,0.347160977103
0.343413222659,0.479061136654,0.0299742920748,0.147551348612
0.280198573788,0.332836451974,0.354144916545,0.0328200576926
0.786281380142,0.134967649779,0.0344333233243,0.0443176467545
0.0946478552178,0.491428639485,0.0102692456568,0.403654259641
0.162473770318,0.116208205443,0.0290622944465,0.692255729792
0.050193491358,0.00268457183172,0.946545878653,0.000576058157576
0.601774574605,0.0363806108179,0.242101643726,0.119743170852
0.76468036671,0.00173405227069,0.202868401022,0.0307171799975
0.601780091332,0.199911334062,0.06039272899,0.137915845616
0.384235581113,0.0219542272404,0.0704939589489,0.523316232698
0.098482776712,0.00635511830947,0.822302260496,0.0728598444822
0.106788584405,0.147391655101,0.707418281455,0.0384014790387
0.917171198755,0.056058249363,0.00754149131354,0.0192290605685
0.0513216631664,0.0211519171148,0.883444737146,0.0440816825727
0.0455835972423,0.698251513774,0.109945318485,0.146219570498
0.0902251226578,0.432718920046,0.118221112833,0.358834844464
0.274760372514,0.239623483521,0.0285406944045,0.457075449561
0.17293993079,0.0181694318465,0.394820819077,0.414069818286
0.105622988589,0.0515855711091,0.13925080809,0.703540632212
0.607281757445,0.254686854502,0.0941508822164,0.0438805058366
0.364005619543,0.0790407175374,0.122534547604,0.434419115315
0.0682862367136,0.00968008491412,0.544136545591,0.377897132781
0.0977840922337,0.67222011741,0.0395314193079,0.190464371048
0.684973868788,0.0314104987099,0.253886993803,0.0297286386987
0.239914801765,0.0885897545776,0.39269579593,0.278799647727
0.0255994092441,0.921306059581,0.0431712811935,0.00992324998148
0.289928794217,0.380249238254,0.0455187065354,0.284303260994
0.299184894787,0.135675026588,0.529358962349,0.0357811162761
0.373769833889,0.319648710593,0.140921011044,0.165660444474
0.0301486985197,0.527099034955,0.0125835946398,0.430168671886
0.349422108566,0.575449728404,0.064926922011,0.0102012410182
0.17321915379,0.154812568611,0.056072037819,0.615896239779
0.283040417586,0.000284429794215,0.616181105103,0.100494047517
0.369876802373,0.488053669778,0.0678780869926,0.0741914408565
0.0609853857579,0.361556451775,0.367312083683,0.210146078784
0.00794647700931,0.0770740343076,0.713051642238,0.201927846445
0.928502035073,0.00369945348154,0.00523972986004,0.0625587815851
0.543087755556,0.380968759825,0.0515904732093,0.0243530114093
4.87801588226e-05,5.90800486523e-05,0.99752720059,0.00236493920283
0.027910760455,0.954779965533,0.0167135041124,0.000595769899994
0.0361933673189,0.0505814558561,0.907742608008,0.0054825688171
0.0376213348854,0.858080982356,0.0788106096181,0.02548707314
0.474886948758,0.032624656034,0.393874198706,0.0986141965022
0.106067502824,0.0149231364885,0.10460842519,0.774400935497
0.0785579183297,0.101747409287,0.726403668684,0.0932910036991
0.570666439617,0.000948738430219,0.185958837594,0.242425984358
0.378726004002,0.0235619959034,0.038643381087,0.559068619007