0.209200927105,0.569684799806,0.164020243118,0.0570940299705
0.0143537552872,0.0601949224168,0.830050856276,0.09540046602
0.844685298291,0.00427717092482,0.105691763269,0.0453457675155
0.324583248259,0.201977427048,0.136665080496,0.336774244197
0.857075500752,0.086812924277,0.0541587607731,0.00195281419747
0.602605732571,0.370576252469,0.0132687343408,0.0135492806196
0.172118978037,0.000518066422802,0.0321903204364,0.795172635104
0.0320335530435,0.655675355041,0.197977786548,0.114313305367
0.34160816389,0.282910486464,0.212578768482,0.162902581165
0.668321884467,0.0346386431703,0.0886409992892,0.208398473074
0.271250934807,0.0872937939179,0.602459227451,0.0389960438248
0.39884620227,0.165530135082,0.322853412988,0.11277024966
0.00767515542835,0.00212199299466,0.974032876955,0.0161699746223
0.17234971847,0.207684637574,0.489729155089,0.130236488867
0.00177181252539,0.0602972991939,0.932941857163,0.0049890311179
0.00796776812319,0.476820201027,0.463897397745,0.051314633105
0.180911284115,0.653370693528,0.149329758823,0.0163882635341
0.00882354505178,0.00169649028465,0.988545805557,0.000934159106968
0.0543077016282,0.771148812272,0.0467289334402,0.12781455266
0.0684982757951,0.630761737717,0.158096274151,0.142643712336
0.0318008828112,0.0189518203104,0.829116234519,0.120131062359
0.0798366218017,0.0222311146019,0.524239162484,0.373693101112
0.0135489093396,0.0986277961246,0.799909198801,0.0879140957352
0.0302307126511,0.0969386517261,0.392369213771,0.480461421852
0.125006902052,0.353453605735,0.108586149943,0.412953342271
0.282977286715,0.0949372437068,0.141304998539,0.480780471039
0.791501879272,0.000133657250808,0.0257823075111,0.182582155966
0.179231177046,0.00621230626804,0.230535999359,0.584020517327
0.0397781670573,0.27385540342,0.209267250511,0.477099179012
0.115443643201,0.00730648299143,0.0347949703169,0.842454903491
0.244183129612,0.721783012264,0.025743706536,0.00829015158851
0.0700101822066,0.113852844025,0.0632232707701,0.752913702998
0.00680940361758,0.468208105921,0.518012325882,0.00697016457981
0.0833561344642,0.800606336676,0.104528565057,0.0115089638031
0.079896327247,0.449308162646,0.064428321837,0.40636718827
0.069594465132,0.034471650856,0.0365136641745,0.859420219838
0.128582048397,0.644166714883,0.13725747734,0.0899937593807
0.0152110228698,0.00456407264603,0.00585495582276,0.974369948661
0.0239409365279,0.00373184025039,0.966973618542,0.00535360467969
0.981152295075,0.0131362179747,0.00441618614454,0.00129530080554
0.785969450967,0.165409762639,0.0292466221417,0.0193741642518
0.0113970221072,0.610398447208,0.0695048964611,0.308699634224
0.216583758659,0.427973528844,0.290810719322,0.0646319931746
0.194059635574,0.114629807613,0.503357672577,0.187952884237
0.0503536332989,0.0254667659172,0.915810091404,0.00836950937995
0.00429532367131,0.575949729285,0.334815489351,0.0849394576925
0.0440418319634,0.897856134707,0.0144134877187,0.0436885456112
0.286264464434,0.712785554898,0.000299050571609,0.000650930096237
0.0110235925718,0.0332699063085,0.0472177478158,0.908488753304
0.251757549111,0.180869039923,0.00197773959948,0.565395671367
0.905150743337,0.0606824580267,0.0319652277151,0.00220157092127
0.160624422812,0.728014513913,0.010677772791,0.100683290484
0.0107474748584,0.420945837189,0.0404533381693,0.527853349783
0.14805921085,0.59824356633,0.0832251918674,0.170472030952
0.0545031048616,0.631053572758,0.100425104719,0.214018217661
0.11139879948,0.156495685907,0.566058930465,0.166046584149
0.000201002266475,0.832156103922,0.166520754029,0.00112213978202
0.0318444324743,0.0700079166176,0.301605876243,0.596541774665
0.276543948511,0.189085027715,0.358394551075,0.175976472699
0.257049751724,0.297504259443,0.203714711811,0.241731277022
0.116472707166,0.843022568557,0.0123352245774,0.0281694996988
0.0739972965014,0.0506531740171,0.0355590352994,0.839790494182
0.108038342956,0.389155038085,0.100108524163,0.402698094797
0.553258150321,0.186539469507,0.112287486103,0.147914894069
0.0132889258647,0.522239317569,0.000621686391707,0.463850070175
0.00568076269426,0.977638732942,0.00585593302084,0.0108245713432
0.101455167676,0.4117963377,0.00565996955103,0.481088525073
0.0190608798912,0.240846058245,0.298301362563,0.4417916993
0.0720082991964,0.112848113512,0.597882016204,0.217261571087
0.991562871001,0.00330124795324,0.000598096456669,0.00453778458895
0.0381113196894,0.218703829943,0.11591735434,0.627267496028
0.554279618959,0.00236702262384,0.00277649292185,0.440576865495
0.313688002754,0.221682930041,0.133409930685,0.33121913652
0.455270238684,0.0627063496225,0.358938775431,0.123084636262
0.00529758395253,0.0591794146993,0.845877386619,0.089645614729
0.0159068010917,0.76060770069,0.08787349702,0.135612001199
0.166647142124,0.0553426246245,0.0646081149342,0.713402118317
0.0195939198448,0.972311542188,0.00600034040132,0.00209419756624
0.121533165467,0.00669835437591,0.350454770196,0.521313709962
0.0127747147548,0.00239167425129,0.000361051469528,0.984472559524
0.523708944019,0.0291524137318,0.0238678943554,0.423270747894
0.738262630078,0.236546143559,0.00260633265982,0.0225848937031
0.225179117779,0.195715603373,0.207695525341,0.371409753506
0.0828751469085,0.284766603812,0.598454026896,0.0339042223835
0.0475908366467,0.323112730596,0.613757363592,0.0155390691655
0.0348478594141,0.41212932308,0.367414989748,0.185607827758
0.199520961443,0.0897894112782,0.533595580516,0.177094046763
0.000885446482036,0.140198827912,0.00247451235165,0.856441213254
0.31476755098,0.221276071605,0.303863110528,0.160093266886
0.032322061302,0.472888499161,0.254346027487,0.24044341205
0.362999719049,0.0642992602664,0.296656227192,0.276044793493
0.052240944316,0.557373193976,0.3877656761,0.00262018560767
0.57977002975,0.0997174313945,0.0216288261284,0.298883712727
0.0359144572926,0.452975704354,0.505507693854,0.00560214449887
0.178970841281,0.421651651822,0.0786637300004,0.320713776897
0.355386715174,0.385269153993,0.112399687771,0.146944443062
0.729655536591,0.229368915609,0.016628262233,0.0243472855676
0.312594741024,0.583858771054,0.0674243291328,0.0361221587896
0.11763819996,0.236514184064,0.18576124069,0.460086375287
0.0382931876834,0.51379572878,0.334169986599,0.113741096938
0.0567026932817,0.772295493513,0.0713051846723,0.099696628533
0.00539027659866,0.887542929397,0.00867042915394,0.0983963648505
0.67303002206,0.25168950178,0.021267961804,0.0540125143559
0.262012055159,0.355419698951,0.135892720782,0.246675525108
0.90586097291,0.00869809222127,0.0133539577653,0.072086977103
0.00143953603067,0.0268781532657,0.0212794400459,0.950402870658
0.0205154357626,0.298699055832,0.0946399691331,0.586145539272
0.564262507482,0.00502860026891,0.055754711598,0.374954180651
0.338825140296,0.0659844661407,0.470302967083,0.12488742648
0.153264538798,0.18716322848,0.027317897042,0.632254335679
0.169200557524,0.0546433962996,0.00976545273063,0.766390593445
0.136879700442,0.810286748792,0.0114022446008,0.0414313061651
0.0219475344483,0.578774771412,0.00255077267969,0.39672692146
0.167969060294,0.451152720634,0.0101296965852,0.370748522487
0.857980396464,0.111439984232,0.0260210128419,0.00455860646155
0.0184389772527,0.0645119960067,0.892567478722,0.0244815480184
0.0708798272288,0.0123867384562,0.142430735319,0.774302698996
0.221906614796,0.0968725922546,0.412485315996,0.268735476953
0.150903354014,0.280852764757,0.296288244388,0.27195563684
0.728721979297,0.0520703521855,0.217336589693,0.00187107882484
0.00589917639639,0.0242227690873,0.0560137348285,0.913864319688
0.868485142689,0.0443872407739,0.0743894783809,0.0127381381566
0.404746603795,0.0331763364874,0.423077947016,0.138999112701
0.319118068988,0.00535817602753,0.632965596547,0.0425581584371
0.00950058084905,0.77192410284,0.215499548998,0.00307576731321
0.264332579283,0.00898130613524,0.0522255341134,0.674460580469
0.000389989859159,0.79281455287,0.202498579461,0.00429687781023
0.21093512305,0.366864608645,0.101821152723,0.320379115582
0.118433258922,0.230874885228,0.607643644817,0.0430482110327
0.751474302257,0.111596342082,0.0488115418522,0.0881178138088
0.00107190014971,0.020498264824,0.231582490716,0.746847344311
0.187559740116,0.00160940586723,0.000740810380957,0.810090043635
0.0344364226415,0.19402411685,0.637850416128,0.133689044381
0.527957412211,0.304034375954,0.0300659008298,0.137942311005
0.178520060244,0.0211845552138,0.104335176175,0.695960208367
0.340396609429,0.43144141525,0.108791932997,0.119370042324
0.634817657608,0.124118242036,0.144948231565,0.0961158687913
0.310368161382,0.114377480066,0.143935912383,0.431318446168
0.0616521145932,0.680024079971,0.247430310573,0.0108934948622
0.064615905113,0.604727639084,0.297299486926,0.0333569688762
0.218428594765,0.438999875029,0.301787850298,0.040783679907
0.643572951546,0.0152351052784,0.310590556842,0.0306013863339
0.180915242881,0.620172791456,0.0648337612674,0.134078204396
0.000711170293153,0.0536027670179,0.0157639728359,0.929922089853
0.0810327299603,0.56520479958,0.0893891930641,0.264373277396
0.39309792865,0.135330257423,0.219154763171,0.252417050756
0.1606364841,0.0307527165822,0.528188932359,0.280421866959
0.108754111317,0.0022591990658,0.713053926713,0.175932762904
0.809452829468,0.178303383482,0.0102971927448,0.00194659430455
0.0155565790521,0.00201268513387,0.96309664956,0.0193340862541
0.0342408500927,0.0768429935145,0.880070435787,0.00884572060606
0.205111676129,0.177019440891,0.0750605831483,0.542808299832
0.65460652246,0.0985993296513,0.0405602761209,0.206233871768
0.00553989370312,0.000368840052374,0.000238970624968,0.99385229562
0.0180759443442,0.904442355314,0.00653170427861,0.0709499960637
0.196202450122,0.0437743225273,0.0653889447085,0.694634282643
0.292859775984,0.485917878959,0.166879081967,0.0543432630897
0.343233492196,0.0849381223623,0.19110996881,0.380718416632
0.317862927414,0.264155924726,0.352801157824,0.0651799900358
0.00881287580549,0.0286455146603,0.766402946558,0.196138662976
0.480998512563,0.0251368606256,0.397875821673,0.0959888051385
0.019487396007,0.019302918658,0.768096830362,0.193112854973
0.166352133198,0.108319850238,0.434279462168,0.291048554397
0.17121000688,0.646298317423,0.125084865819,0.057406809878
0.495337748001,0.0835466423454,0.40747985782,0.0136357518332
0.0739802462362,0.810559843567,0.0276482202259,0.0878116899705
0.00857689432759,0.925627606055,0.0142027251668,0.0515927744509
0.0923795670085,0.00712659980417,0.286151399881,0.614342433306
0.108902337262,0.0358305435992,0.832078750276,0.0231883688627
0.742385168778,0.154944651288,0.019488186747,0.0831819931876
0.489202035548,0.0958300386551,0.203954610389,0.211013315408
0.117901257566,0.149787901321,0.43314358847,0.299167252643
0.0707313032247,0.0311734575615,0.359758408141,0.538336831073
0.234339195177,0.167549350261,0.221222917114,0.376888537449
0.29232512803,0.069686550955,0.632097273874,0.00589104714121
0.0830236004178,0.196322360675,0.00280248641364,0.717851552494
0.381990713389,0.0131623035953,0.58359147668,0.0212555063358
0.0389240620833,0.447417181496,0.444568764673,0.0690899917478
0.00899343119373,0.0112069094386,0.633568804876,0.346230854492
0.491505333825,0.449105648508,0.0160504064484,0.0433386112191
0.591308457133,0.248240931925,0.060547137194,0.0999034737488
0.38010045452,0.508847474978,0.0393883048718,0.0716637656301
0.00119067653625,0.414971742065,0.277575598858,0.306261982541
0.40359365953,0.0951783456969,0.0472275212835,0.454000473489
0.803032678598,0.109568473689,0.056268772246,0.0311300754677
0.0818578462078,0.601915146419,0.259686666182,0.0565403411916
0.267436009717,0.341437844419,0.29281069437,0.0983154514939
0.935789195791,0.0575196470939,0.0021100746588,0.00458108245612
0.302105533543,0.00574583292691,0.269000883621,0.423147749909
0.882479652165,0.00963699409676,0.100213803652,0.00766955008681
0.527658394957,0.228435606987,0.0459965169027,0.197909481153
0.0925787365557,0.513943652586,0.0954944896257,0.297983121232
0.209523862284,0.549548721678,0.0179853851089,0.22294203093
0.397291342088,0.276850844359,0.053230026688,0.272627786865
0.00683208485039,0.19323320135,0.776494600305,0.0234401134953
0.000168288920473,0.00553894962329,0.0998613612293,0.894431400227
0.00854211538211,0.101204514925,0.312663220979,0.577590148714
0.0350304216692,0.0420757537389,0.876239921347,0.0466539032452
0.275133547673,0.18134711645,0.0587911489348,0.484728186942
0.257100766855,0.163184541439,0.496200033311,0.0835146583951