0.123177005727,0.183675790965,0.405560857363,0.287586345945
0.351085369939,0.0954467371713,0.395901726984,0.157566165905
0.229283844084,0.212953557527,0.089707116917,0.468055481472
0.33645094077,0.196041512288,0.135702951683,0.331804595259
0.263561600243,0.200695529051,0.00546653450477,0.530276336201
0.304069055571,0.324063414577,0.179828208794,0.192039321058
0.337948066501,0.224289617,0.112150957247,0.325611359253
0.0272784890828,0.329404272713,0.257698492644,0.38561874556
0.202807729513,0.47129130737,0.00147892615846,0.324422036958
0.256037265505,0.274668635166,0.278803260083,0.190490839246
0.373512788831,0.221304676267,0.0575008777259,0.347681657176
0.528978132474,0.168380972774,0.213630039322,0.0890108554294
0.380490984388,0.284978205859,0.0696124031553,0.264918406599
0.551433955781,0.0996745766469,0.308572632596,0.0403188349766
0.257660903501,0.0357209540332,0.308850246967,0.397767895499
0.183029137955,0.265012623844,0.277397719125,0.274560519077
0.430071555896,0.0204711226805,0.239858952731,0.309598368693
0.0661455079854,0.464149866315,0.385450012575,0.0842546131245
0.126248629062,0.282179384122,0.282979767783,0.308592219034
0.155399156834,0.206150848861,0.400666761737,0.237783232568
0.129347760171,0.136672523922,0.282008942724,0.451970773183
0.330141024532,0.390537886354,0.241017353271,0.0383037358432
0.26785355364,0.254739888898,0.0925707601871,0.384835797275
0.05578047342,0.309214396836,0.368531173453,0.266473956291
0.209166077081,0.242817027277,0.435776633361,0.11224026228
0.506114856902,0.0640582651306,0.191032264121,0.238794613846
0.211582628696,0.328276696747,0.168344827312,0.291795847245
0.373783856227,0.379850204333,0.115816835202,0.130549104238
0.397740403222,0.261371182673,0.27953787149,0.0613505426158
0.552317571939,0.160375141712,0.281962449492,0.00534483685771
0.175712381774,0.494324233771,0.26517255624,0.0647908282154
0.0535771837699,0.266329266959,0.507958508498,0.172135040773
0.248402059343,0.511905890241,0.0709498870447,0.168742163371
0.333520503163,0.2932459997,0.129192000225,0.244041496911
0.279485004798,0.318027856071,0.397644111266,0.00484302786502
0.44546672605,0.174354504875,0.240802892287,0.139375876789
0.252647104258,0.519320934485,0.0376528197985,0.190379141459
0.292547012709,0.316759763501,0.113755632009,0.276937591781
0.2313410342,0.0327807617096,0.39294833838,0.342929865711
0.380978896798,0.25919582238,0.298026867831,0.0617984129905
0.334510564813,0.184255513907,0.110301168828,0.370932752452
0.49369298415,0.203594776776,0.248807532696,0.0539047063779
0.272535600507,0.207637547568,0.164290654228,0.355536197696
0.12616664163,0.352766565849,0.0983657397533,0.422701052767
0.265468725217,0.585191349366,0.149116262258,0.000223663159408
0.0289708883872,0.434788747819,0.282449507274,0.25379085652
0.447089025165,0.108435427799,0.380693198185,0.0637823488511
0.318528155938,0.0582008397359,0.24649680784,0.376774196487
0.226285808411,0.298870010341,0.118537138872,0.356307042376
0.278126137901,0.210880937947,0.17151399756,0.339478926593
0.35178179795,0.267568083466,0.122901105295,0.257749013289
0.0849138281767,0.0677309045275,0.394037629375,0.453317637921
0.285569520995,0.226776323922,0.201775656611,0.285878498471
0.0798674583384,0.0139671346286,0.451774310574,0.454391096459
0.309345512847,0.123873608725,0.0648952128748,0.501885665554
0.126506075446,0.244500816131,0.373712544006,0.255280564417
0.200703264644,0.109981305316,0.16494000994,0.524375420099
0.0308492691111,0.206104245374,0.0227424715582,0.740304013956
0.143263667015,0.277196315084,0.335484741688,0.244055276213
0.0198310133291,0.341147921891,0.0626193161255,0.576401748654
0.425387921449,0.252522645824,0.155019757216,0.167069675511
0.360494845209,0.0423915930908,0.350786707028,0.246326854672
0.241131386718,0.246433462631,0.0525794148497,0.459855735801
0.166005367617,0.17112096779,0.57247425739,0.0903994072034
0.0665451078364,0.216142182243,0.432045279345,0.285267430576
0.414443933041,0.134658598771,0.0689252322327,0.381972235955
0.298596634523,0.0228180533265,0.364233664448,0.314351647702
0.45319740085,0.350747184586,0.0207750627539,0.175280351809
0.375864980534,0.269143871013,0.213127170426,0.141863978028
0.2831260684,0.372505879649,0.157479664164,0.186888387787
0.0129737209324,0.373464602321,0.33433061231,0.279231064436
0.0752491206944,0.365612147231,0.224578792589,0.334559939486
0.269702443366,0.0889257194414,0.304306210798,0.337065626395
0.354947371493,0.49530979021,0.01817236111,0.131570477187
0.257882565558,0.254642359837,0.196255497389,0.291219577216
0.209799514094,0.19866816426,0.399717435008,0.191814886638
0.497009407929,0.0434507136,0.430273592227,0.0292662862438
0.293444777139,0.0318066097425,0.492109509856,0.182639103263
0.360426224709,0.194146942283,0.0300293566532,0.415397476355
0.179352174529,0.117554491426,0.322161447767,0.380931886278
0.275949498482,0.282633677138,0.172366421386,0.269050402994
0.0812268816671,0.0422712054477,0.406659231979,0.469842680906
0.254268805113,0.320401784463,0.217399626182,0.207929784242
0.258601663588,0.297742238788,0.161733684796,0.281922412828
0.0583317012001,0.33079004237,0.436421217488,0.174457038942
0.403795889339,0.344093846104,0.0480804257038,0.204029838853
0.0905112169368,0.371076230513,0.22542553481,0.31298701774
0.0723317202992,0.367953406816,0.358178649508,0.201536223377
0.122180276588,0.280908744088,0.501278574302,0.0956324050224
0.308636819017,0.113664678518,0.190133315541,0.387565186924
0.137905817435,0.260085590186,0.277030360088,0.324978232292
0.147776736018,0.453339654769,0.000342451718884,0.398541157495
0.361945094139,0.19070676746,0.223213427651,0.22413471075
0.345018847061,0.262126817764,0.25596030812,0.136894027054
0.0499503900782,0.155206509261,0.780197125025,0.0146459756357
0.30977482622,0.200335947798,0.25739944422,0.232489781762
0.374723543215,0.160012061355,0.291345367244,0.173919028186
0.245764061441,0.232494258328,0.251145350424,0.270596329807
0.113806901452,0.634895411335,0.218571418418,0.0327262687956
0.365092146388,0.353592714557,0.201845556549,0.0794695825051
0.297410216246,0.316127500925,0.196610771686,0.189851511143
0.0485372867354,0.428626380969,0.175427864001,0.347408468294
0.176517384895,0.247155823335,0.273527052473,0.302799739297
0.353330511329,0.176247331298,0.395242723656,0.075179433717
0.0798385945954,0.466111138669,0.409376429898,0.0446738368376
0.118840761204,0.160735402692,0.330951785373,0.389472050731
0.380755784059,0.13343876322,0.265794424496,0.220011028226
0.238721832608,0.492477999679,0.00242040776063,0.266379759952
0.446596384516,0.0705673268623,0.303297812298,0.179538476324
0.331430723508,0.278837527197,0.341977120265,0.0477546290299
0.161310272703,0.359591281363,0.266599833983,0.212498611952
0.2698773611,0.209865558424,0.185158876668,0.335098203808
0.34647899957,0.065901189804,0.485331110728,0.102288699898
0.326153340886,0.196632448249,0.258146144999,0.219068065866
0.363696480092,0.197635881019,0.285340582582,0.153327056307
0.529841290053,0.238320790646,0.153174268293,0.0786636510087
0.509448750179,0.025989307554,0.28052449357,0.184037448697
0.480059665847,0.226912025712,0.234753301898,0.0582750065423
0.156212593664,0.268433208248,0.437941396322,0.137412801766
0.0143513015426,0.130634194171,0.303740650471,0.551273853815
0.204229160324,0.301406226324,0.323445542582,0.17091907077
0.0400636294741,0.310709243392,0.215444530999,0.433782596135
0.302712371986,0.273641791365,0.131015208007,0.292630628642
0.132145196161,0.330456950949,0.383923284333,0.153474568558
0.21549787422,0.140062423754,0.164950662299,0.479489039727
0.498565066211,0.0706915188442,0.34816216935,0.082581245594
0.391787590902,0.241461931397,0.358544495997,0.00820598170399
0.221377974336,0.0423695045545,0.443640475973,0.292612045136
0.314519000754,0.0821599984316,0.109910969922,0.493410030893
0.165927031447,0.13686028787,0.434060244131,0.263152436552
0.288235393502,0.415095608813,0.168140565365,0.128528432319
0.303165369553,0.205773857901,0.257273764835,0.233787007711
0.0426425401499,0.361240814292,0.351822354781,0.244294290777
0.152711698391,0.214211438351,0.20521230809,0.427864555168
0.570219359295,0.0404543965589,0.0641790969213,0.325147147225
0.458289056093,0.119222336005,0.107864218126,0.314624389776
0.346262420616,0.00673967506401,0.322437847266,0.324560057054
0.367030049643,0.085533377978,0.22521877537,0.322217797009
0.0444520957151,0.485032752728,0.465560650519,0.00495450103762
0.248749381315,0.274351619059,0.00756363093902,0.469335368687
0.42576106435,0.318046582041,0.0331086881569,0.223083665452
0.568041826631,0.0942441483848,0.0366620697237,0.30105195526
0.389282366001,0.451904874236,0.153516190833,0.00529656892994
0.100051649449,0.020274450564,0.72049355802,0.159180341967
0.00308384515925,0.359320225635,0.242619799718,0.394976129488
0.116001645728,0.47962509732,0.229587795099,0.174785461852
0.124394458624,0.651048781048,0.0534153206602,0.171141439668
0.200105518364,0.341034741871,0.173225302405,0.28563443736
0.275079395356,0.0184227745327,0.46943544609,0.237062384022
0.350472270979,0.286455596206,0.326505816223,0.0365663165915
0.239794676601,0.222082323317,0.297901234539,0.240221765543
0.431827968173,0.229074532084,0.295589142278,0.043508357464
0.0621835938567,0.206974787586,0.354501524776,0.376340093781
0.0724972933343,0.301892570356,0.0118178866746,0.613792249635
0.306391239569,0.235554944093,0.109060519049,0.348993297289
0.210257051657,0.284385053502,0.171616087669,0.333741807172
0.414887764069,0.0486564893089,0.25053304452,0.285922702102
0.357487516856,0.253705315638,0.105464541115,0.283342626391
0.207411522106,0.0239980956535,0.490276854485,0.278313527755
0.419303924094,0.346277809934,0.0545138091034,0.179904456868
0.337001032639,0.256725915546,0.0646320935795,0.341640958236
0.0738514474782,0.285219121458,0.375743976447,0.265185454617
0.455436906923,0.327236625512,0.129538427083,0.0877880404816
0.300425106254,0.143950402984,0.504655211446,0.050969279315
0.124028293896,0.0307544550742,0.150426268595,0.694790982434
0.418918518023,0.438581812234,0.00577680545517,0.136722864289
0.430621690563,0.271767305629,0.229070069231,0.0685409345772
0.493306895811,0.108321856255,0.317912337625,0.0804589103083
0.0255679047722,0.379173058969,0.404726405842,0.190532630416
0.142517869435,0.335758438941,0.249759095956,0.271964595668
0.441077050974,0.415544434569,0.0669602594759,0.0764182549808
0.207085201171,0.317590344473,0.289384066113,0.185940388244
0.0739337478087,0.426375631051,0.213292024664,0.286398596477
0.125570683148,0.421255983949,0.157741477299,0.295431855604
0.230456325501,0.303225546277,0.282807380678,0.183510747544
0.208951293664,0.149108952455,0.354462007076,0.287477746805
0.329443091398,0.137702252329,0.532325470339,0.000529185933213
0.431088677176,0.306142698624,0.131606951932,0.131161672267
0.0726310847682,0.429255100125,0.265563681874,0.232550133233
0.0556307735483,0.0539568358757,0.448285955683,0.442126434893
0.253961420792,0.247351459579,0.128788830492,0.369898289137
0.346000649973,0.123946989325,0.513449567651,0.016602793051
0.295652559235,0.340518855825,0.156791263231,0.207037321709
0.410827068795,0.305338109574,0.134286514445,0.149548307186
0.408071472613,0.0783571082933,0.280489129258,0.233082289835
0.547443775453,0.403995473278,0.0109794775023,0.0375812737663
0.00889874982488,0.20619994644,0.141179102141,0.643722201594
0.512032271294,0.090546826401,0.0979567322811,0.299464170024
0.17544217517,0.241216173938,0.264905218207,0.318436432686
0.178388891659,0.136335020835,0.506247455656,0.17902863185
0.38864502103,0.184929938159,0.309699668949,0.116725371862
0.165096372789,0.0454564678002,0.355342245646,0.434104913765
0.517235049227,0.00420448764617,0.364898140267,0.11366232286
0.123401406381,0.336473284496,0.331658327946,0.208466981178
0.379063501993,0.251942435329,0.152938940685,0.216055121993
0.0920121770249,0.399719328227,0.09158037624,0.416688118508
0.34030914602,0.185146328887,0.141465003389,0.333079521704
0.30111730774,0.130886340298,0.0595594531695,0.508436898792
0.0625411891158,0.803048359055,0.0245433148083,0.109867137021
0.0455826247062,0.390067515316,0.146795547157,0.417554312821