0.31721971228,0.346094120103,0.320012166963,0.0166740006534
0.127003552255,0.375032024458,0.273213063462,0.224751359825
0.394179528315,0.182144043518,0.249517761283,0.174158666884
0.289276190997,0.123111608155,0.335703064449,0.251909136399
0.284792500853,0.0232894643152,0.462070627499,0.229847407333
0.676800177327,0.0506955379931,0.0580837284674,0.214420556213
0.0825635417026,0.351083475275,0.535451779607,0.0309012034151
0.0847311532266,0.212129942082,0.359453892193,0.343685012499
0.336980603668,0.180454211103,0.301955365178,0.180609820051
0.353022657192,0.382449324769,0.174226088337,0.0903019297014
0.258892127764,0.303131743667,0.143936666707,0.294039461863
0.239144130099,0.496147036326,0.070283797316,0.194425036259
0.186273833043,0.213472937189,0.254296962307,0.345956267462
0.088362429315,0.434412088324,0.365088836344,0.112136646017
0.136961992291,0.30724385594,0.333447024022,0.222347127746
0.171910279921,0.400277505708,0.227816236302,0.199995978069
0.00880165208518,0.535112598036,0.0211552138858,0.434930535993
0.383952461508,0.291137713037,0.252226488365,0.07268333709
0.0773098228755,0.160579759862,0.530338929668,0.231771487595
0.0450778313968,0.36541752161,0.161801413013,0.42770323398
0.0392112244641,0.38036447287,0.278486036735,0.301938265931
0.519716812024,0.413522318047,0.00465896232529,0.0621019076037
0.332441805786,0.258234331945,0.0684822938574,0.340841568412
0.194169577884,0.177440747232,0.306494079094,0.321895595791
0.206277979822,0.214425210188,0.3677939586,0.21150285139
0.0668865516097,0.193555672698,0.408778175236,0.330779600457
0.421648913427,0.376726331699,0.0216224732249,0.180002281649
0.326866625285,0.00915093567883,0.189046914951,0.474935524085
0.373162710703,0.0362100916084,0.169625463715,0.421001733973
0.142906197864,0.290669287307,0.298128473601,0.268296041229
0.286684499967,0.0839237264317,0.321059076999,0.308332696602
0.0135520152172,0.512116252313,0.0460588311546,0.428272901315
0.0960726855632,0.363019440225,0.314012828704,0.226895045508
0.211028793126,0.317961897981,0.349273763649,0.121735545244
0.116279720844,0.424979989747,0.0699737650864,0.388766524323
0.366308812308,0.270768658031,0.330928964765,0.0319935648967
0.0900940260384,0.475180519216,0.411887614113,0.022837840633
0.245261824596,0.149962980386,0.206176483311,0.398598711707
0.113655947105,0.19701511429,0.291251681114,0.398077257492
0.425517107796,0.313419536019,0.155556692784,0.105506663401
0.202790926572,0.363775081783,0.18546505142,0.247968940225
0.194711946078,0.435336258068,0.0247654578496,0.345186338004
0.207397910489,0.20644554509,0.240198106312,0.34595843811
0.184514296366,0.137111856181,0.641473970366,0.0368998770872
0.100006480072,0.145771066454,0.265985216233,0.488237237241
0.219171869505,0.278214317309,0.250321886601,0.252291926585
0.422076958718,0.0475535442121,0.139769941194,0.390599555876
0.361776174301,0.270946827698,0.00931999021918,0.357957007782
0.458317550349,0.156555306803,0.315095535642,0.0700316072058
0.0966603685744,0.264186322903,0.203841078824,0.435312229698
0.201748338114,0.636123473662,0.00328187311893,0.158846315105
0.243947186384,0.109785328837,0.387377840465,0.258889644314
0.0394214181854,0.493325457531,0.0561695997673,0.411083524517
0.222443363795,0.125006797287,0.153385075406,0.499164763512
0.205079521865,0.334893512075,0.189099888117,0.270927077943
0.224320153151,0.0655194319481,0.355622073101,0.354538341801
0.212874259474,0.289214095226,0.255994173177,0.241917472122
0.159959715547,0.402845935239,0.412263792531,0.0249305566836
0.0850330519381,0.541354241342,0.296893089469,0.0767196172509
0.0721445094072,0.678010214793,0.110998990641,0.138846285158
0.263634004594,0.175878188999,0.267310214009,0.293177592397
0.331471056774,0.326783913791,0.19837018428,0.143374845156
0.0964792788396,0.45583532991,0.399361944334,0.0483234469164
0.412819489703,0.164851998847,0.0695354030127,0.352793108437
0.140887904254,0.403520469224,0.445892374875,0.0096992516463
0.252459402444,0.406339254727,0.286587439295,0.0546139035344
0.422977242668,0.241179086522,0.0677732171976,0.268070453612
0.259800628477,0.291670275312,0.162546821697,0.285982274513
0.00934774981075,0.255630657298,0.340101794245,0.394919798647
0.693155162586,0.0204817247043,0.279870741034,0.00649237167552
0.245362168317,0.152943834668,0.120074938951,0.481619058065
0.330702021748,0.0935065837729,0.432889951719,0.14290144276
0.133819668591,0.381298935047,0.287980679564,0.196900716798
0.357269874306,0.156358586931,0.13632138785,0.350050150913
0.474503749073,0.0443295408859,0.111800137029,0.369366573012
0.0834288028607,0.350120507709,0.224557715167,0.341892974264
0.0853489849968,0.212069204937,0.446115155498,0.256466654568
0.275062067663,0.216780528233,0.353237252682,0.154920151422
0.196181893788,0.179315809129,0.119248426784,0.5052538703
0.303892675377,0.403181009714,0.0180043973008,0.274921917608
0.319438512586,0.253420902028,0.300639107834,0.126501477552
0.377503127635,0.0989218244019,0.388158881979,0.135416165984
0.243159071671,0.253990109077,0.246556971574,0.256293847679
0.28147545231,0.0301873938454,0.394054262936,0.294282890909
0.116309451291,0.252635476361,0.213841934916,0.417213137432
0.0851860216341,0.601615516576,0.307279988172,0.00591847361721
0.220847099514,0.692970045953,0.0842134590685,0.00196939546439
0.30644953621,0.301787730878,0.0396265528616,0.35213618005
0.198823063336,0.300638574358,0.236653179003,0.263885183304
0.389340137454,0.141975432389,0.225640255722,0.243044174434
0.40461635184,0.0349982696717,0.338546274048,0.221839104441
0.50932211292,0.0497856412601,0.373940387078,0.0669518587422
0.239342407766,0.121227597208,0.236690591577,0.402739403449
0.40661562291,0.122464802557,0.32670927414,0.144210300393
0.212919856838,0.29285512612,0.16786892316,0.326356093882
0.0942345819212,0.408674142226,0.0429648579509,0.454126417902
0.140215731441,0.314890912865,0.15609711521,0.388796240484
0.405721867705,0.199551394544,0.250184790566,0.144541947185
0.320774674692,0.124295103083,0.515877314439,0.0390529077856
0.366233460711,0.197799543747,0.267785751798,0.168181243745
0.323433011242,0.222592924129,0.0654366101284,0.388537454501
0.0508754544411,0.416271212167,0.487869601255,0.0449837321365
0.0879620846542,0.364268584276,0.461571006957,0.0861983241128
0.507654699297,0.135220797208,0.194218806766,0.162905696729
0.251525076741,0.48949427039,0.111219674524,0.147760978344
0.372329100581,0.304790566384,0.0553418805729,0.267538452462
0.17869568468,0.386630225224,0.363922033061,0.0707520570351
0.41488130451,0.206405045686,0.322678051057,0.0560355987465
0.228013412498,0.238338323478,0.293853139305,0.239795124718
0.238318135576,0.0166716229939,0.642952621621,0.10205761981
0.248925508752,0.216125674129,0.428245935317,0.106702881802
0.163948895173,0.25931790926,0.256351877115,0.320381318452
0.317448136684,0.327097543091,0.207585549449,0.147868770776
0.0163444993146,0.0789596875028,0.396497583148,0.508198230035
0.232764669455,0.151746807966,0.233593163227,0.381895359352
0.288863348448,0.261073902523,0.2210944055,0.228968343528
0.197755689572,0.320961093713,0.339088991011,0.142194225705
0.0462408183085,0.384206510888,0.464150264721,0.105402406083
0.273714588724,0.188978638841,0.273684518759,0.263622253676
0.244037989949,0.298498046847,0.302798564819,0.154665398386
0.391826507948,0.037889259084,0.292395389999,0.277888842969
0.153391406177,0.276349452141,0.273451264475,0.296807877207
0.0537192092272,0.404159467617,0.203745380921,0.338375942235
0.288359349207,0.086509418174,0.196047872646,0.429083359973
0.27812705223,0.224942565012,0.246400204576,0.250530178182
0.43487361577,0.324404908652,0.189423359752,0.0512981158259
0.292816034385,0.312625668018,0.390183575801,0.00437472179647
0.509153138419,0.0873938525822,0.217041089177,0.186411919822
0.361128280905,0.37631092705,0.127438602156,0.135122189889
0.0655640091066,0.321784049781,0.278835008798,0.333816932314
0.165055653186,0.308388497645,0.309727548274,0.216828300895
0.0682484621374,0.480836292877,0.0495024283216,0.401412816664
0.0109941847762,0.370816098638,0.129297704976,0.48889201161
0.219939136432,0.249807126927,0.259008794728,0.271244941913
0.261229634421,0.138995133846,0.27975268865,0.320022543084
0.50542039555,0.127719161755,0.0845273098376,0.282333132857
0.179723025588,0.0642411672794,0.420792995914,0.335242811218
0.532623737893,0.11117459488,0.295097577017,0.0611040902098
0.0391726990122,0.325083045517,0.381683927368,0.254060328103
0.273878984605,0.187082134997,0.170661196984,0.368377683413
0.331870914936,0.277407840422,0.152303958995,0.238417285647
0.493247676524,0.102717173718,0.157090757166,0.246944392593
0.22367432546,0.331676463381,0.212989090616,0.231660120543
0.526735395564,0.348482876338,0.0419035741139,0.0828781539837
0.360989436038,0.196583791906,0.16466954798,0.277757224077
0.387069605211,0.167328333221,0.00652414710164,0.439077914466
0.407190599966,0.116795412889,0.244683274092,0.231330713053
0.431915171077,0.0664624354089,0.273363497642,0.228258895872
0.0861206502379,0.110735348737,0.448708910531,0.354435090494
0.302637162716,0.171364999041,0.326878741818,0.199119096424
0.0197873608457,0.128574126415,0.402803639435,0.448834873305
0.347314486965,0.142140196831,0.180982554899,0.329562761305
0.285515009589,0.394837295135,0.310323971819,0.00932372345688
0.00119310890751,0.317073585406,0.342099387115,0.339633918572
0.179902910454,0.280682069871,0.455023470864,0.0843915488106
0.293519556331,0.00803810925591,0.356372802662,0.342069531751
0.397955100925,0.26117461072,0.177861023408,0.163009264946
0.215522946584,0.0563784169226,0.431810167679,0.296288468815
0.203171934327,0.108875004712,0.473672875172,0.214280185789
0.228077860269,0.0334295214027,0.260161803534,0.478330814795
0.211807702978,0.352102859848,0.312244287907,0.123845149268
0.014047751479,0.611554876341,0.234131706196,0.140265665984
0.479233486801,0.324284548988,0.188120789171,0.00836117503993
0.479672721125,0.213952845011,0.00260796449715,0.303766469367
0.0830877494904,0.425658650012,0.458919634323,0.0323339661744
0.0703192708153,0.240042383167,0.63222077993,0.0574175660869
0.284139693516,0.239730772421,0.312583210867,0.163546323196
0.344859332387,0.274994324243,0.289665476116,0.0904808672547
0.400363559509,0.324115745712,0.123832549203,0.151688145577
0.299122849115,0.107256866031,0.24971927047,0.343901014384
0.364786545207,0.253386615049,0.252504549336,0.129322290409
0.309712162967,0.0982142071562,0.0726769772027,0.519396652674
0.647425218512,0.00429994923492,0.184883796755,0.163391035498
0.303812289995,0.418714155414,0.165471128148,0.112002426443
0.0708422178086,0.351330957125,0.0973941818382,0.480432643228
0.221925171189,0.0044530358522,0.391418943542,0.382202849417
0.16806573641,0.534752855333,0.0019636092437,0.295217799013
0.113265492602,0.316999713076,0.371674218778,0.198060575544
0.375755076805,0.0717108971242,0.245110168549,0.307423857521
0.624363643236,0.0666980695154,0.0047506239734,0.304187663276
0.220009752441,0.166661458836,0.47052323616,0.142805552563
0.174578578683,0.48244743765,0.0427464414584,0.300227542208
0.0718740114801,0.290891091704,0.254801123584,0.382433773232
0.283645236751,0.253333507653,0.225485767837,0.237535487759
0.201683142438,0.243758967355,0.253874942722,0.300682947485
0.247142225248,0.316283302265,0.19431130799,0.242263164497
0.357320958679,0.276320100292,0.0646130595301,0.301745881499
0.108325437742,0.624265079291,0.179587900325,0.0878215826424
0.0424407137475,0.0439831172087,0.302512960267,0.611063208777
0.495054619607,0.318066163507,0.0297176071738,0.157161609712
0.0833643966678,0.423576691668,0.0480256655243,0.44503324614
0.343382134881,0.0910807270747,0.225004582123,0.340532555922
0.431534340291,0.126989688652,0.234279545127,0.20719642593
0.0971972872105,0.00536942924589,0.440263711592,0.457169571952
0.219852884849,0.179391531469,0.42978088246,0.170974701222
0.214514036079,0.103405925232,0.371804968305,0.310275070384
0.237687383593,0.397455117653,0.0702060006813,0.294651498072
0.073543326902,0.509145803177,0.308450043586,0.108860826335
0.233724240393,0.480260187116,0.267045964541,0.01896960795
0.0858721708754,0.242393385115,0.355173909033,0.316560534977