0.227602965467,0.145405493525,0.359340430185,0.267651110822
0.437755230231,0.30831188084,0.253493562741,0.000439326187854
0.29317690724,0.146739221473,0.240584915833,0.319498955453
0.13249148105,0.0517808275353,0.389297000475,0.42643069094
0.0569813337808,0.393299019475,0.179548161292,0.370171485453
0.0768753206021,0.118359489938,0.355200823005,0.449564366454
0.563582647306,0.114304435409,0.280143736631,0.0419691806539
0.205054061292,0.341344947544,0.260427132805,0.193173858359
0.308341563427,0.271440393327,0.300807433889,0.119410609357
0.356815230305,0.0203649753675,0.194499092707,0.428320701621
0.469311395425,0.270268165517,0.0470752361561,0.213345202902
0.515708896218,0.349089796519,0.00221002435962,0.132991282903
0.197060909099,0.135925627828,0.33536311202,0.331650351053
0.287385563516,0.000410436690674,0.386532782733,0.32567121706
0.452217041408,0.135757962246,0.350523912016,0.0615010843305
0.119725473192,0.201552601884,0.337427277174,0.34129464775
0.0146950096489,0.320559170441,0.206965543661,0.45778027625
0.418180793943,0.269744819916,0.284281852998,0.0277925331439
0.340003156214,0.21486905681,0.284664495653,0.160463291323
0.166567458973,0.182876460921,0.352869636434,0.297686443672
0.308287873299,0.277897104063,0.118599996544,0.295215026094
0.432664005057,4.50562930447e-05,0.221203161688,0.346087776961
0.363604954379,0.410413053443,0.110963195345,0.115018796833
0.33122521738,0.205091812517,0.184598483132,0.279084486972
0.018849932612,0.734299763981,0.141445021868,0.105405281539
0.0717397929287,0.171716509886,0.461720898926,0.294822798259
0.222244365723,0.414593735044,0.278515142301,0.0846467569326
0.168405186223,0.264540538048,0.0475170383859,0.519537237344
0.208615327328,0.110554154305,0.221298181817,0.45953233655
0.217408839066,0.326836626677,0.345254172496,0.110500361761
0.0993188802243,0.403149385352,0.386127322394,0.111404412029
0.460192500613,0.00399748655378,0.184296966536,0.351513046297
0.238404543563,0.257948121499,0.332503089628,0.171144245309
0.295692932226,0.324615016189,0.160231792034,0.21946025955
0.310416029567,0.29191177138,0.131809115569,0.265863083484
0.461158521336,0.299546175844,0.133424604334,0.105870698486
0.439349391709,0.0930204211452,0.311950319877,0.155679867268
0.168634469278,0.397743068499,0.231790251192,0.201832211031
0.368403426666,0.0919128047399,0.237739029781,0.301944738813
0.368367085034,0.478042199285,0.11374229315,0.0398484225304
0.475384643855,0.189044719463,0.122182885196,0.213387751485
0.217670179126,0.370619635892,0.0230864672491,0.388623717733
0.156689028694,0.116265492097,0.288926547544,0.438118931665
0.19374184613,0.205072634267,0.350094195624,0.251091323979
0.722328220737,0.117977783406,0.0372078107061,0.122486185151
0.0715151197852,0.542194421434,0.339599466624,0.0466909921569
0.205270988367,0.099841500684,0.300329447942,0.394558063007
0.132595919442,0.0648849345762,0.391584609355,0.410934536627
0.070236289752,0.0114627553762,0.493525908448,0.424775046423
0.00946337271664,0.450701997875,0.248357589839,0.291477039569
0.317165839025,0.271629071176,0.103383895135,0.307821194663
0.0919767335999,0.491271689066,0.211542336175,0.205209241159
0.34464703297,0.190103461097,0.0304306340171,0.434818871915
0.0966766496597,0.272089337505,0.57492134697,0.0563126658651
0.0594077900734,0.373695421202,0.450346751317,0.116550037407
0.256661626559,0.399020778448,0.283451976754,0.0608656182384
0.21165281478,0.41102169376,0.294102507787,0.0832229836734
0.383596287866,0.447413763767,0.129728856773,0.0392610915945
0.350886776332,0.080786840854,0.248691163424,0.31963521939
0.330203708732,0.345022493756,0.285793012802,0.0389807847101
0.273945833505,0.217927028575,0.140776747023,0.367350390898
0.175452918015,0.271569481453,0.0913416040215,0.46163599651
0.247612465659,0.187934520571,0.204293599262,0.360159414508
0.0985365405762,0.212313076617,0.243038822646,0.446111560161
0.352826857215,0.122168110911,0.0979385983758,0.427066433499
0.270767831738,0.327030734294,0.321217371934,0.0809840620338
0.409484075928,0.258043924288,0.257133309116,0.0753386906675
0.319868234567,0.145702674628,0.339565535221,0.194863555584
0.126355666701,0.32737530439,0.308053898364,0.238215130545
0.0386575291659,0.539247133144,0.421365377393,0.000729960296862
0.276021547583,0.104849187134,0.0870365305238,0.532092734759
0.232608266611,0.395370791642,0.223260804139,0.148760137608
0.507152454282,0.0474588775668,0.39034665523,0.0550420129216
0.364891528933,0.302470447226,0.264058680971,0.0685793428693
0.201688507168,0.446055444512,0.337088759752,0.0151672885675
0.352457248731,0.0137896913974,0.307933357137,0.325819702734
0.265435609423,0.187948184247,0.408645319337,0.137970886993
0.277870490813,0.407875644282,0.104075062098,0.210178802807
0.0873175356456,0.189567298956,0.584819154911,0.138296010487
0.144312308268,0.318792946712,0.231287531609,0.305607213411
0.314440953494,0.214445028776,0.205095635575,0.266018382155
0.398004745997,0.29962250807,0.15898908672,0.143383659213
0.214076985233,0.297571730049,0.296015277783,0.192336006936
0.0930218196753,0.550961866076,0.320946181937,0.0350701323114
0.150444555585,0.180699130854,0.229229117667,0.439627195895
0.306516452295,0.262239787722,0.324252220501,0.106991539482
0.377928589045,0.0609462262903,0.312690151781,0.248435032884
0.350957504003,0.331621030476,0.0928194025858,0.224602062935
0.180084923005,0.0888082506761,0.530584456769,0.20052236955
0.364167734648,0.0665654050342,0.420920831188,0.148346029129
0.0377203045799,0.393254297078,0.192869087939,0.376156310403
0.225446562333,0.193332385323,0.293716903911,0.287504148434
0.241673634913,0.205760132361,0.252406018445,0.300160214281
0.229404692365,0.450301971555,0.226949182577,0.0933441535033
0.110336091681,0.34925860872,0.446244097784,0.0941612018154
0.0810795675281,0.3971815612,0.342931961522,0.17880690975
0.227923660442,0.267470164728,0.177528029644,0.327078145186
0.320987179478,0.253754671342,0.188600043901,0.236658105279
0.17767732732,0.0831356628749,0.44345087903,0.295736130775
0.0536797304381,0.446785666883,0.263749848927,0.235784753751
0.0925255179465,0.446364908401,0.321224156081,0.139885417571
0.641726662956,0.0385091919595,0.0425724136584,0.277191731426
0.0671486142374,0.218893204028,0.348953790014,0.36500439172
0.347265464911,0.190928396339,0.157837280004,0.303968858747
0.341130232619,0.183204421707,0.272817303663,0.202848042011
0.546776385275,0.269147764271,0.133271756598,0.0508040938554
0.00599926384428,0.482669168628,0.0175813513739,0.493750216154
0.203327343444,0.365329738216,0.333126276952,0.0982166413881
0.204105235541,0.661472028125,0.0468376687081,0.0875850676263
0.23592441678,0.403727587449,0.314199500775,0.0461484949959
0.578995223753,0.123384056641,0.040306635788,0.257314083818
0.347317394559,0.130875691268,0.226013530913,0.295793383259
0.325286077078,0.12465035667,0.130552891235,0.419510675016
0.0916576587275,0.147779688029,0.413366054191,0.347196599052
0.379052533436,0.0993502299754,0.147187492122,0.374409744466
0.0313079071137,0.314598271193,0.289092785171,0.365001036522
0.0485859863653,0.404083204442,0.193531715965,0.353799093228
0.237919122114,0.3315856397,0.206200984111,0.224294254075
0.280977640299,0.214577384835,0.355856567821,0.148588407044
0.289137798424,0.291953790543,0.260298273948,0.158610137086
0.473805342771,0.18796365137,0.145552501361,0.192678504499
0.168711877839,0.0534641243246,0.358567065569,0.419256932268
0.00785617752599,0.201125367154,0.355577625274,0.435440830047
0.134852152758,0.622053591321,0.114562659062,0.128531596859
0.195266446798,0.219897041803,0.30474152732,0.28009498408
0.411755055998,0.246492156744,0.102250871581,0.239501915677
0.0993463782601,0.209518504653,0.350165669035,0.340969448052
0.147849503148,0.287056062165,0.232173147569,0.332921287118
0.0938348977581,0.21974449228,0.452511583367,0.233909026595
0.158141663182,0.0435536461907,0.451937191654,0.346367498973
0.588735096663,0.288219535709,0.0575107541104,0.0655346135171
0.30234818335,0.30740085519,0.212599878911,0.177651082549
0.27166639274,0.13232983419,0.322893333463,0.273110439607
0.360317824472,0.257033425716,0.265978914337,0.116669835475
0.202731151618,0.0827547282677,0.476659172447,0.237854947667
0.161627763251,0.147895367013,0.323124984246,0.36735188549
0.0423461135096,0.353668922571,0.344126837659,0.259858126261
0.0804504124839,0.540324237147,0.134736742022,0.244488608347
0.208965349965,0.413611098164,0.0741470373024,0.303276514569
0.298038614885,0.179606166725,0.288965444858,0.233389773531
0.198096512256,0.298100580563,0.435045745729,0.0687571614516
0.262631860293,0.350882969374,0.177024964985,0.209460205348
0.304167691942,0.147766547901,0.316509751002,0.231556009155
0.131501249743,0.0090715709908,0.648801538638,0.210625640629
0.349902018591,0.226358048825,0.184463343885,0.239276588699
0.0416679500872,0.451289466485,0.340341237293,0.166701346135
0.395221423932,0.255247535381,0.263709083236,0.0858219574506
0.789319106127,0.0374338000664,0.125576134263,0.0476709595433
0.315931194561,0.0551414095242,0.0436235250989,0.585303870816
0.340171563485,0.233595937619,0.304713522499,0.121518976397
0.00587297389168,0.134470669897,0.23769866682,0.621957689392
0.260738801834,0.219422822762,0.306671679727,0.213166695677
0.239464312216,0.214700939784,0.23825681477,0.30757793323
0.297691117159,0.285819401486,0.129460039591,0.287029441765
0.177897896021,0.205446660149,0.497761400684,0.118894043146
0.317494722742,0.23408234792,0.0939811514367,0.354441777901
0.256512084138,0.422830718385,0.186497761335,0.134159436142
0.311617335728,0.323127582245,0.100785092757,0.26446998927
0.189199658434,0.222164692413,0.259896807614,0.328738841539
0.130739365464,0.4717084515,0.285116291502,0.112435891534
0.173030868611,0.25083154967,0.328127146514,0.248010435205
0.0346951970273,0.326408439322,0.381869000938,0.257027362713
0.0449999337715,0.330514556011,0.392630176998,0.231855333219
0.318317023392,0.199777670721,0.290640979104,0.191264326783
0.555615437001,0.351807630309,0.0213997878207,0.0711771448688
0.189754328083,0.359776779659,0.344734901958,0.1057339903
0.224186725313,0.0706376133521,0.143443634077,0.561732027257
0.299771545168,0.259193019023,0.192812223333,0.248223212476
0.0713892249143,0.135510264551,0.7640784326,0.0290220779343
0.344719937588,0.141842303112,0.145676541553,0.367761217746
0.143655827017,0.0885786595199,0.254015058473,0.513750454989
0.31484704798,0.236823047266,0.126027276853,0.322302627902
0.228522723299,0.0294858641014,0.371040668199,0.3709507444
0.151167476872,0.064094689277,0.47599015964,0.308747674211
0.250093603756,0.217412493212,0.388027258863,0.144466644169
0.508125073118,0.0958904086708,0.115713139727,0.280271378484
0.282732996924,0.363786240725,0.209860678734,0.143620083617
0.423814495783,0.151849648144,0.317155206408,0.107180649665
0.226453259624,0.210496431535,0.301523272138,0.261527036703
0.212041499154,0.179546731204,0.30077968736,0.307632082282
0.292781512845,0.221233319184,0.104350414643,0.381634753328
0.0122978326822,0.00473508918128,0.858094121587,0.124872956549
0.092939557967,0.608223501384,0.0345765586937,0.264260381955
0.0952927564649,0.105770281952,0.398850041169,0.400086920415
0.0293849017717,0.430255300962,0.488533552042,0.0518262452245
0.252524824721,0.078867000349,0.26737840613,0.4012297688
0.246295507356,0.35860976852,0.113784067338,0.281310656786
0.206643264634,0.236586068113,0.237998908887,0.318771758366
0.280090397161,0.141782494062,0.345992521409,0.232134587369
0.411905430326,0.398319783235,0.181029463033,0.00874532340621
0.108072852205,0.20121899597,0.301795089436,0.388913062388
0.294931171391,0.0881412343445,0.452210555408,0.164717038856
0.0969788977618,0.349269851789,0.212600504239,0.341150746211
0.00665238346124,0.0820016311722,0.508955148574,0.402390836792
0.372457700522,0.0772400852592,0.416853355139,0.13344885908
0.197651045801,0.0483490128214,0.375184047794,0.378815893584
0.335478037944,0.340635678385,0.276901503674,0.0469847799976
0.423332676382,0.0185925734944,0.258806804091,0.299267946033
0.297731237803,0.139004294552,0.448925231279,0.114339236365
0.232456079683,0.292357005353,0.409391804679,0.0657951102851