0.266365733141,0.222073038651,0.166321810966,0.345239417242
0.0382801233532,0.262968663501,0.304937719288,0.393813493858
0.111673290802,0.369174854846,0.0708323776087,0.448319476744
0.00592073437653,0.534155414635,0.175172508932,0.284751342056
0.403023083202,0.234445242848,0.119113738132,0.243417935817
0.285600400955,0.163170342797,0.209953754918,0.34127550133
0.365060179537,0.0796178616282,0.125876253687,0.429445705148
0.247670507046,0.356022774837,0.368199488943,0.0281072291728
0.149335010225,0.295525383614,0.319748428571,0.23539117759
0.434827593056,0.273436980584,0.0473035506621,0.244431875698
0.365988452518,0.442049245268,0.131136435718,0.0608258664962
0.115123376252,0.305985314296,0.294684365089,0.284206944363
0.21310973909,0.271650890543,0.245747241998,0.269492128369
0.245184543782,0.287871356255,0.282437765137,0.184506334826
0.234938151701,0.348932221706,0.327528508142,0.088601118451
0.253385105191,0.243516442135,0.381786859216,0.121311593458
0.0947319238214,0.287946601096,0.372234588415,0.245086886668
0.259823218737,0.378192732668,0.335488284092,0.0264957645033
0.108634131654,0.269131366749,0.548783303885,0.0734511977114
0.15532596972,0.0802500445119,0.174138154944,0.590285830824
0.158294691305,0.397853904238,0.0709335722397,0.372917832218
0.20752612191,0.164213350805,0.31191943581,0.316341091475
0.11583621178,0.321813287505,0.357346347611,0.205004153105
0.0549498144232,0.135866432929,0.348154674491,0.461029078157
0.197885730868,0.139035033245,0.382785698535,0.280293537351
0.00542250842008,0.358383859422,0.271856861575,0.364336770583
0.407748298868,0.0997567936281,0.300666286427,0.191828621077
0.196319801931,0.218375962338,0.233069242573,0.352234993157
0.0813745027272,0.311100089959,0.297111347028,0.310414060286
0.26377749281,0.0462500336387,0.00894267019552,0.681029803355
0.0687764513597,0.360949522225,0.323153786735,0.24712023968
0.295953317618,0.160164786095,0.0744274265086,0.469454469779
0.473236828177,0.360448372319,0.157082637437,0.00923216206701
0.37608794399,0.427666203231,0.0510373286521,0.145208524127
0.085926538902,0.767749285805,0.0355220771115,0.110802098181
0.298572523384,0.276796343278,0.188409736224,0.236221397114
0.200531517311,0.2606458247,0.00561016207979,0.533212495909
0.127994279658,0.231269000832,0.403575528097,0.237161191412
0.37578727574,0.366397255977,0.0591938445305,0.198621623752
0.395550208645,0.225197098674,0.313322052547,0.0659306401336
0.352089615632,0.12584692138,0.444887337854,0.0771761251345
0.318280622136,0.589314341325,0.0422604131248,0.0501446234144
0.326166899775,0.245514754544,0.383516246174,0.0448020995076
0.183541946922,0.0822544734727,0.211500759904,0.522702819702
0.220178988853,0.310096952471,0.198613555059,0.271110503618
0.370380856185,0.169469272684,0.400403752917,0.0597461182144
0.0133902304732,0.524235068993,0.0825428163183,0.379831884215
0.123793512518,0.246657285686,0.330908916552,0.298640285245
0.250939806193,0.0153707659675,0.207337876493,0.526351551347
0.468676720807,0.0871668243283,0.300474311921,0.143682142943
0.32902511007,0.159532709854,0.270578988779,0.240863191297
0.15217540902,0.0284253410978,0.41641843419,0.402980815692
0.0297476398885,0.429471557727,0.00441374143347,0.536367060951
0.233182665144,0.39693617142,0.00449244137669,0.365388722059
0.22441131101,0.0787121129354,0.351210264305,0.34566631175
0.286126559564,0.184199562971,0.293150491362,0.236523386103
0.27430033953,0.281677836871,0.0844244596243,0.359597363975
0.417021007224,0.0699032373594,0.423760536354,0.0893152190632
0.390143040079,0.0377601405504,0.267774523353,0.304322296017
0.141211117813,0.291616699136,0.30356207821,0.263610104841
0.0524711517166,0.205182332375,0.388243040642,0.354103475266
0.173079191186,0.0784985720981,0.0742762733452,0.674145963371
0.0634395706335,0.444893733781,0.248104367225,0.243562328361
0.316427882598,0.0929543361015,0.263207507933,0.327410273367
0.278323483418,0.301826049908,0.383061411264,0.0367890554096
0.144705119574,0.225051685358,0.505610259527,0.124632935541
0.183770563952,0.409444210632,0.124967411373,0.281817814043
0.0348133449071,0.605739822376,0.315641359201,0.0438054735159
0.293439155268,0.407376268818,0.127781430126,0.171403145788
0.379501876032,0.377308062911,0.158282351563,0.0849077094938
0.27297731828,0.0806574436688,0.328793207723,0.317572030329
0.258499144124,0.295625064373,0.211280879993,0.23459491151
0.195751644288,0.219273506387,0.268781748784,0.31619310054
0.421651592766,0.229734636835,0.0548140501896,0.29379972021
0.0488160599738,0.428921726716,0.170137359221,0.352124854089
0.434334215102,0.365653675917,0.192481443893,0.00753066508792
0.302519743433,0.263088493634,0.168013596542,0.266378166392
0.419027410906,0.199460305992,0.0135693530266,0.367942930075
0.415412032346,0.0874947644209,0.268802802351,0.228290400881
0.513265367757,0.245852760325,0.0804632503218,0.160418621596
0.347338948773,0.0553281667958,0.292574847162,0.30475803727
0.259658402525,0.432824302116,0.0250103021662,0.282506993193
0.384506895465,0.0600784768625,0.348373829681,0.207040797992
0.0795892796925,0.379419895976,0.407625973117,0.133364851215
0.448827006471,0.0872119632525,0.439386663161,0.0245743671154
0.389759042125,0.287360890178,0.222005977584,0.100874090112
0.394160573876,0.0942033146153,0.266999660764,0.244636450745
0.155689783956,0.105019950053,0.360844172198,0.378446093792
0.448315812172,0.104291739607,0.431840735844,0.0155517123765
0.0931790380344,0.130513362297,0.354459469947,0.421848129722
0.0822121140042,0.070090271369,0.42831710056,0.419380514067
0.115633781965,0.367562911067,0.286142425365,0.230660881603
0.402928755957,0.220761497109,0.211078393307,0.165231353627
0.333470505759,0.144130352819,0.454038199364,0.068360942059
0.263888114249,0.105880129289,0.399140360015,0.231091396447
0.310387726489,0.247344238377,0.327213769702,0.115054265433
0.153112412006,0.638242370157,0.0891455123249,0.119499705512
0.38418348556,0.149384151347,0.335846701223,0.13058566187
0.139349101788,0.269370118648,0.26426756422,0.327013215343
0.100702995647,0.271190803355,0.27759947984,0.350506721159
0.332522484302,0.331738738388,0.107260681027,0.228478096283
0.319950312444,0.311386867271,0.317651293372,0.0510115269124
0.409228120796,0.209698039957,0.147878813949,0.233195025297
0.0672375346557,0.527907162134,0.350242719856,0.0546125833546
0.325535838149,0.320383378002,0.118638953163,0.235441830685
0.232534809047,0.351047334016,0.121946857158,0.294470999779
0.209139071861,0.0747076188067,0.384009474824,0.332143834508
0.126027106332,0.6016896267,0.122184134474,0.150099132494
0.255621006002,0.306958548104,0.111268405708,0.326152040187
0.090565996343,0.314486981817,0.372427734334,0.222519287507
0.44156545426,0.197411715217,0.181067404767,0.179955425755
0.016810856949,0.479911909114,0.258213125775,0.245064108162
0.444393771534,0.187003752583,0.261457076315,0.107145399568
0.121540346475,0.759490114737,0.094389051809,0.0245804869784
0.43620593863,0.361976693953,0.192791804194,0.00902556322274
0.333619429615,0.200649359866,0.338101928735,0.127629281784
0.0752830384624,0.369726948908,0.352089681655,0.202900330975
0.213106402684,0.273286672825,0.276693594175,0.236913330316
0.261163206035,0.489843769254,0.105426369126,0.143566655585
0.299380212549,0.173229449207,0.380486325414,0.14690401283
0.0552225478386,0.423690088581,0.506574108409,0.0145132551706
0.181658812144,0.146493187291,0.236894502234,0.434953498331
0.0813850867416,0.230157884481,0.308137311163,0.380319717614
0.0398917754435,0.237849499058,0.336368843239,0.385889882259
0.160033222998,0.255399321801,0.146090430947,0.438477024254
0.25370129337,0.436496321879,0.122767264722,0.187035120029
0.310259484032,0.329076185823,0.182368791064,0.178295539082
0.165115554772,0.201398371007,0.418910604516,0.214575469704
0.103129668505,0.58457200873,0.304552864214,0.00774545855083
0.228021323032,0.661347666246,0.0336274082311,0.0770036024911
0.257003860047,0.38468291434,0.302998519593,0.0553147060199
0.184576437507,0.411970312466,0.20242006206,0.201033187967
0.228839001254,0.186428375619,0.138896205537,0.44583641759
0.289903913262,0.357578115527,0.154243988309,0.198273982902
0.497381826512,0.341694962445,0.0591795813424,0.1017436297
0.252717199287,0.102987191913,0.450035844881,0.194259763919
0.370859248754,0.356688492933,0.207684368509,0.0647678898036
0.420957736593,0.183864643462,0.345434636216,0.0497429837288
0.0925429170609,0.620185613087,0.136147621802,0.15112384805
0.00836620101812,0.653632457778,0.260778439753,0.0772229014505
0.0677392257411,0.0809995649754,0.486546010644,0.364715198639
0.486315659306,0.0713620865662,0.334660607478,0.107661646651
0.2716347979,0.245940784094,0.442743218957,0.0396811990493
0.0571609967785,0.178123038806,0.236489859453,0.528226104962
0.395361197054,0.135832334534,0.416295280147,0.0525111882649
0.188285588905,0.165645367998,0.222987241632,0.423081801465
0.487242177409,0.0212039066281,0.0864021243744,0.405151791589
0.317322917918,0.226029644537,0.112999729924,0.343647707621
0.441195757616,0.0628157344397,0.0950243106171,0.400964197327
0.372553997558,0.436024304122,0.183437537122,0.00798416119832
0.22175405665,0.246596187202,0.27382208886,0.257827667287
0.0413127742038,0.503772142969,0.3935016972,0.0614133856264
0.16667014874,0.118574529949,0.630104469598,0.0846508517125
0.460732796532,0.114935647016,0.274237224613,0.15009433184
0.279460189374,0.237816543486,0.32642649001,0.15629677713
0.148910545669,0.174324727889,0.241218430487,0.435546295956
0.169103275545,0.211976789086,0.378072686826,0.240847248543
0.250575166766,0.364640675205,0.0473642154709,0.337419942557
0.464090135033,0.420560752318,0.0330321305646,0.082316982084
0.0668783926942,0.226091389151,0.428844476813,0.278185741341
0.0935412946508,0.295482669134,0.255643089402,0.355332946813
0.162633755815,0.00721833626117,0.0206868007819,0.809461107142
0.281743889157,0.289757154554,0.0597344041477,0.368764552141
0.233972324184,0.520190937904,0.1874779685,0.0583587694115
0.400984939328,0.202723427972,0.30530860454,0.0909830281601
0.164043494323,0.219057502604,0.149793421776,0.467105581298
0.53386217106,0.0127450984206,0.297596328348,0.155796402171
0.459830459778,0.208317889082,0.227251108928,0.104600542211
0.0798362248151,0.139564654776,0.0315101944282,0.749088925981
0.496991216215,0.385744396776,0.0152116025993,0.102052784411
0.422442172086,0.0237265807355,0.329522214828,0.22430903235
0.124178739928,0.31831753344,0.256383913102,0.30111981353
0.2483718631,0.246761172102,0.216976330571,0.287890634227
0.187934793832,0.0715981852863,0.203556937611,0.536910083271
0.312695215103,0.255594697182,0.345948030069,0.0857620576464
0.143031836364,0.3420790256,0.0873689174929,0.427520220543
0.310594712609,0.244654698605,0.440613310028,0.0041372787589
0.204366389133,0.0909290375881,0.229166694585,0.475537878693
0.739625960685,0.10405233594,0.129465824271,0.0268558791045
0.332751784598,0.33507056189,0.0440801719059,0.288097481606
0.127372593811,0.00202603324176,0.659036802433,0.211564570514
0.146363666347,0.264930650765,0.275936109345,0.312769573543
0.120353144118,0.184152074574,0.564812913612,0.130681867696
0.236720454007,0.519774972191,0.023732562591,0.219772011211
0.0500450318748,0.381820042233,0.225127833976,0.343007091916
0.137253422996,0.242626041478,0.337976668863,0.282143866663
0.51694776767,0.293341375365,0.160135028496,0.0295758284688
0.0440007832881,0.506958196625,0.176983383462,0.272057636625
0.234372798665,0.231284656353,0.350682891192,0.183659653791
0.1044538421,0.35672591955,0.188226581301,0.350593657049
0.494324123659,0.00961713509015,0.00350450918244,0.492554232069
0.228857886242,0.417583422473,0.136658849992,0.216899841293
0.298923779206,0.321055147715,0.164653365009,0.215367708069
0.189958362543,0.050166362185,0.453648245472,0.306227029801
0.213288705221,0.107152587509,0.323325737195,0.356232970076
0.194468418701,0.230652854712,0.344449506707,0.23042921988
0.212762679738,0.314839807651,0.174523147736,0.297874364876
0.169571962183,0.406175971944,0.29324767955,0.131004386323
0.435741460962,0.0934760513186,0.0137560941373,0.457026393582
0.238166576709,0.168407412308,0.296469574803,0.29695643618