0.186897357152,0.346369220671,0.0600055286237,0.406727893553
0.148160129657,0.337640303414,0.272901950104,0.241297616825
0.0298273274719,0.366667005598,0.0632763632309,0.540229303699
0.309339100213,0.0771648496775,0.253481031419,0.36001501869
0.190419567919,0.148295855656,0.34029991778,0.320984658646
0.16740178638,0.0976547626899,0.635888295077,0.0990551558529
0.140629705994,0.0261959196306,0.583265867056,0.249908507319
0.239016706335,0.248678948422,0.235195005493,0.277109339751
0.829979806908,0.0881145836599,0.000788297761943,0.0811173116698
0.148974428425,0.416786250457,0.239529569713,0.194709751405
0.203645314535,0.399487710495,0.31013858441,0.0867283905607
0.245258418475,0.325636256588,0.0939305546423,0.335174770295
0.0978518280567,0.436140826072,0.078010471673,0.387996874199
0.260582772979,0.305618466989,0.252752579578,0.181046180454
0.0790764816992,0.451653432272,0.054159958995,0.415110127033
0.15978831985,0.624247153473,0.052203947488,0.163760579189
0.0531592503834,0.50564907569,0.0595653538089,0.381626320117
0.356199503191,0.213267192497,0.209285524262,0.22124778005
0.287794122771,0.114967168284,0.169859930876,0.427378778069
0.221414472018,0.130060464044,0.326875983127,0.321649080812
0.177102348543,0.256591534735,0.252341430636,0.313964686086
0.122622927185,0.293054079541,0.402485675231,0.181837318043
0.366347075015,0.0909598773232,0.0522782758591,0.490414771803
0.365564728031,0.234242237368,0.0496834752898,0.350509559311
0.283201336215,0.28600879069,0.239493371139,0.191296501956
0.141647725745,0.413491944199,0.407384581302,0.0374757487541
0.00620860731114,0.199001998856,0.420516865252,0.37427252858
0.13005720119,0.297915690074,0.230808333927,0.341218774808
0.471767188166,0.344595055501,0.122121183266,0.0615165730674
0.0451513880545,0.522416206891,0.00445706001312,0.427975345041
0.216256272393,0.280938181624,0.404280833595,0.0985247123891
0.0408260373394,0.155620597364,0.552317337216,0.25123602808
0.456763382665,0.0265890857162,0.309530691323,0.207116840296
0.365263284611,0.146904313995,0.0549464364945,0.432885964899
0.0315754308516,0.418695660173,0.136720835269,0.413008073706
0.252333529138,0.274633721891,0.0831980605841,0.389834688386
0.0140796588423,0.273897021132,0.48568005978,0.226343260246
0.0333401207479,0.317682230721,0.32229851214,0.326679136391
0.025061456805,0.107140783026,0.300085043307,0.567712716862
0.234049876197,0.376836372126,0.159664939045,0.229448812631
0.524304501317,0.389439860811,0.066792319434,0.0194633184383
0.36343242866,0.366701720064,0.259344407967,0.0105214433088
0.211928556104,0.476253652875,0.0652373284553,0.246580462566
0.369685066772,0.04290808603,0.263968565254,0.323438281944
0.0801411344964,0.2745010413,0.332019499928,0.313338324276
0.547217747918,6.35680368668e-05,0.138078040393,0.314640643652
0.186072193705,0.61897323487,0.0199929811317,0.174961590294
0.394072830667,0.193497562332,0.0509996427651,0.361429964235
0.172613227672,0.284504663837,0.261919386211,0.28096272228
0.0374656761004,0.473871878013,0.445173979044,0.0434884668433
0.15480715369,0.280867171123,0.282549505799,0.281776169388
0.213190567875,0.0611735511676,0.434576823608,0.29105905735
0.274153759576,4.03929668154e-05,0.548331484396,0.177474363062
0.149580819428,0.123298114803,0.141983863387,0.585137202381
0.46908206924,0.391538156681,0.0779137253609,0.0614660487184
0.271360182042,0.347631415894,0.292960699852,0.0880477022118
0.0763232910069,0.158422421462,0.367922922538,0.397331364993
0.298366309071,0.270356576809,0.286625693187,0.144651420933
0.151419844427,0.185861727829,0.359682707491,0.303035720252
0.291231119557,0.313808865157,0.318300214802,0.0766598004838
0.158249097363,0.518166442313,0.0981372162176,0.225447244106
0.239933700233,0.198732703312,0.205398242121,0.355935354334
0.13336860085,0.0794495004259,0.31411584384,0.473066054884
0.0825280801818,0.12286774472,0.238508183884,0.556095991215
0.270961957093,0.240771016262,0.335158702222,0.153108324424
0.212156540599,0.116343961747,0.308527695097,0.362971802557
0.372899057178,0.0506350399486,0.162160461593,0.41430544128
0.0929826932429,0.071501568472,0.265028950523,0.570486787762
0.196912813545,0.53245231431,0.147874867491,0.122760004654
0.236790894951,0.332842343087,0.19560417017,0.234762591793
0.283449623812,0.390273279984,0.165039650908,0.161237445296
0.180800423643,0.387441237693,0.07715603197,0.354602306694
0.388322892712,0.174960288792,0.319678147033,0.117038671463
0.373376263614,0.399605638067,0.147349643967,0.079668454352
0.0633797317697,0.244256935741,0.178685571108,0.513677761382
0.152642224808,0.163575863748,0.170539469036,0.513242442407
0.272223086743,0.316923259792,0.31894267968,0.0919109737841
0.318403028018,0.155579886854,0.190269882322,0.335747202806
0.264173957404,0.055702961347,0.369817542734,0.310305538516
0.397862092131,0.114320067095,0.0669963929757,0.420821447798
0.821757029335,0.00774553887283,0.0284773017685,0.142020130024
0.388891856111,0.0570645675711,0.274385794775,0.279657781543
0.105473552197,0.228263937573,0.317652910444,0.348609599786
0.217110808429,0.298818989318,0.31514777576,0.168922426493
0.102952063802,0.340011361387,0.277599938302,0.279436636508
0.234758347332,0.325218373241,0.180732217028,0.259291062399
0.323029190253,0.068725314376,0.212503393654,0.395742101717
0.117187045996,0.51988133873,0.074165475768,0.288766139505
0.419696863692,0.331531442129,0.210143013621,0.0386286805577
0.023380999085,0.517433839598,0.00845435795805,0.450730803359
0.167304365556,0.256335645788,0.145110907212,0.431249081443
0.206625196261,0.0365184852044,0.371596226701,0.385260091834
0.0898211116816,0.147876557471,0.435513305596,0.326789025252
0.230980580728,0.360734306891,0.238851683897,0.169433428485
0.313477194518,0.0815549389615,0.249089627384,0.355878239137
0.234840680856,0.383448280312,0.337509104162,0.0442019346706
0.316198394079,0.201938649991,0.19681618774,0.28504676819
0.477304583043,0.248797435631,0.0575900299057,0.216307951421
0.0588361615986,0.35625617766,0.365445066491,0.21946259425
0.225511120549,0.297522793332,0.196957721711,0.280008364408
0.00464003066131,0.434920347836,0.185920848976,0.374518772527
0.196914696879,0.182448920342,0.454427848005,0.166208534775
0.0612298532617,0.0668845999373,0.0550904901764,0.816795056625
0.305123566698,0.562167746061,0.0176697060096,0.115038981231
0.471932226684,0.291652564578,0.221585004381,0.0148302043566
0.310666677515,0.181714876406,0.0594062380485,0.448212208031
0.241536298259,0.337548449434,0.167368823548,0.253546428758
0.12256248804,0.675340620921,0.145850543596,0.0562463474433
0.300315348676,0.404538148904,0.000187441059773,0.29495906136
0.16636949365,0.333222501788,0.192251907754,0.308156096808
0.0890932558593,0.108658419288,0.457189737304,0.345058587549
0.0697970976005,0.374941289496,0.137376367136,0.417885245767
0.194775441315,0.197006422152,0.273105293346,0.335112843186
0.334342040863,0.217366060875,0.230112372916,0.218179525346
0.35121353459,0.01881939775,0.411506081574,0.218460986086
0.339031077504,0.212200539127,0.315157683227,0.133610700143
0.283177037027,0.209440969255,0.21052619468,0.296855799038
0.285608254741,0.357965778608,0.154199966021,0.20222600063
0.0952813897862,0.231949431658,0.154980125638,0.517789052918
0.378480015877,0.0848313237914,0.348844813175,0.187843847157
0.309637864682,0.204426966734,0.22726348091,0.258671687674
0.160873994997,0.264810753549,0.211968473358,0.362346778096
0.370220981413,0.0782146574725,0.325207255232,0.226357105882
0.138437857009,0.0836251110777,0.27747809933,0.500458932583
0.295371850707,0.460770460601,0.217202715369,0.0266549733236
0.146605681203,0.2921495649,0.283605395534,0.277639358363
0.24413620307,0.279817641804,0.297656932899,0.178389222226
0.12205235534,0.112468338594,0.290853804879,0.474625501187
0.379690639376,0.105652587198,0.301068627969,0.213588145457
0.125022497166,0.21417256933,0.222466479882,0.438338453622
0.513408944815,0.204137917733,0.0747876494865,0.207665487966
0.0443456767946,0.0228721291371,0.511618987023,0.421163207046
0.0836082572274,0.258717921292,0.30422571725,0.353448104231
0.00621838688018,0.490223051364,0.0266024011013,0.476956160655
0.26105060809,0.306175955584,0.133076973419,0.299696462907
0.256448982836,0.0863179409698,0.373118382648,0.284114693546
0.356736290483,0.101072105924,0.210379208754,0.331812394839
0.295253010815,0.137769477399,0.450070536203,0.116906975583
0.0540839038666,0.279026420731,0.320493627884,0.346396047519
0.288711333529,0.258298152173,0.177945235491,0.275045278808
0.243568421382,0.368260777912,0.0439499693526,0.344220831353
0.55474060937,0.195461281349,0.203669645636,0.0461284636454
0.207200943651,0.407148685375,0.190282943298,0.195367427676
0.177900720045,0.327772323037,0.235423995245,0.258902961673
0.0171375684703,0.251648836732,0.435860747391,0.295352847407
0.348587476229,0.190051100911,0.313803932244,0.147557490616
0.153866173401,0.108834293893,0.685834741643,0.0514647910629
0.159561386494,0.41732792532,0.121257357095,0.30185333109
0.206264115415,0.437248385076,0.291545992348,0.0649415071606
0.166935174818,0.311378210135,0.147179575986,0.374507039061
0.336493851216,0.312314675009,0.209869495092,0.141321978683
0.174057590827,0.286000697024,0.269634317498,0.27030739465
0.42936424093,0.0893494396034,0.155112677201,0.326173642266
0.15382728527,0.362988778818,0.113428838276,0.369755097636
0.172048401924,0.292528342296,0.431476843781,0.103946411999
0.390796350202,0.230662807485,0.192158559934,0.18638228238
0.470491326831,0.209568203054,0.0691744241764,0.250766045939
0.208869355875,0.334601456252,0.0529620295211,0.403567158352
0.315671299374,0.264431691192,0.124850453908,0.295046555527
0.184243065879,0.00202055020166,0.239893719299,0.57384266462
0.0529106733767,0.426878290771,0.496128571513,0.0240824643391
0.302161972213,0.252436231139,0.214913133997,0.230488662651
0.192861606882,0.132453144527,0.311275633641,0.36340961495
0.0961898613838,0.399112827507,0.00192102417973,0.502776286929
0.376954820703,0.187279359643,0.213486515093,0.222279304561
0.373147291969,0.0345494210291,0.0857236966725,0.50657959033
0.257899866843,0.342178687803,0.273201596205,0.126719849149
0.141158970976,0.34131527971,0.0646257412332,0.452900008081
0.197984113605,0.20003238501,0.296077428019,0.305906073366
0.248188042932,0.0310457903169,0.122805450658,0.597960716093
0.38380198842,0.350347927611,0.199302016049,0.0665480679205
0.406536003442,0.0763711023487,0.36940313912,0.147689755089
0.23088589991,0.12865433614,0.0412002220403,0.59925954191
0.235246804429,0.0737657636965,0.62227936798,0.0687080638948
0.131638084523,0.352492913342,0.0256917851015,0.490177217034
0.160457662745,0.348248037155,0.095732855856,0.395561444245
0.328072723198,0.33923716732,0.261500781866,0.0711893276155
0.241439562252,0.117011525296,0.276711951544,0.364836960908
0.178823032074,0.371189545842,0.283357556404,0.166629865681
0.382949510273,0.00812708029708,0.483798971418,0.125124438012
0.128723904355,0.0896411679499,0.381412362808,0.400222564887
0.156187405192,0.409449685681,0.0846555895247,0.349707319602
0.298705322035,0.199618815291,0.201730413328,0.299945449346
0.275324523222,0.218004749133,0.0590196525214,0.447651075124
0.00618861644308,0.628301289789,0.0385892542595,0.326920839508
0.189050847987,0.334333264264,0.021994185885,0.454621701864
0.489020147517,0.144575437598,0.201134602749,0.165269812137
0.321535964357,0.23889253244,0.0484970296122,0.391074473591
0.506422048216,0.106083207975,0.153725503782,0.233769240027
0.219475513959,0.105304108098,0.391449171174,0.283771206769
0.334303499922,0.211985674056,0.150076974678,0.303633851344
0.481346661647,0.185737846392,0.318110189508,0.0148053024534
0.222238288563,0.16371107901,0.304429890404,0.309620742023
0.649095190928,0.1151732,0.024037907473,0.211693701599
0.276578864627,0.132774789065,0.185109965758,0.405536380551
0.230691335425,0.134939595137,0.314043911722,0.320325157716
0.584532172633,0.115898030302,0.214603015721,0.084966781344
0.479832497009,0.320511572628,0.111794052205,0.0878618781582
0.364158283573,0.139045174824,0.329228269701,0.167568271903
0.175822639685,0.438167999092,0.064533383933,0.32147597729