0.261303207723,0.140031455922,0.262297778692,0.336367557663
0.0730456185005,0.703754143598,0.046254450474,0.176945787427
0.319962373754,0.220174579266,0.10523728782,0.354625759159
0.387515018358,0.173922975281,0.159295648003,0.279266358358
0.420621736225,0.268732022164,0.168235018376,0.142411223234
0.210446752336,0.131399310306,0.475500576127,0.182653361231
0.158980777745,0.150099523174,0.323856250972,0.36706344811
0.529868253056,0.256049712014,0.0125997272566,0.201482307674
0.209147743186,0.361885279338,0.202457434426,0.22650954305
0.131145195636,0.572549493387,0.104564359802,0.191740951174
0.215981042678,0.15454374601,0.3278225868,0.301652624512
0.239364937341,0.104861032718,0.345918618996,0.309855410944
0.0934507962169,0.398686597506,0.333754150862,0.174108455415
0.293571183183,0.289480742247,0.0244378091499,0.39251026542
0.105914376847,0.337221162672,0.237789625611,0.319074834869
0.285016580752,0.292619716889,0.215354599745,0.207009102613
0.0481689022217,0.415339113331,0.187911048808,0.348580935638
0.310748526443,0.252244272775,0.159196010289,0.277811190493
0.0106383721844,0.165465746686,0.393564250232,0.430331630898
0.192425363084,0.370816726715,0.274619035737,0.162138874464
0.365205739958,0.235860184,0.0301482233876,0.368785852654
0.432912099634,0.0899743140797,0.0881294333619,0.388984152925
0.133815220017,0.331073467315,0.235966039216,0.299145273452
0.11679544744,0.372393009376,0.322254066574,0.188557476609
0.344677364889,0.109642156331,0.362839853485,0.182840625295
0.618959637633,0.0914918845211,0.0631818420909,0.226366635755
0.00756445993691,0.371698625144,0.274865297714,0.345871617206
0.466474172331,0.125395363279,0.105968388906,0.302162075484
0.207923432176,0.143757828671,0.399584764888,0.248733974264
0.149680358006,0.16971619383,0.425521647788,0.255081800376
0.298376388179,0.261022834365,0.195212158025,0.24538861943
0.101085706276,0.174503998096,0.620235224709,0.104175070919
0.473411682521,0.0274000411869,0.0841932317681,0.414995044524
0.096396233125,0.3324202108,0.45984451397,0.111339042105
0.108136843469,0.48854316748,0.0521458879319,0.351174101119
0.290885713256,0.313262446363,0.344653972577,0.051197867804
0.439804570996,0.196156891993,0.00490083296729,0.359137704043
0.350138626603,0.219778315319,0.282130854472,0.147952203605
0.344320478532,0.216036294597,0.0820841594885,0.357559067382
0.185129235749,0.195475276938,0.260380845933,0.359014641379
0.234953760208,0.556111474671,0.205310690464,0.00362407465701
0.408425171342,0.443543755794,0.0237278753845,0.124303197479
0.330593894561,0.361439070631,0.172307852968,0.135659181839
0.479102823524,0.208351465693,0.0462770067138,0.266268704069
0.176285939503,0.281595715137,0.237988786228,0.304129559132
0.284829054339,0.31292439472,0.314480415362,0.0877661355789
0.588187203096,0.0268895043337,0.049186546005,0.335736746565
0.160848041758,0.287022896219,0.284296069371,0.267832992652
0.218985360512,0.224737829442,0.276369603693,0.279907206354
0.269339320896,0.290855489817,0.0807441993729,0.359060989914
0.218253539818,0.238234800049,0.387526761372,0.155984898762
0.0264866046982,0.0494454963033,0.375035957549,0.549031941449
0.0753021731184,0.410083688071,0.357270328085,0.157343810726
0.223778558039,0.279689390674,0.298961493355,0.197570557932
0.205756644122,0.159698844125,0.0476896628973,0.586854848856
0.0772034912392,0.272023086512,0.341179148563,0.309594273686
0.158923539455,0.208045017646,0.374231962693,0.258799480206
0.22572791671,0.101310738767,0.259139638436,0.413821706087
0.13843085535,0.227126490674,0.301347560075,0.333095093901
0.388614630507,0.282814551698,0.314087862055,0.0144829557397
0.0681952351821,0.559885542838,0.176265620579,0.195653601401
0.439837082783,0.268521549141,0.0691325399257,0.22250882815
0.0765418629027,0.412943137761,0.123008651443,0.387506347893
0.0560760127431,0.260735969276,0.263204411154,0.419983606827
0.170744164394,0.00923925597586,0.505626199286,0.314390380344
0.0537797158899,0.16266531065,0.353095946573,0.430459026887
0.713793443144,0.0509108804334,0.0659500356087,0.169345640814
0.161673776473,0.189856273249,0.328821462771,0.319648487507
0.218243789222,0.293605388514,0.173657029137,0.314493793128
0.284026911734,0.302570174937,0.334681502143,0.0787214111854
0.241395539049,0.450789350185,0.274132486377,0.0336826243879
0.139683676465,0.365328151063,0.338525109142,0.156463063331
0.117392818116,0.275136594039,0.301844982601,0.305625605244
0.285029376798,0.189386194113,0.184230833753,0.341353595337
0.328581605246,0.42064877901,0.147176241512,0.103593374231
0.604969734092,0.139135861437,0.196480464921,0.0594139395503
0.143860353601,0.295841530392,0.192442711695,0.367855404312
0.516217929644,0.0632802042604,0.288975285025,0.131526581071
0.315613794304,0.398461305307,0.165328892216,0.120596008173
0.146674956611,0.295714260762,0.411527978766,0.146082803861
0.871108807338,0.0289699257745,0.00192578277083,0.0979954841171
0.119197527821,0.0628514680735,0.623987109841,0.193963894265
0.215101575613,0.4280295788,0.177537647595,0.179331197992
0.414367219214,0.328692736773,0.153837018005,0.103103026008
0.0151810095798,0.409715466855,0.208852782452,0.366250741113
0.375759261783,0.0964722754674,0.234634370688,0.293134092062
0.288867148895,0.314917706226,0.112774142483,0.283441002396
0.294496912665,0.412330291992,0.22853775127,0.064635044072
0.131803657992,0.147036252144,0.374310362942,0.346849726923
0.377769387081,0.456490376647,0.0190320049053,0.146708231367
0.369096267276,0.153713540845,0.341093217796,0.136096974084
0.0161629428139,0.0667954190477,0.380847188815,0.536194449323
0.285687364623,0.00883482572449,0.363194917337,0.342282892316
0.236827544346,0.294722554182,0.116664184251,0.351785717221
0.32969619773,0.0305277085908,0.249968781025,0.389807312654
0.232911880201,0.0816865550689,0.279496410765,0.405905153965
0.14634216441,0.176412613187,0.341257810115,0.335987412289
0.312341065151,0.00762307497038,0.281877429872,0.398158430006
0.000158052133725,0.206300592944,0.25895333664,0.534588018282
0.0537182297968,0.400125022378,0.402193166779,0.143963581047
0.376023823829,0.0239739130303,0.239526443443,0.360475819697
0.236226043586,0.260578442683,0.109549168528,0.393646345203
0.200062991182,0.122364993767,0.611786084897,0.0657859301539
0.358734472292,0.396527781968,0.151889754697,0.0928479910437
0.337456547547,0.0392831903834,0.125197476151,0.498062785919
0.11851879889,0.567265306345,0.232390920928,0.0818249738365
0.294777327051,0.214679416685,0.183257713658,0.307285542606
0.302528421852,0.113300369271,0.20249842813,0.381672780747
0.128993514438,0.552396542653,0.285892028553,0.0327179143557
0.136523252133,0.386328034768,0.104745777782,0.372402935317
0.331964792865,0.221172401361,0.183863954684,0.262998851091
0.358374695004,0.313249253879,0.221870826478,0.106505224639
0.345546208724,0.252662127255,0.141933139045,0.259858524975
0.243798774677,0.327794068417,0.271257387711,0.157149769196
0.198877511481,0.286109575298,0.0511333703261,0.463879542895
0.107735733435,0.465976761401,0.382668512636,0.0436189925285
0.227646553865,0.381435636406,0.223144996344,0.167772813385
0.286992350827,0.325408068306,0.166484419929,0.221115160938
0.0174012379307,0.480294471852,0.0975714343824,0.404732855835
0.272171835849,0.237472707088,0.319565492374,0.170789964688
0.145957933507,0.156919455881,0.331240338884,0.365882271728
0.149237078443,0.36099136222,0.182719705976,0.30705185336
0.086553252324,0.398473579423,0.425593981056,0.0893791871969
0.362265804662,0.0862933382231,0.155564161306,0.395876695808
0.152559707233,0.00500972794007,0.523226931035,0.319203633792
0.214748207047,0.38420300336,0.193341127284,0.20770766231
0.155446215002,0.225219790334,0.305529069043,0.31380492562
0.0399467317173,0.248602187722,0.428433313938,0.283017766623
0.331561775256,0.325138284994,0.329961458528,0.0133384812224
0.415132029981,0.219513986133,0.113887366315,0.251466617571
0.33138364874,0.289059880805,0.137073024623,0.242483445832
0.386640323755,0.229088517508,0.191853789024,0.192417369713
0.225160810284,0.557998646326,0.0333796990064,0.183460844383
0.072284899862,0.234519893422,0.395004693132,0.298190513584
0.0954106623084,0.0747989274391,0.338763630828,0.491026779424
0.166053822795,0.171423458984,0.405219422901,0.257303295319
0.509007808746,0.42292642679,0.0265758632123,0.041489901251
0.25852727169,0.279521925777,0.214190786681,0.247760015853
0.182857143594,0.339353506219,0.133205676077,0.344583674111
0.151517878781,0.480455843243,0.15690547125,0.211120806726
0.202771860268,0.180335244338,0.478134201094,0.1387586943
0.484185007986,0.121948968685,0.34529878091,0.0485672424189
0.176663079995,0.123283116809,0.297598857299,0.402454945897
0.0194427522935,0.309943383053,0.497848742754,0.1727651219
0.310702308,0.0542660109986,0.113362523256,0.521669157745
0.294932263165,0.308857009297,0.274785481744,0.121425245795
0.21918238778,0.411887315877,0.296279489818,0.0726508065253
0.133438010948,0.223159540107,0.219815621733,0.423586827211
0.15960217755,0.311693226873,0.326383161649,0.202321433929
0.410977785843,0.0440264954667,0.0746573429654,0.470338375725
0.31356554658,0.0424179363958,0.251282465343,0.392734051681
0.232623042441,0.325263459896,0.0224362969805,0.419677200682
0.287465068525,0.271516006982,0.312801216476,0.128217708018
0.156657413048,0.474887934552,0.154007118272,0.214447534128
0.309792531807,0.221520477051,0.224900642247,0.243786348895
0.24014627619,0.253258785613,0.34656995469,0.160024983508
0.437923797792,0.214299824731,0.155107782196,0.192668595281
0.313856863473,0.0943009512771,0.402809397622,0.189032787628
0.117319833108,0.314877931619,0.307706884376,0.260095350897
0.250622778647,0.138707736492,0.320835604628,0.289833880233
0.0916850124763,0.263897634203,0.117009205181,0.52740814814
0.0889660064015,0.227894010651,0.446011001293,0.237128981655
0.397439002656,0.18228851132,0.373754260612,0.0465182254119
0.321198101858,0.281644061166,0.0949267667769,0.3022310702
0.307993820785,0.141652283042,0.302619334467,0.247734561706
0.258611469541,0.348366715171,0.0556328856732,0.337388929615
0.498302553263,0.119793022036,0.37046265042,0.0114417742806
0.365716966514,0.0334331974143,0.549414922195,0.0514349138763
0.239818487928,0.289230209374,0.237372300043,0.233579002655
0.134524599276,0.396922659134,0.300290482459,0.168262259131
0.0691593829889,0.405433108533,0.474813845106,0.0505936633718
0.0718031869501,0.396264696402,0.393939382678,0.137992733969
0.11512532853,0.299135382178,0.359816466551,0.225922822741
0.0618025664103,0.534885533295,0.0421738153132,0.361138084982
0.163122874694,0.130628792403,0.166920003877,0.539328329026
0.327115019663,0.159185916759,0.316902642958,0.19679642062
0.120377014545,0.369157452007,0.48770596985,0.0227595635983
0.242902563418,0.34556996104,0.0935504994991,0.317976976043
0.176051157056,0.308608769215,0.433089563549,0.0822505101804
0.294191649324,0.281898371448,0.400280521925,0.0236294573028
0.429514242269,0.141663860498,0.387767814144,0.0410540830898
0.0332605814504,0.560362014995,0.165706708095,0.24067069546
0.39140263702,0.14043390753,0.309230844522,0.158932610927
0.479184050997,0.00595584123484,0.339232090745,0.175628017023
0.39973348047,0.548618711664,0.0486148992076,0.00303290865842
0.342656041832,0.427301286226,0.00790364155984,0.222139030383
0.0919030042302,0.0366302358069,0.482871046799,0.388595713164
0.0314362826679,0.340300142849,0.106515166542,0.521748407942
0.0773721317253,0.461794343702,0.0910865367512,0.369746987822
0.277957422785,0.295774292157,0.253384453128,0.17288383193
0.112665302243,0.261455220672,0.255092555375,0.37078692171
0.274284609691,0.30375009018,0.160118966906,0.261846333222
0.208383255834,0.161240817991,0.372270998355,0.25810492782
0.158119310338,0.097275196075,0.40551307156,0.339092422027
0.246539893687,0.446457187145,0.0680622345693,0.238940684599
0.0105321808336,0.660386830832,0.281549771164,0.0475312171696
0.305214422129,0.328470742965,0.317981623651,0.0483332112556
0.165329456033,0.219965121769,0.381209999799,0.233495422399
0.150094347763,0.700422754746,0.0981343666002,0.051348530891
0.324621419855,0.154857649514,0.407633696022,0.112887234608