0.019057224409,0.219988393593,0.410599638525,0.350354743473
0.0400455828754,0.440746303151,0.059789520441,0.459418593532
0.234167110679,0.178611741608,0.22409179254,0.363129355173
0.15344786786,0.428852820188,0.0336939198041,0.384005392148
0.197251135983,0.153184136289,0.254755597778,0.39480912995
0.349057606879,0.116077362507,0.324151924295,0.210713106319
0.213541653657,0.163224064272,0.5236198176,0.0996144644709
0.212798643441,0.221732430777,0.244905981522,0.32056294426
0.333911736447,0.336279089617,0.128207626515,0.201601547421
0.0288901092186,0.279248668589,0.569599095941,0.122262126251
0.412306338118,0.206703819451,0.242294330433,0.138695511998
0.313579307009,0.191581915622,0.246707539529,0.24813123784
0.268198451397,0.59397307917,0.0914212461617,0.0464072232709
0.162743526924,0.267811527145,0.226683101384,0.342761844547
0.361116386861,0.555330809136,0.0171212956684,0.0664315083342
0.115254288096,0.370367647002,0.0757101388566,0.438667926045
0.16255980672,0.103011669632,0.447644070259,0.286784453388
0.180535053427,0.205619735935,0.279800154251,0.334045056387
0.162058182552,0.304081078256,0.237011501016,0.296849238177
0.224741212883,0.280795105972,0.406289885794,0.0881737953513
0.035337319533,0.228461320427,0.501260124509,0.23494123553
0.289565701093,0.247204608724,0.307681740037,0.155547950146
0.289187584646,0.0336481439421,0.479564160218,0.197600111194
0.240829969172,0.261131356364,0.235527537885,0.262511136579
0.170973006023,0.219563410151,0.259525577047,0.349938006779
0.311607741731,0.334991297191,0.29775894295,0.0556420181275
0.290540457063,0.446086094295,0.191947717392,0.0714257312495
0.0780289927248,0.162662836109,0.288028118526,0.47128005264
0.175904800371,0.266371277541,0.52105920056,0.0366647215276
0.248222038565,0.24036327831,0.385168280561,0.126246402564
0.215283928079,0.317422978895,0.221425662831,0.245867430195
0.330943351578,0.104444988559,0.306599793298,0.258011866564
0.315318610846,0.0140050331214,0.126585236964,0.544091119068
0.218665646538,0.514736691064,0.179620874619,0.0869767877791
0.213972264087,0.479864583339,0.216682679977,0.0894804725971
0.383141910071,0.544689200694,0.0218119510502,0.0503569381842
0.0899206136716,0.88290627771,0.0181960784052,0.00897703021346
0.16769765946,0.31537244389,0.401392544874,0.115537351776
0.254262636661,0.20595031084,0.089601087247,0.450185965252
0.186647563177,0.415488344723,0.124375393699,0.273488698401
0.11666733401,0.309990233719,0.345205362756,0.228137069515
0.281529929264,0.092158794474,0.290450355047,0.335860921215
0.124607272357,0.292317876121,0.382227903076,0.200846948446
0.267949909568,0.240045226751,0.357674971274,0.134329892406
0.475733966466,0.0449729961609,0.0775574559338,0.401735581439
0.0419325206233,0.754056452656,0.0489095124698,0.155101514251
0.28648915171,0.160135353824,0.224839039598,0.328536454867
0.125933251012,0.289788385013,0.309778623906,0.274499740069
0.376318744465,0.0401622064545,0.091779428342,0.491739620739
0.222908024064,0.144731770355,0.225049020337,0.407311185244
0.109408341708,0.428846430688,0.349433168802,0.112312058802
0.267479904182,0.225879231497,0.392551531714,0.114089332607
0.295674462668,0.157936260789,0.449433519523,0.0969557570196
0.338299375544,0.374781327419,0.252016481281,0.0349028157558
0.331796590038,0.246526211932,0.329916525255,0.0917606727751
0.00779025193221,0.378291522741,0.361847698992,0.252070526335
0.00239610319011,0.515102255201,0.332297138363,0.150204503246
0.269810366852,0.0228542737591,0.322107474209,0.38522788518
0.339734832668,0.232770727735,0.201077678931,0.226416760666
0.133847170242,0.121688170316,0.268257719046,0.476206940395
0.405371824845,0.0556762168559,0.102329110778,0.436622847521
0.0424118137113,0.362855316652,0.319318569113,0.275414300524
0.154692682607,0.0838397833849,0.354908773721,0.406558760287
0.0144933381964,0.3517129729,0.277945593538,0.355848095366
0.0879624978885,0.367195183543,0.133379794502,0.411462524067
0.283043540526,0.313698548328,0.275607176347,0.127650734799
0.0425131611977,0.288973898821,0.463014122028,0.205498817953
0.0631093713527,0.314524975299,0.337009391122,0.285356262226
0.139137201113,0.39058443429,0.151899019971,0.318379344626
0.289510393194,0.217804421356,0.0884323651522,0.404252820297
0.07844173148,0.107251212669,0.454780525463,0.359526530388
0.132668316905,0.357770799694,0.221822655544,0.287738227856
0.34433360813,0.534148444638,0.02256140151,0.0989565457229
0.0526438107189,0.128747805491,0.399872011365,0.418736372425
0.310543329916,0.179892317007,0.347037556916,0.162526796161
0.165665057701,0.312883500671,0.182949826064,0.338501615565
0.110470603276,0.341665667756,0.357722771629,0.190140957339
0.345561843667,0.233323878532,0.198124740697,0.222989537104
0.301074600827,0.322909429865,0.0539828852307,0.322033084078
0.287631578611,0.167344623321,0.260845080994,0.284178717074
0.324276129768,0.286349913987,0.0123733068238,0.377000649422
0.027656501283,0.462284821274,0.466673710624,0.0433849668185
0.276440786247,0.213665821302,0.293445622014,0.216447770437
0.223517228321,0.562336854175,0.0587642494137,0.155381668091
0.25950103855,0.0160980558979,0.483361673934,0.241039231618
0.118388743005,0.20060490096,0.311690074211,0.369316281824
0.263578891428,0.635328684513,3.80482668596e-05,0.101054375792
0.171104825278,0.286602947242,0.220115589241,0.322176638239
0.278560732961,0.337267144927,0.19367787628,0.190494245833
0.549942976927,0.27451445745,0.0174246820069,0.158117883617
0.169053210887,0.164807952617,0.562551194437,0.103587642058
0.246160795531,0.332739414174,0.236636792316,0.184462997979
0.157242131924,0.476192708119,0.351095182521,0.0154699774358
0.0881122536333,0.583638737543,0.0433759399861,0.284873068837
0.179390275063,0.0667882877928,0.143193120383,0.610628316761
0.172973185012,0.298529767075,0.44949597194,0.0790010759725
0.249314547782,0.324050895145,0.201072708847,0.225561848227
0.0986421103768,0.367360051399,0.366090274961,0.167907563263
0.142761585193,0.387775591993,0.0151038171239,0.45435900569
0.266146086548,0.350796348936,0.107237707653,0.275819856863
0.332253169557,0.155070909295,0.0746828874076,0.43799303374
0.00186846968158,0.0745612350497,0.196490778839,0.72707951643
0.247290907021,0.14075447834,0.34592036045,0.266034254188
0.225042554436,0.193881186532,0.405202687324,0.175873571709
0.304623388046,0.380062379626,0.212367901665,0.102946330663
0.118901762198,0.129306403788,0.332776246242,0.419015587772
0.125230790129,0.40781010874,0.444867710538,0.0220913905936
0.443575840288,0.0686744034796,0.286767486329,0.200982269903
0.198647171445,0.337987505278,0.458685106013,0.00468021726382
0.251408263102,0.347981211072,0.202644975516,0.19796555031
0.24621255325,0.290207680336,0.405184222868,0.0583955435467
0.152782398212,0.0879540851169,0.373594364902,0.385669151769
0.123699797898,0.519717897888,0.32474049955,0.0318418046647
0.016632384566,0.424443394191,0.240954387155,0.317969834087
0.480364203586,0.030073202718,0.0483849543204,0.441177639375
0.378602684707,0.141545509036,0.303109703932,0.176742102325
0.302790142181,0.230652896057,0.400919226718,0.0656377350443
0.425151608521,0.127078917591,0.149012027748,0.29875744614
0.0404047939188,0.22759784571,0.280488224626,0.451509135745
0.246990838704,0.289199318391,0.203461476647,0.260348366257
0.0705773784105,0.213187301081,0.412481325246,0.303753995262
0.395638385425,0.317451105245,0.0193015719778,0.267608937352
0.0636230111743,0.380074448036,0.392028182168,0.164274358622
0.13412632538,0.0395742923996,0.435677171773,0.390622210448
0.378650734915,0.238657410167,0.166238662448,0.216453192469
0.389553546671,0.272649695252,0.135022555867,0.202774202209
0.297376652731,0.0732673571275,0.380436913833,0.248919076309
0.314676065086,0.350148418643,0.293832734227,0.041342782045
0.377439743813,0.192528909141,0.279383891825,0.15064745522
0.199342979153,0.208525134914,0.250100102976,0.342031782957
0.0506100721089,0.385881921515,0.300751461674,0.262756544702
0.313853721017,0.232135950012,0.425638257018,0.0283720719534
0.419642926859,0.0721209189813,0.101137155747,0.407098998413
0.174449089886,0.280092528246,0.396336453632,0.149121928236
0.260489500471,0.197254708642,0.219472128208,0.322783662678
0.381046952547,0.10101813137,0.3675269317,0.150407984383
0.430497624931,0.307983324791,0.120359245599,0.14115980468
0.0727447638157,0.385543928923,0.449950500453,0.091760806808
0.229573714812,0.0115911249088,0.439479796186,0.319355364093
0.247890189614,0.369779260244,0.380520954932,0.00180959521016
0.1559982273,0.10975848684,0.370512122619,0.363731163241
0.453840108778,0.159591136286,0.209776149307,0.176792605628
0.118468081278,0.534641864036,0.169189179006,0.177700875679
0.309449079933,0.256951336794,0.177663193588,0.255936389685
0.274571349411,0.220751986202,0.309145920031,0.195530744356
0.292893123003,0.297346641406,0.0283390602403,0.38142117535
0.301356673084,0.298373218087,0.179107149516,0.221162959314
0.266231665555,0.187791481209,0.277278355731,0.268698497505
0.1831119846,0.291055088365,0.262193966227,0.263638960808
0.251885593007,0.228557480292,0.274648683895,0.244908242805
0.268778686406,0.326956290626,0.0158667164989,0.388398306469
0.34185655328,0.411588749701,0.0242786686143,0.222276028404
0.236138727302,0.3220461128,0.340819905219,0.100995254679
0.0467746856982,0.305093112961,0.426519720298,0.221612481043
0.360893598884,0.159016256952,0.128928981853,0.351161162311
0.267822133185,0.238424477091,0.40650504864,0.0872483410839
0.311077866422,0.249364708128,0.283554617241,0.15600280821
0.0917467887572,0.387018925133,0.453960847671,0.067273438439
0.0886484258283,0.594791012944,0.114703723033,0.201856838195
0.234907473674,0.321944091239,0.257034888192,0.186113546895
0.381587218264,0.109268069067,0.338609150091,0.170535562577
0.463779296654,0.243257946556,0.00442874400051,0.288534012789
0.2453687734,0.301504098713,0.161520715278,0.291606412609
0.265769250393,0.0103299961957,0.355280850674,0.368619902737
0.230375307834,0.25185221894,0.151546842581,0.366225630645
0.533727051765,0.235303852997,0.135418432005,0.0955506632332
0.30652552202,0.273944869883,0.162822015434,0.256707592663
0.313257819146,0.362909988198,0.066209320043,0.257622872613
0.21053696139,0.289679179392,0.191283138184,0.308500721033
0.161110589693,0.254191979347,0.278582765519,0.306114665441
0.46068213984,0.0341231254346,0.411002279501,0.094192455224
0.492861172555,0.154014525373,0.0593154967835,0.293808805289
0.347660639944,0.119951541303,0.178713869105,0.353673949648
0.25880770018,0.122764692038,0.175277211945,0.443150395837
0.295138394897,0.261398637762,0.146803608902,0.296659358438
0.339556637624,0.283309390685,0.142052120803,0.235081850889
0.293144475119,0.0730819925719,0.0117132416148,0.622060290694
0.623241773351,0.295288424192,0.0314564278963,0.0500133745607
0.336626407937,0.249870497443,0.264741798347,0.148761296273
0.273791778203,0.211880775839,0.28680272721,0.227524718748
0.258008601412,0.292289023524,0.166153195849,0.283549179214
0.264773639295,0.222177407931,0.331467190153,0.181581762622
0.296255160142,0.278819346501,0.274402719136,0.150522774221
0.341261870938,0.246710316064,0.331394147564,0.0806336654345
0.226964704026,0.315872067034,0.249808314181,0.207354914758
0.27504738159,0.110625263855,0.371718469373,0.242608885181
0.377638132023,0.0202927176918,0.27037167796,0.331697472325
0.0996522101022,0.167040926886,0.317916335683,0.415390527329
0.121909635596,0.420427662369,0.0476242176492,0.410038484386
0.0105435899164,0.191598800463,0.420024214929,0.377833394691
0.261847574564,0.296010405718,0.216085523282,0.226056496436
0.384804978563,0.296998910799,0.310286770059,0.00790934057868
0.219400800809,0.102654125659,0.349533474186,0.328411599345
0.2793439765,0.232927360539,0.481187564545,0.00654109841616
0.0514873229957,0.494123543351,0.273997915192,0.180391218461
0.0402260551045,0.215309549524,0.557388444863,0.187075950508
0.0241615102299,0.410600068208,0.184714225265,0.380524196297
0.217695162557,0.272435829085,0.261110202314,0.248758806044
0.0324892307063,0.382243029733,0.183156416596,0.402111322965
0.256486231628,0.0984730056153,0.253276887612,0.391763875145