0.137495374963,0.493200835903,0.135690936586,0.233612852548
0.225927706234,0.546433000242,0.0126412475392,0.214998045985
0.307867188008,0.056163947443,0.465082932005,0.170885932544
0.316237033599,0.0261205247794,0.573394454627,0.0842479869945
0.167770345826,0.113052851238,0.482684412012,0.236492390924
0.385699195207,0.404595623112,0.0976279422018,0.11207723948
0.232968544877,0.375262492626,0.133684464687,0.25808449781
0.132234381219,0.286025011446,0.211469239211,0.370271368124
0.376610420191,0.17646116176,0.18915950428,0.257768913769
0.217466156137,0.116481497761,0.333876514187,0.332175831914
0.283206940401,0.507238228493,0.183414351725,0.0261404793809
0.391860374444,0.156085643004,0.163191097551,0.288862885
0.459299742015,0.185093860883,0.218231805239,0.137374591863
0.217952849819,0.330658303512,0.111697242922,0.339691603747
0.451040643519,0.252964036497,0.208348427015,0.087646892969
0.129397932401,0.493447813075,0.0686394838529,0.308514770671
0.284417114252,0.267566746704,0.17128078966,0.276735349384
0.279718758067,0.0711347707398,0.26798633101,0.381160140183
0.560295823398,0.0328938353073,0.00664643379231,0.400163907503
0.297297191977,0.342272571123,0.0408356964816,0.319594540418
0.242612164154,0.268699003758,0.147842342883,0.340846489205
0.0844365203792,0.484257070187,0.11620316669,0.315103242744
0.546429209464,0.0641740029454,0.332484106459,0.0569126811314
0.289462918158,0.154496689018,0.170291676966,0.385748715859
0.196527671327,0.689487066962,0.073645053158,0.0403402085532
0.315276287769,0.103758208893,0.14519384362,0.435771659717
0.297253675706,0.273734014069,0.362310839525,0.0667014707004
0.316695328363,0.0123192200173,0.304855642553,0.366129809067
0.428356572823,0.334645558346,0.0784421417211,0.15855572711
0.0802114070062,0.350076797946,0.291752962939,0.277958832109
0.132082687639,0.28571962468,0.217091462588,0.365106225093
0.287714486889,0.456785040517,0.14047992848,0.115020544114
0.184479224299,0.15633658675,0.112488648393,0.546695540558
0.135646028042,0.321299020076,0.416348232345,0.126706719537
0.349978212058,0.356780074464,0.225930741226,0.0673109722509
0.108370961276,0.230216462361,0.333017583222,0.328394993141
0.0896973212876,0.144646014624,0.19455789927,0.571098764818
0.336647991144,0.0109866975583,0.100310432364,0.552054878934
0.26405105281,0.0195090036342,0.461931621876,0.25450832168
0.485529852417,0.201089735745,0.241216324026,0.0721640878123
0.293962136334,0.167224562029,0.297297262185,0.241516039452
0.105238445958,0.192426440717,0.26647201162,0.435863101705
0.104047382398,0.0884024161784,0.314091931612,0.493458269811
0.192618666388,0.235968819311,0.401547993735,0.169864520566
0.279589914879,0.0552190221637,0.362103846299,0.303087216659
0.564558432365,0.105913849649,0.0764645025302,0.253063215456
0.313929546001,0.110237582075,0.302219305745,0.273613566179
0.10937672971,0.0771439152808,0.421319228312,0.392160126698
0.105258228979,0.229364078949,0.443118584684,0.222259107387
0.214233979286,0.204028129921,0.289120602926,0.292617287867
0.201459276484,0.348251508071,0.257747667978,0.192541547467
0.10517116757,0.300758782404,0.572853953082,0.0212160969437
0.117867947051,0.348437658261,0.187019388383,0.346675006305
0.242656273248,0.238245464249,0.242684714747,0.276413547756
0.0300602479503,0.399148272881,0.295271239075,0.275520240094
0.0212396929984,0.487720909723,0.270493654046,0.220545743233
0.592824079767,0.0959452839189,0.131854211165,0.179376425149
0.176875378695,0.195686364073,0.300827663293,0.32661059394
0.304435125667,0.314245391868,0.283489479932,0.0978300025335
0.146812704461,0.284406979694,0.31661674926,0.252163566585
0.634668076757,0.0301966200041,0.0305438277961,0.304591475443
0.199806961239,0.302962787765,0.405669450264,0.0915608007328
0.156600261021,0.329642771531,0.308046752639,0.205710214808
0.149952236061,0.347401934876,0.123842938164,0.378802890898
0.13475490242,0.205043479107,0.271711263735,0.388490354738
0.173677584543,0.234194544216,0.300689334706,0.291438536535
0.0513103138193,0.446777501681,0.0545293964906,0.447382788009
0.157622114175,0.322608295119,0.304149619842,0.215619970864
0.478841553912,0.0658812028867,0.229620257307,0.225656985894
0.441726460647,0.263906543938,0.169889839184,0.124477156231
0.253729631527,0.24338836587,0.199559407462,0.303322595141
0.320198154315,0.0356478666889,0.112755528568,0.531398450428
0.35090134804,0.170347402801,0.11322933718,0.365521911979
0.185049332062,0.317832772389,0.117504901646,0.379612993903
0.302847576966,0.191350988895,0.258968863923,0.246832570216
0.234560903707,0.179111342006,0.457885073689,0.128442680597
0.12913510908,0.173243829783,0.331258555755,0.366362505382
0.0472748762245,0.469392532348,0.43165918355,0.0516734078775
0.000959306327289,0.212814459011,0.338531108363,0.447695126299
0.328945489752,0.0459582072768,0.200491460047,0.424604842925
0.0408988140455,0.0690701843245,0.449787653017,0.440243348613
0.284941162375,0.32316619335,0.281369066744,0.110523577531
0.0264940805621,0.434902245136,0.143784907366,0.394818766936
0.228231148846,0.152413161436,0.608897798596,0.0104578911217
0.36200996466,0.306779046738,0.108528790792,0.222682197809
0.35974702726,0.320936919591,0.227698683365,0.0916173697838
0.104720477834,0.433963801123,0.213740601045,0.247575119999
0.0387073288337,0.141978571703,0.429378652884,0.389935446579
0.363061490692,0.0500210476062,0.129683548225,0.457233913477
0.0528616816579,0.319877455342,0.120503759607,0.506757103393
0.176953850962,0.363938879094,0.218057175026,0.241050094918
0.213736931237,0.459513369243,0.118645056681,0.208104642839
0.236832316288,0.292609793457,0.264968287124,0.20558960313
0.127310384227,0.744135813813,0.0305586952013,0.0979951067582
0.346151327203,0.279297816045,0.202610935887,0.171939920865
0.0701757493368,0.198978016124,0.154578101223,0.576268133317
0.323829405657,0.228634302123,0.252008727614,0.195527564606
0.150017229864,0.388684868745,0.424559448274,0.0367384531162
0.178771195609,0.278432161279,0.529353492968,0.0134431501452
0.157238959295,0.0183788031281,0.354841735785,0.469540501792
0.154037966601,0.0602692914751,0.256493892864,0.529198849059
0.607995453691,0.180469011838,0.120680029409,0.090855505062
0.22351432746,0.125421644314,0.392767213567,0.258296814658
0.260057885129,0.253610714842,0.0976810907239,0.388650309305
0.250675948592,0.152604202024,0.347288359429,0.249431489955
0.440255807128,0.232052300259,0.0796749008783,0.248016991734
0.110718853339,0.379430693139,0.392402085743,0.117448367779
0.333676327972,0.0945447713983,0.347775544305,0.224003356324
0.587463264601,0.0155867739263,0.0209476328592,0.376002328614
0.259076260795,0.0169591976389,0.376418122912,0.347546418653
0.309967873561,0.120779497046,0.234750695375,0.334501934018
0.314812460225,0.0374638463417,0.346656836898,0.301066856535
0.0514039326691,0.223078260102,0.346231068823,0.379286738406
0.0357764678139,0.15178650243,0.36424445138,0.448192578376
0.186223565418,0.401505346896,0.00111939511997,0.411151692565
0.282790459476,0.0541006958376,0.348945970701,0.314162873985
0.403481230579,0.0382957137564,0.126292556057,0.431930499608
0.0742975174495,0.347081575922,0.296338864349,0.282282042279
0.205324449907,0.334613050485,0.281038831475,0.179023668132
0.299851065497,0.156949288526,0.362440965735,0.180758680243
0.381974620181,0.299681824116,0.109959540085,0.208384015617
0.634425761751,0.0239725663363,0.0235603506452,0.318041321268
0.319298324693,0.276475490386,0.227346077533,0.176880107387
0.0121181207154,0.332431480269,0.510649411325,0.14480098769
0.0310415709124,0.0517135166304,0.557433171752,0.359811740705
0.439616102297,0.0719178065905,0.272528826423,0.21593726469
0.134000333253,0.192075527746,0.383523909213,0.290400229787
0.0479437549242,0.1390542624,0.310558265174,0.502443717502
0.0742992987356,0.265815714076,0.279061612671,0.380823374517
0.317355875241,0.111724678016,0.332751598586,0.238167848157
0.207746327206,0.422522203663,0.288834408983,0.0808970601479
0.0607191626166,0.412348864407,0.386354913819,0.140577059157
0.360880459647,0.352884556002,0.163398951717,0.122836032635
0.268261684601,0.131615724544,0.35844424884,0.241678342016
0.515766528156,0.085102842491,0.354329225106,0.0448014042466
0.471303339768,0.186723852788,0.284051326106,0.0579214813378
0.224907005223,0.0580239976026,0.305221517564,0.411847479611
0.542822897028,0.153671302162,0.155224750757,0.148281050052
0.189208749519,0.478004982313,0.125742718536,0.207043549632
0.280034366157,0.353372096939,0.329601193643,0.0369923432602
0.254712842719,0.314819116616,0.253961641304,0.176506399361
0.335417855624,0.339861552366,0.31829963568,0.00642095632971
0.0124011187961,0.244621266679,0.282722957226,0.460254657299
0.473787092698,0.134275052101,0.147112542749,0.244825312452
0.0784218690891,0.279199142462,0.314069641828,0.328309346621
0.164513095578,0.229721181719,0.16634989631,0.439415826393
0.409195509006,0.127751293396,0.0397497857833,0.423303411815
0.151457844255,0.34416359005,0.224364388879,0.280014176816
0.376429941433,0.382272263004,0.215400014236,0.0258977813272
0.331115289284,0.220504349427,0.33477231853,0.113608042759
0.304668621723,0.375983513762,0.00818791568507,0.311159948831
0.134863023571,0.313285501502,0.265824298921,0.286027176006
0.210385779871,0.251936465174,0.287228930681,0.250448824274
0.390549827656,0.0718510863619,0.363470357091,0.174128728891
0.505355847217,0.262796581374,0.199296993316,0.0325505780935
0.312046546717,0.439591583278,0.191695856108,0.0566660138965
0.238832041769,0.126684019988,0.415515089716,0.218968848526
0.305733092155,0.334370695271,0.277381056396,0.0825151561783
0.305339957711,0.274133352798,0.0076827298719,0.412843959619
0.278765501706,0.118296347842,0.132722571742,0.47021557871
0.104707774006,0.476074975746,0.0349523516225,0.384264898625
0.584086788009,0.157454921659,0.0405883351714,0.217869955161
0.332834763942,0.267921081973,0.301227279055,0.0980168750301
0.112491692924,0.554334083572,0.306929593056,0.0262446304485
0.130109756228,0.175061343002,0.331891979129,0.362936921641
0.301830283091,0.0349483538981,0.368557135851,0.29466422716
0.423555897865,0.407706280214,0.0772398886705,0.0914979332506
0.290672570157,0.216887580935,0.235982082753,0.256457766155
0.0565796919241,0.20296177771,0.437803880611,0.302654649754
0.348909954422,0.0974477581303,0.291055722468,0.26258656498
0.368536501016,0.204739025142,0.0867450735818,0.33997940026
0.350189204104,0.0525144298858,0.462540762927,0.134755603083
0.378518337971,0.0232464746032,0.242943722549,0.355291464878
0.373164183748,0.209344416636,0.29378974739,0.123701652227
0.00891988570145,0.352198331657,0.365403018812,0.27347876383
0.159695393275,0.29869287651,0.262549966111,0.279061764105
0.27901195974,0.271688634084,0.216745500944,0.232553905233
0.500548662785,0.28180379894,0.0489304932352,0.168717045039
0.26978682826,0.249400803478,0.128693063101,0.352119305161
0.0542273721652,0.0946596993309,0.446470960212,0.404641968292
0.363497442122,0.235903895524,0.332986218208,0.0676124441462
0.037729522292,0.494886280076,0.223242191872,0.24414200576
0.374796517401,0.22968588164,0.307810324374,0.0877072765842
0.0172543591196,0.191888146237,0.604702005662,0.186155488981
0.562528713653,0.16722516324,0.233248771748,0.0369973513594
0.321315467954,0.257236021537,0.231463531151,0.189984979358
0.187996679521,0.219352334933,0.360404632098,0.232246353449
0.457373236005,0.0146039054222,0.479848949348,0.0481739092251
0.0968271195449,0.228440791802,0.289257208106,0.385474880548
0.415992518282,0.334754857762,0.0995513840692,0.149701239887
0.157484542397,0.148564375134,0.164176969663,0.529774112806
0.298842296188,0.276004084914,0.416336102943,0.00881751595506
0.208406136658,0.16952142457,0.315535267988,0.306537170784
0.326162894941,0.301152826149,0.0559241842395,0.31676009467
0.28217877468,0.190117809207,0.508155606377,0.0195478097355
0.210148689126,0.177247699375,0.609966722209,0.00263688928968
0.452418616234,0.487082300464,0.00231425948874,0.0581848238133
0.198424929388,0.328419419267,0.436978876596,0.0361767747504
0.131775497791,0.36346308541,0.135633025716,0.369128391082
0.298919722069,0.31683211807,0.0263415198941,0.357906639967