0.0547276968228,0.19208417374,0.302732068513,0.450456060924
0.010290017384,0.421100177015,0.435593731351,0.13301607425
0.29439607987,0.516262273912,0.158828884478,0.0305127617405
0.259625490715,0.113940285818,0.294990511111,0.331443712356
0.0112828492683,0.286145789116,0.579687447539,0.122883914078
0.439028871854,0.448726684418,0.0688514033064,0.043393040422
0.287552472277,0.25246644325,0.436827281746,0.023153802727
0.294350992147,0.236596118519,0.0335230999574,0.435529789377
0.17157798175,0.0363838974371,0.466130571191,0.325907549622
0.121621994135,0.122533134579,0.377570040094,0.378274831192
0.434218071397,0.367304756808,0.0540293205696,0.144447851225
0.180533415861,0.406271523362,0.0134358384021,0.399759222375
0.122611936919,0.0567824278673,0.455697249573,0.364908385641
0.194707298912,0.0624017045923,0.277271392331,0.465619604164
0.116429255018,0.221099804353,0.325652386671,0.336818553959
0.0662030926135,0.187457742889,0.411827646431,0.334511518066
0.262709216158,0.341751586025,0.250156570423,0.145382627394
0.252808719268,0.0720141159768,0.256175389617,0.419001775138
0.144025032823,0.381607026636,0.0293683272108,0.44499961333
0.253386934439,0.2378022708,0.382854932353,0.125955862408
0.308842337631,0.276625932835,0.0871539587914,0.327377770743
0.806869846076,0.0190163981022,0.078324177154,0.0957895786681
0.313274268612,0.193729365795,0.281552988291,0.211443377302
0.257568182114,0.410853527954,0.282600908874,0.0489773810575
0.233057951817,0.177912739013,0.2838944838,0.30513482537
0.26313750403,0.43001564665,0.177268716298,0.129578133022
0.363510662605,0.0750914087125,0.31794918605,0.243448742633
0.469921266675,0.025838931148,0.202749715524,0.301490086652
0.259346930123,0.291534908197,0.395761343464,0.0533568182166
0.305570860239,0.184186465837,0.0824523071141,0.42779036681
0.374536199149,0.121334063539,0.231326683328,0.272803053983
0.280594234834,0.29125396922,0.160308161783,0.267843634164
0.164459915961,0.498959226961,0.129333889396,0.207246967683
0.317528281764,0.0869996797478,0.332730483013,0.262741555475
0.00157634099955,0.374119684946,0.0226168738833,0.601687100172
0.393663405017,0.0168082435195,0.30475109891,0.284777252554
0.11553124871,0.43346387126,0.216769764284,0.234235115745
0.202139982621,0.331157630473,0.116563808426,0.35013857848
0.347147685985,0.0789125202288,0.463148928174,0.110790865612
0.1795385182,0.28354893454,0.14546580563,0.39144674163
0.236931491774,0.280685943031,0.121281729284,0.36110083591
0.287628502134,0.471996017384,0.158360390532,0.0820150899501
0.0644990583974,0.374103328998,0.397657082231,0.163740530373
0.0580352964888,0.296485897504,0.317083963802,0.328394842205
0.196095397423,0.17754858237,0.192289749538,0.434066270669
0.349523479629,0.0413569780161,0.259960795693,0.349158746662
0.341313722668,0.0467858352651,0.297581768542,0.314318673525
0.0897294326411,0.28730292795,0.222966284324,0.400001355086
0.494187094409,0.0633455411413,0.412564312214,0.0299030522366
0.426052753575,0.0706365385547,0.287883155328,0.215427552542
0.0961530218457,0.483841652605,0.0380875574245,0.381917768125
0.337036321005,0.0621413235807,0.392020060461,0.208802294953
0.159655261034,0.27656914851,0.0722582383051,0.491517352151
0.200910810998,0.262228647051,0.266911310899,0.269949231052
0.264531833214,0.24132020032,0.175887204428,0.318260762038
0.213148347125,0.0814834702343,0.372982762598,0.332385420042
0.214465204444,0.257515050356,0.416279781895,0.111739963305
0.338599878905,0.33295282537,0.0927381229228,0.235709172802
0.041744301915,0.363121698718,0.169665484234,0.425468515132
0.093236386727,0.226765937398,0.129848856488,0.550148819387
0.361512970322,0.0368775226142,0.399926360839,0.201683146225
0.0723359625702,0.1622385013,0.404498626785,0.360926909345
0.156281037055,0.226997141514,0.315091671832,0.301630149599
0.244997587501,0.358113491577,0.149328866016,0.247560054907
0.0922282097571,0.555696427988,0.0293276900907,0.322747672164
0.0436341213438,0.344836481511,0.147839224063,0.463690173082
0.378520963595,0.185197647971,0.139402383744,0.29687900469
0.337767168886,0.061711247093,0.30831539534,0.292206188681
0.36665211174,0.307546487685,0.0202626975037,0.305538703071
0.341227883258,0.405496472215,0.0651222616713,0.188153382856
0.0284097856458,0.341369413909,0.320221103697,0.309999696748
0.478537089763,0.287245522933,0.0569856005198,0.177231786784
0.189788082891,0.525098226876,0.00867072419537,0.276442966038
0.258930072214,0.359643404134,0.354755878307,0.0266706453448
0.103705741809,0.439327877375,0.0377923486116,0.419174032204
0.333130378601,0.091000557133,0.393980988682,0.181888075585
0.227744163218,0.463481976107,0.261185350547,0.0475885101286
0.316372106537,0.176795675784,0.279315589671,0.227516628008
0.389768781626,0.204002506388,0.167076949305,0.239151762681
0.138359225273,0.049901389584,0.350069590485,0.461669794657
0.38499084605,0.21277342,0.0391430048731,0.363092729078
0.43787194441,0.264036561508,0.225471725835,0.0726197682468
0.147883271728,0.0584500859304,0.095197229741,0.6984694126
0.288727600348,0.15345142048,0.283277995228,0.274542983944
0.114075612422,0.321013626395,0.186179331463,0.378731429721
0.20753711927,0.0577321453532,0.466774641045,0.267956094332
0.388832092612,0.100848057693,0.318051576609,0.192268273087
0.069343879722,0.46032866847,0.351846222981,0.118481228827
0.250724352586,0.224917158544,0.23764644319,0.286712045679
0.0937361048903,0.206803143162,0.335691797967,0.363768953981
0.085392873272,0.239697408392,0.461377773431,0.213531944904
0.19385003559,0.363927791604,0.1056549047,0.336567268105
0.163647367204,0.0584288499319,0.478773033444,0.299150749421
0.259925994067,0.0941371912202,0.2995816752,0.346355139513
0.426515837456,0.435797902991,0.0213879365873,0.116298322966
0.410299597312,0.229156383842,0.0551888892245,0.305355129621
0.254754114414,0.0656868614438,0.426471111557,0.253087912585
0.317162552153,0.204347291048,0.310261819298,0.1682283375
0.0927594309994,0.169917705415,0.239847454082,0.497475409503
0.217992208454,0.261020268934,0.157885642888,0.363101879724
0.248809457753,0.355203545732,0.044107154854,0.351879841662
0.198110923687,0.314306464309,0.280834834679,0.206747777325
0.371810310629,0.0836527698512,0.299929543986,0.244607375534
0.271847523233,0.262877418737,0.150804815603,0.314470242427
0.218775675044,0.281056749902,0.397932802367,0.102234772687
0.045861861787,0.325092250819,0.15565532377,0.473390563623
0.0143083808828,0.429039143928,0.11974604447,0.436906430719
0.179542106762,0.396704792275,0.342159496038,0.0815936049251
0.29364046514,0.324826551312,0.142974426957,0.238558556591
0.416978468468,0.147444618195,0.39241820352,0.0431587098164
0.055790607369,0.300694223041,0.0707673189521,0.572747850638
0.229508438379,0.536474911149,0.191110581638,0.0429060688339
0.222773838379,0.405650877165,0.184062013456,0.187513271
0.407252101749,0.132735009804,0.179847785759,0.280165102688
0.207865174705,0.351051401554,0.331919714524,0.109163709217
0.369180594404,0.350371998863,0.09005019014,0.190397216594
0.255945850719,0.168593817482,0.285365117901,0.290095213898
0.32520728567,0.153252965446,0.211399665325,0.310140083559
0.182733708462,0.244047979462,0.0807413347728,0.492476977304
0.239546626978,0.200411588524,0.052408021471,0.507633763027
0.380322342934,0.0286360069464,0.386953610283,0.204088039837
0.0802018571102,0.109301266663,0.611049292821,0.199447583406
0.151769503502,0.267057654584,0.160307333587,0.420865508327
0.0692609969455,0.256579118552,0.338723888893,0.335435995609
0.264984256615,0.264463330768,0.421610624182,0.0489417884356
0.333115626127,0.282392293556,0.0362498865454,0.348242193771
0.296754377013,0.0614683627266,0.466071425431,0.175705834829
0.497253841956,0.218694806281,0.257853913204,0.026197438559
0.416372416193,0.144279166107,0.426363745791,0.012984671909
0.310007735457,0.354630418313,0.0259917539326,0.309370092297
0.00936578211631,0.425772382555,0.290463913291,0.274397922038
0.383068814677,0.212659835082,0.0737066362487,0.330564713992
0.305118303165,0.145716744883,0.0969081024691,0.452256849483
0.667128634813,0.198302978589,0.069835297711,0.0647330888868
0.337003961619,0.242572656708,0.0763653216192,0.344058060054
0.461456165567,0.186468791659,0.0781405094385,0.273934533336
0.43122718054,0.0696334368139,0.240615849749,0.258523532897
0.146737531626,0.345674335344,0.383749150415,0.123838982615
0.386851235376,0.117608584078,0.0244063660169,0.471133814529
0.385088533719,0.254840252465,0.00709984068544,0.352971373131
0.213674693283,0.23289562361,0.366720271128,0.18670941198
0.0968995219019,0.209158332037,0.1729670246,0.520975121461
0.165456450932,0.179099742429,0.257700660108,0.39774314653
0.263631762473,0.695269735938,0.0280163119111,0.013082189677
0.21032062552,0.283716006517,0.194818721932,0.311144646031
0.263109462061,0.150355828668,0.203954232615,0.382580476657
0.0136450602531,0.147923658672,0.425593387002,0.412837894073
0.415103468781,0.0148771612905,0.139995664189,0.430023705739
0.389146249843,0.105895909145,0.141020580769,0.363937260244
0.451186648739,0.0877595617583,0.238365393344,0.222688396158
0.342025017522,0.400131429406,0.217705522555,0.0401380305165
0.542144040341,0.0626968998191,0.165460518933,0.229698540906
0.0125495256955,0.134361337554,0.629728441422,0.223360695329
0.301006602422,0.297317998241,0.291601943423,0.110073455914
0.17975634006,0.076422880405,0.408147810866,0.335672968669
0.339215858387,0.249766342602,0.044358740485,0.366659058526
0.365189096622,0.289898220382,0.237200147959,0.107712535038
0.320811039379,0.248348312553,0.113428215347,0.31741243272
0.0173863519206,0.0540992538367,0.33757117778,0.590943216463
0.186828246113,0.21875501727,0.272407957735,0.322008778883
0.198902561786,0.186584093863,0.363011803894,0.251501540457
0.202598252426,0.072539954656,0.66481746745,0.0600443254686
0.314882692984,0.474961915244,0.195555786362,0.01459960541
0.361826853391,0.309909096979,0.118687334803,0.209576714827
0.322573624573,0.581322261581,0.0348023631401,0.061301750706
0.566267718254,0.0322388731414,0.189578378512,0.211915030093
0.0431689772706,0.217326235075,0.548683270346,0.190821517309
0.24647482234,0.26910209419,0.154540798587,0.329882284883
0.426815244705,0.0642101784087,0.0599435528731,0.449031024013
0.251666188165,0.162898201535,0.288989764891,0.296445845409
0.214272653689,0.301151630856,0.430595576082,0.0539801393734
0.482124163558,0.1240393354,0.1152754479,0.278561053142
0.178667778949,0.17759719971,0.349841198237,0.293893823103
0.148463058217,0.562749747942,0.157555241101,0.131231952741
0.246193708869,0.224513019282,0.267702755624,0.261590516225
0.398159733231,0.149835603397,0.127296317467,0.324708345905
0.355308324838,0.273532487703,0.107311417264,0.263847770196
0.118378503079,0.00585770257686,0.456739841515,0.419023952828
0.181787286355,0.326513898797,0.221697527315,0.270001287532
0.0284300780342,0.469991637005,0.235188874759,0.266389410202
0.160672506624,0.292247185747,0.325091887288,0.221988420341
0.452193274115,0.186964806292,0.193710336367,0.167131583226
0.209705464084,0.41890557959,0.34009544312,0.0312935132072
0.224339371059,0.565507410575,0.131080231089,0.0790729872777
0.161371670822,0.151320263183,0.503285225805,0.18402284019
0.233785832045,0.182155078865,0.0966369608186,0.487422128271
0.0255940171238,0.578467784493,0.123523694114,0.272414504269
0.501221545424,0.19217183708,0.273120810156,0.033485807341
0.265725926809,0.154784617233,0.277277817963,0.302211637995
0.337211932447,0.325992587163,0.166413845165,0.170381635225
0.0501580957224,0.397304443468,0.347582119271,0.204955341539
0.000721496874139,0.452200980771,0.475347495835,0.0717300265194
0.462742827599,0.257914480719,0.173070069989,0.106272621694
0.106836872891,0.156128947897,0.430259779141,0.306774400072
0.450920573228,0.0195449242555,0.173359307733,0.356175194784
0.604690555283,0.0401689799435,0.215480233271,0.139660231502
0.34860053264,0.120576715531,0.201166024066,0.329656727763
0.0330227336483,0.440947970582,0.422252873994,0.103776421776
0.229424610494,0.291024739161,0.276788268029,0.202762382316
0.401847346854,0.0200559554134,0.318160128401,0.259936569332