0.378701238803,0.384150495785,0.130189287915,0.106958977497
0.278298124723,0.226716574743,0.464802281716,0.0301830188187
0.309327207099,0.282381495271,0.25356122754,0.154730070089
0.368305555884,0.579396616272,0.00189449338912,0.0504033344549
0.0570406184768,0.283167607412,0.239408097825,0.420383676286
0.0628549436256,0.0955283524387,0.749407966301,0.0922087376343
0.183537919415,0.033870611279,0.378804286184,0.403787183122
0.484987430075,0.162764614101,0.183583750417,0.168664205407
0.50831913303,0.00624744811801,0.197389708912,0.28804370994
0.15632627479,0.323671134762,0.26278617809,0.257216412358
0.19783628349,0.282163549683,0.376078437812,0.143921729014
0.11133362227,0.23184437711,0.336190437894,0.320631562726
0.162273611832,0.204217492065,0.113794187837,0.519714708266
0.112597004366,0.51986311025,0.258344502792,0.109195382593
0.236176782963,0.256905756563,0.340472627708,0.166444832766
0.0377147699481,0.515768149985,0.363756383943,0.0827606961237
0.540865785822,0.355788484634,0.0487213896639,0.05462433988
0.00843772553625,0.283758145178,0.193031088172,0.514773041114
0.267988693819,0.0573881084632,0.533883002525,0.140740195193
0.521529018139,0.0195091070192,0.333043374477,0.125918500365
0.277075445846,0.119436639863,0.211821755412,0.391666158879
0.116241031546,0.15572033415,0.554168268464,0.17387036584
0.334255321145,0.493316946841,0.0366400361898,0.135787695824
0.132524180566,0.427933404757,0.0191909846589,0.420351430018
0.0449534690298,0.197128729664,0.373836777331,0.384081023975
0.322164199395,0.275396085532,0.123705991278,0.278733723795
0.162259509654,0.30299393583,0.00841899772689,0.52632755679
0.248545659794,0.108911247652,0.402601907972,0.239941184582
0.124097624636,0.256413962916,0.28823193747,0.331256474978
0.110439324615,0.067197039355,0.323891404973,0.498472231058
0.228926892629,0.325974414737,0.344587282861,0.100511409773
0.0328908935567,0.281255386715,0.327269020935,0.358584698793
0.20084214848,0.129831035112,0.322425388662,0.346901427747
0.418868657276,0.371364686939,0.164935621435,0.0448310343507
0.254589036193,0.180267857736,0.204237080437,0.360906025635
0.230846544182,0.264742922945,0.260318012553,0.244092520319
0.516325481607,0.284436228573,0.0954912888023,0.103747001018
0.187378693407,0.223417686916,0.356546148133,0.232657471544
0.070355293942,0.516711569978,0.0153583599554,0.397574776124
0.224503972908,0.0151739728827,0.329165539417,0.431156514793
0.382212888905,0.203522044917,0.0102462502731,0.404018815906
0.344816511402,0.236260304653,0.292375066682,0.126548117262
0.0473508128585,0.494165712518,0.396774928459,0.0617085461642
0.0056492854152,0.59557922517,0.392177086338,0.00659440307649
0.188084619859,0.191692168357,0.24474600682,0.375477204964
0.0526503108466,0.359134292519,0.367153665507,0.221061731128
0.0719454112662,0.191365681578,0.431631562621,0.305057344535
0.105220478822,0.273407654131,0.176669231965,0.444702635083
0.352310180109,0.222902632255,0.000556997469456,0.424230190166
0.0415812870524,0.469547328334,0.077818343737,0.411053040877
0.387980750382,0.31654427223,0.140286467089,0.155188510299
0.0288487281534,0.639005325617,0.198229357702,0.133916588528
0.158102527343,0.350076443653,0.225193962708,0.266627066296
0.201911888072,0.225913947516,0.236634858404,0.335539306007
0.255218941057,0.358427533443,0.0677448816537,0.318608643847
0.331659992573,0.377368480302,0.23295750494,0.0580140221849
0.0299719007798,0.050468329773,0.449365725292,0.470194044155
0.185251941091,0.310954668652,0.162735490034,0.341057900222
0.367032806198,0.137317742931,0.274901038908,0.220748411962
0.140086308091,0.288993348131,0.271115628151,0.299804715626
0.100613455519,0.295411287039,0.515970757666,0.0880044997756
0.683553901949,0.0748763810354,0.0199934612433,0.221576255772
0.102879212182,0.214474653751,0.31492799247,0.367718141596
0.295430213838,0.148562536385,0.243684848403,0.312322401375
0.0151870250625,0.415113263395,0.474813174232,0.0948865373113
0.341979636837,0.251444427623,0.119581968344,0.286993967196
0.0106115279559,0.496765652528,0.38065965841,0.111963161106
0.0039745162219,0.558563458664,0.154102364428,0.283359660687
0.254571939797,0.292214404209,0.115166792699,0.338046863295
0.298228471494,0.231614924675,0.260015356139,0.210141247692
0.141515949544,0.516673512766,0.278763402978,0.0630471347118
0.0153610648035,0.452133428605,0.149007016521,0.38349849007
0.37032656569,0.147063056866,0.143557422469,0.339052954975
0.411170229513,0.0334687237085,0.339012000517,0.216349046261
0.35804981786,0.40372278929,0.0398431450747,0.198384247776
0.442826950848,0.187984947828,0.0545623770293,0.314625724294
0.035981046888,0.144649516478,0.507781367712,0.311588068922
0.452686654318,0.152776258663,0.140657173436,0.253879913583
0.197735518194,0.37042060551,0.179070370198,0.252773506098
0.184167757427,0.291748966941,0.321942617419,0.202140658213
0.285334692577,0.304555234393,0.403098733458,0.0070113395726
0.143088442869,0.0117953731359,0.475236185297,0.369879998698
0.501285738203,0.037297627107,0.277356167295,0.184060467395
0.325136652957,0.162172669479,0.300354330087,0.212336347477
0.612020579777,0.0104677205326,0.218597219261,0.158914480429
0.336459599422,0.195357871898,0.0910171616025,0.377165367078
0.270166964353,0.282882408777,0.0901313695954,0.356819257275
0.0825841776109,0.451756352935,0.136084621826,0.329574847628
0.344336116281,0.263807975708,0.317704410011,0.0741514980007
0.380690912557,0.234873199209,0.358987703904,0.0254481843293
0.197634976363,0.287537900962,0.336468517125,0.17835860555
0.162505953856,0.269275432975,0.548882528812,0.0193360843572
0.320073352265,0.314368423465,0.229618213499,0.135940010771
0.375635860162,0.313906238684,0.186193038024,0.12426486313
0.253557854918,0.0521565844271,0.342186019,0.352099541656
0.0916357715327,0.319568219188,0.383484462833,0.205311546447
0.0662084944998,0.566282287319,0.222555689342,0.14495352884
0.513731793909,0.258578946065,0.00640181927974,0.221287440747
0.231837023779,0.385435008092,0.0793159422198,0.303412025909
0.203952264267,0.190048188707,0.318689787951,0.287309759074
0.161788262513,0.251996163727,0.299907661353,0.286307912406
0.331759681984,0.332079628658,0.0620964125875,0.274064276771
0.00419758435008,0.143413052043,0.257959649525,0.594429714081
0.292823437949,0.281768498438,0.262801768086,0.162606295527
0.106159986891,0.156775409733,0.521158051951,0.215906551425
0.398293338919,0.277742269847,0.255874074804,0.0680903164302
0.302516914489,0.170064839565,0.325133352509,0.202284893436
0.148868368131,0.0183824285725,0.535138669885,0.297610533411
0.189950863135,0.506483676455,0.14032149505,0.16324396536
0.182933648989,0.109776644571,0.284757626141,0.4225320803
0.435974744282,0.00435649003131,0.353004862393,0.206663903294
0.200868303941,0.42573131313,0.139790197658,0.233610185271
0.265990200949,0.309976308323,0.25537929425,0.168654196477
0.559426184784,0.0195315635868,0.0906540697981,0.330388181831
0.258395414724,0.252711975152,0.19390875556,0.294983854564
0.306062548125,0.0824731596353,0.567446216591,0.044018075649
0.354855696239,0.356569982869,0.109484721492,0.1790895994
0.138135500889,0.379477007628,0.0853674303312,0.397020061151
0.259452037064,0.199056045287,0.340261945236,0.201229972413
0.153549306637,0.466529586739,0.253784420848,0.126136685776
0.192804297179,0.0266577456454,0.393344976399,0.387192980776
0.0750437171405,0.1145464827,0.56095782691,0.249451973249
0.188393972664,0.433272151248,0.250087363947,0.128246512141
0.0115287221139,0.60667196406,0.365045110013,0.0167542038135
0.402967270763,0.302069954161,0.228249549001,0.066713226075
0.176854456278,0.330148589569,0.283062047657,0.209934906497
0.166974697354,0.0512296471546,0.542987547432,0.23880810806
0.0961215203733,0.178021901549,0.235773807253,0.490082770825
0.468123513357,0.0377334132235,0.234977302586,0.259165770834
0.203010946394,0.350658413302,0.111707009073,0.334623631231
0.534516316628,0.158311003476,0.254009136287,0.0531635436087
0.323203954287,0.348652209638,0.289263538172,0.0388802979035
0.367301718694,0.359367832223,0.226461131145,0.0468693179385
0.274899044839,0.209222397436,0.268842825987,0.247035731738
0.0548393304162,0.37537259115,0.539763007175,0.0300250712584
0.159081521093,0.168750985229,0.379014602399,0.293152891279
0.20025274214,0.386310131886,0.0885786927742,0.3248584332
0.232815902046,0.248676086213,0.459150769458,0.059357242284
0.432907133387,0.113951258926,0.174695005601,0.278446602086
0.271267269117,0.131785335457,0.347836585915,0.249110809511
0.0933862148612,0.32997425246,0.250897859365,0.325741673315
0.321739018383,0.348794338939,0.0653911310186,0.26407551166
0.347162826404,0.0587322592766,0.310914655306,0.283190259013
0.0185578365195,0.177419980342,0.676207316372,0.127814866767
0.41931404171,0.156567302742,0.239632701951,0.184485953598
0.305288794762,0.424845292787,0.22810908011,0.0417568323412
0.158766873718,0.103556301789,0.553247597492,0.184429227001
0.337540200224,0.0382944421064,0.0132016879128,0.610963669757
0.329793671211,0.275653503067,0.281414825066,0.113138000656
0.237046795399,0.28167602781,0.313397546479,0.167879630312
0.391496023009,0.227261435241,0.00351792717199,0.377724614578
0.532046092794,0.0670970613619,0.106577483844,0.294279362
0.451204856838,0.209482258154,0.33159540501,0.00771747999809
0.248078025873,0.203883192332,0.466886993889,0.0811517879062
0.163211228645,0.315659912824,0.119754442544,0.401374415987
0.387759840826,0.0296618224254,0.320110888321,0.262467448428
0.25520463174,0.265513475303,0.278336145516,0.200945747441
0.488809576221,0.454997389758,0.0184103932588,0.0377826407623
0.248068785138,0.0558510390739,0.267923533273,0.428156642516
0.40015066941,0.223265686946,0.261744466266,0.114839177379
0.260422887344,0.290956002796,0.198115139598,0.250505970262
0.158630256807,0.164722057479,0.398612344772,0.278035340942
0.274657161473,0.323672488466,0.00859365855684,0.393076691504
0.291263348759,0.325329876337,0.275818596743,0.107588178161
0.202501585981,0.258529809893,0.250977507981,0.287991096145
0.156077191515,0.344431875366,0.412902550344,0.0865883827756
0.291448071999,0.0224208735212,0.26271226292,0.42341879156
0.451619707664,0.34720195872,0.0167219122804,0.184456421335
0.233608208252,0.406299167835,0.0104494915244,0.349643132389
0.301922664612,0.156749938165,0.232156911874,0.309170485348
0.162919520192,0.298263706171,0.29470826147,0.244108512167
0.148577518109,0.449200978092,0.241988693684,0.160232810115
0.0659470890316,0.200729076472,0.328976137482,0.404347697015
0.143413782364,0.388535234923,0.309453286861,0.158597695852
0.393826011085,0.123465755249,0.392771724679,0.0899365089871
0.507500626759,0.336719741606,0.0783953788687,0.0773842527668
0.28017541381,0.257838076209,0.0113356108862,0.450650899095
0.234419115805,0.296424376474,0.21457135869,0.25458514903
0.346768226549,0.312448056001,0.26245648321,0.0783272342396
0.419614737452,0.20588755592,0.359520162388,0.0149775442403
0.0866921987374,0.32591696421,0.311748549174,0.275642287878
0.232842785486,0.138194972801,0.304516072854,0.324446168859
0.0644877963628,0.39341184347,0.299074445473,0.243025914694
0.389514549376,0.217010827332,0.291614172205,0.101860451087
0.025213988295,0.307921990675,0.423546673987,0.243317347043
0.163670347774,0.400956177214,0.157286073326,0.278087401686
0.327321689235,0.162184020737,0.458543583436,0.0519507065923
0.133272285626,0.27351302788,0.312834543966,0.280380142528
0.37518960552,0.0447186221076,0.289272902182,0.29081887019
0.198107521717,0.421543238187,0.00380892406015,0.376540316035
0.0309270439837,0.189587790728,0.387154566886,0.392330598403
0.33756806968,0.127950281534,0.254627944669,0.279853704116
0.192131527369,0.269669022155,0.288233296017,0.249966154459
0.35827559734,0.254100057056,0.280786787486,0.106837558118
0.33495457455,0.338926641293,0.289632994568,0.0364857895884
0.132356236779,0.130313803819,0.313157614218,0.424172345184
0.215867572253,0.483571502139,0.11604150376,0.184519421848
0.300137963189,0.401866709051,0.209432091144,0.0885632366159
0.297974056115,0.118388487373,0.387437861584,0.196199594928
0.351160692659,0.194113883274,0.121144792257,0.333580631809