0.187047047248,0.418527400102,0.342962358498,0.0514631941518
0.0388217736167,0.428141985044,0.199030342847,0.334005898493
0.418565987154,0.304630052,0.142089571414,0.134714389433
0.0591434388377,0.16017450189,0.382269800213,0.39841225906
0.0583739268074,0.40926446185,0.0712924498433,0.461069161499
0.300344630341,0.0637641151153,0.0210555330166,0.614835721527
0.244169170745,0.242145385545,0.228477132071,0.285208311639
0.314397743561,0.389230117741,0.033173818375,0.263198320323
0.260681286854,0.126400232741,0.279835967343,0.333082513062
0.319935765578,0.115473296434,0.207054693025,0.357536244963
0.286022263453,0.155547885915,0.109351574095,0.449078276537
0.12831211044,0.0711011109824,0.384628289817,0.41595848876
0.231033768367,0.333218415889,0.219158244534,0.21658957121
0.219641219832,0.16646730591,0.281617811627,0.33227366263
0.229797317993,0.291123032447,0.120833880163,0.358245769397
0.285855210137,0.216618407948,0.352173503125,0.14535287879
0.252871179322,0.0439470189924,0.157197552032,0.545984249654
0.301176963672,0.269924803186,0.281528456562,0.147369776581
0.0692342343647,0.619850449189,0.164457892124,0.146457424322
0.22612814104,0.341718956418,0.0238618807048,0.408291021837
0.263032061884,0.252797356437,0.260061733112,0.224108848567
0.212904148887,0.404426156048,0.334377090326,0.048292604739
0.261750417757,0.207443064027,0.251469331884,0.279337186332
0.141165049369,0.453643589151,0.195103194232,0.210088167248
0.232288893352,0.310667785409,0.150203723534,0.306839597704
0.267238980073,0.240835023554,0.284121449286,0.207804547086
0.16305832814,0.273716231472,0.353098752983,0.210126687405
0.301656695395,0.314208252653,0.298795527343,0.0853395246092
0.147683822509,0.383892656275,0.0834910252905,0.384932495926
0.212939395862,0.199557853277,0.299576802062,0.287925948799
0.328029611659,0.0438607488166,0.578462585047,0.0496470544775
0.40068104197,0.292218369742,0.189218511441,0.117882076847
0.438521211232,0.469311685998,0.0746596075738,0.0175074951954
0.532939556553,0.202387420006,0.129084238348,0.135588785093
0.422625812577,0.178600430023,0.123140003291,0.275633754109
0.0383821023076,0.656336075397,0.104018088147,0.201263734149
0.3760193774,0.354646492771,0.141019042201,0.128315087628
0.00701547252618,0.314932222389,0.311954201538,0.366098103547
0.288266020735,0.209362897931,0.244552688515,0.257818392818
0.517619742381,0.0651017574885,0.0397302986873,0.377548201444
0.186880592525,0.27809978166,0.141291475427,0.393728150388
0.22101848898,0.322648783963,0.266585335358,0.1897473917
0.326406686091,0.211241304458,0.0609377879348,0.401414221516
0.468822281805,0.0389385233957,0.325369086289,0.16687010851
0.360633674139,0.0756801265708,0.387601035948,0.176085163343
0.569005352128,0.308873412685,0.0940420831994,0.0280791519882
0.275292222874,0.147446712885,0.0386283326828,0.538632731558
0.0868709389779,0.180831343235,0.241846465259,0.490451252528
0.312787062347,0.0268163070047,0.386917213467,0.273479417181
0.10954507703,0.452559151366,0.004319800346,0.433575971258
0.684956126631,0.0705917341998,0.0482228838062,0.196229255363
0.367912302199,0.0786993531728,0.241714471527,0.311673873101
0.366559148776,0.343516681783,0.0918708438628,0.198053325578
0.397678865914,0.0379381311188,0.207868923584,0.356514079383
0.118752706446,0.329345889567,0.208608370207,0.34329303378
0.346452207364,0.470726632598,0.15569567811,0.0271254819274
0.385162266048,0.104305711158,0.0500904010385,0.460441621755
0.0502264691506,0.311190503609,0.567471591406,0.071111435834
0.38475378552,0.165831284874,0.134740238992,0.314674690615
0.24985124067,0.12174378557,0.192651625797,0.435753347964
0.302273238497,0.330745367212,0.0106953206703,0.35628607362
0.31678644991,0.206752219796,0.386144192519,0.0903171377746
0.441146905144,0.0809256137387,0.295777302193,0.182150178924
0.040290582066,0.454287911398,0.239022414525,0.26639909201
0.0365872949494,0.112337955974,0.384394805782,0.466679943295
0.304343504593,0.239888460272,0.101443744245,0.35432429089
0.424641687561,0.487201213761,0.00115845926353,0.0869986394141
0.214212067931,0.18409584865,0.311250537408,0.29044154601
0.18855584757,0.437671470709,0.294746637574,0.0790260441476
0.363223168537,0.331713597312,0.20141302188,0.103650212271
0.246614233199,0.089234596645,0.461597974495,0.202553195661
0.270388231421,0.0954072216029,0.296204992116,0.337999554859
0.288306765702,0.061624939431,0.180811477871,0.469256816995
0.265770255137,0.317013737515,0.219527887088,0.19768812026
0.198964801129,0.230477467094,0.475362241002,0.0951954907748
0.418234376795,0.174998700079,0.119832512486,0.286934410639
0.270948284088,0.28628512281,0.213210407081,0.229556186021
0.273394848976,0.264298394042,0.187894531664,0.274412225317
0.447197300994,0.268099692439,0.250155964855,0.0345470417113
0.125543705418,0.24744612379,0.131376922255,0.495633248537
0.405186356026,0.317762784119,0.15156921007,0.125481649785
0.0323157514031,0.246520250656,0.39663915265,0.324524845291
0.128044129397,0.300284897172,0.30947296044,0.262198012991
0.358173640134,0.183740626947,0.331111427521,0.126974305397
0.293303232587,0.304284535841,0.0918269571532,0.310585274419
0.148915168288,0.376961574675,0.239293616534,0.234829640504
0.153159120894,0.379669590675,0.446763935205,0.020407353226
0.28270489442,0.286094385514,0.101277824609,0.329922895457
0.0950341167538,0.375787843082,0.179886874944,0.349291165221
0.366616996593,0.111209030861,0.351853115424,0.170320857122
0.565664927248,0.0138415517466,0.170950855332,0.249542665673
0.331662494593,0.416837602339,0.199734042294,0.051765860774
0.0985631907536,0.313127558693,0.23467569307,0.353633557483
0.37883350508,0.166189482954,0.0762872706454,0.378689741321
0.272537439128,0.18842165312,0.339390570511,0.199650337241
0.0374732595574,0.536917994482,0.194592842625,0.231015903336
0.43099093858,0.324235702282,0.208251154266,0.0365222048724
0.295123661384,0.0921837821196,0.405463492049,0.207229064448
0.412930861168,0.185317511973,0.305831760037,0.0959198668218
0.0531427328509,0.0300290381585,0.438282710407,0.478545518583
0.0859278217643,0.459634231012,0.278793440184,0.175644507039
0.341922722762,0.145825019956,0.191375676991,0.320876580292
0.334450561643,0.308867538508,0.0967090237153,0.259972876133
0.26343712669,0.180529010117,0.306965056503,0.249068806689
0.225907154823,0.125417704601,0.3085180663,0.340157074276
0.157253931173,0.482646502435,0.183396465879,0.176703100513
0.0469826173524,0.535428083372,0.363891628321,0.0536976709547
0.329178800545,0.335339991539,0.0415222144085,0.293958993507
0.245215001704,0.262715258247,0.380867708414,0.111202031636
0.196779634956,0.236055323469,0.264982860429,0.302182181147
0.300054000168,0.363276188599,0.0811472671639,0.255522544069
0.383260125416,0.130422599407,0.105986988961,0.380330286216
0.270151249439,0.142821744527,0.393095535129,0.193931470905
0.028306003089,0.140204079046,0.796807777195,0.0346821406699
0.0914783773989,0.279350268997,0.343218814886,0.285952538719
0.4281259063,0.00412253309365,0.418808150891,0.148943409715
0.419418852184,0.0997619505879,0.276385465175,0.204433732053
0.298871014717,0.133758396797,0.281047889165,0.286322699321
0.455716248981,0.347164843703,0.0838635439736,0.113255363342
0.485358126273,0.0771494893506,0.329742907797,0.10774947658
0.188185907788,0.212859206449,0.266205750327,0.332749135436
0.176056383698,0.55018124168,0.266232023325,0.00753035129673
0.166838433867,0.299855941142,0.25113347567,0.282172149321
0.143186330144,0.301158075612,0.20254704329,0.353108550954
0.374462525961,0.198056530507,0.124475714045,0.303005229486
0.400335835836,0.0193435235669,0.503917596793,0.0764030438037
0.192867469816,0.563952174956,0.0407106470641,0.202469708164
0.0193903700787,0.820244763093,0.0436763897603,0.116688477069
0.111424030388,0.369592009493,0.27367132636,0.245312633758
0.317577583169,0.303362074685,0.291075533161,0.0879848089852
0.0319484315391,0.320359567669,0.144201457741,0.503490543051
0.35250241696,0.257601651937,0.278261592585,0.111634338517
0.264171949245,0.173601080713,0.314622034851,0.247604935192
0.075092281504,0.356312585068,0.181341768854,0.387253364575
0.158257327587,0.134790683366,0.306376759601,0.400575229446
0.115784250908,0.14664303625,0.352716554737,0.384856158105
0.353324376966,0.321947682943,0.0609594768744,0.263768463217
0.240189641398,0.182428444596,0.303105649929,0.274276264078
0.0967050591222,0.182749559389,0.287446731483,0.433098650006
0.456481192682,0.178432086202,0.256202231276,0.10888448984
0.277848251796,0.281573004122,0.109198546923,0.331380197159
0.189580305021,0.364050275316,0.211601765199,0.234767654464
0.122662202561,0.0138907166091,0.477607148796,0.385839932034
0.330203875319,0.0770736641584,0.328336616649,0.264385843874
0.090577889649,0.342174632933,0.23444676105,0.332800716368
0.27783115661,0.167305325067,0.433380094931,0.121483423392
0.280125235353,0.229977011293,0.254316533084,0.235581220271
0.100887638313,0.134116295549,0.409028280873,0.355967785265
0.331679924702,0.218402204999,0.296825003202,0.153092867097
0.136297564305,0.290607852422,0.219371787794,0.353722795479
0.516508340823,0.262861050513,0.132081429841,0.0885491788236
0.402481924733,0.163895909365,0.0865711360083,0.347051029894
0.302891522408,0.176278726913,0.275082198122,0.245747552557
0.0427284337415,0.487691519027,0.205142388462,0.264437658769
0.0640721239808,0.559997906653,0.269977281604,0.105952687762
0.310494920715,0.138935928477,0.214862476217,0.335706674591
0.35632448096,0.203716578408,0.0780410931246,0.361917847507
0.426595191808,0.00108651514501,0.361777922768,0.210540370278
0.0133517249912,0.102966685827,0.438404806981,0.445276782201
0.519857555744,0.00473797791829,0.353170853514,0.122233612824
0.571477042533,0.0562199182439,0.320978728883,0.0513243103407
0.228405876372,0.221807214271,0.291150160691,0.258636748666
0.350930920431,0.151791173038,0.284640707152,0.212637199379
0.252316936955,0.281893561626,0.344749845914,0.121039655505
0.225875535594,0.280975318463,0.171654684409,0.321494461535
0.133269669632,0.084366750417,0.476079062433,0.306284517518
0.254154954654,0.500148625594,0.032506958187,0.213189461564
0.290080714998,0.16608780336,0.249768275693,0.294063205949
0.197067325966,0.262615273502,0.127666646397,0.412650754135
0.230643449499,0.0146342148995,0.401856695001,0.3528656406
0.256468947461,0.200395568722,0.319140415309,0.223995068508
0.125886687486,0.0309445670095,0.264703932321,0.578464813183
0.216617982039,0.157445457074,0.359338183705,0.266598377182
0.34171242918,0.321594736471,0.263329678114,0.0733631562359
0.397819419126,0.0181098366015,0.483902275195,0.100168469077
0.251317126175,0.346881554696,0.156052704263,0.245748614867
0.162619093321,0.148134693909,0.375921496425,0.313324716345
0.255028931537,0.0887411893703,0.56530848485,0.0909213942432
0.342973624998,0.528973698359,0.0286436243864,0.099409052257
0.109751465832,0.338167619503,0.259525678192,0.292555236473
0.274781937802,0.227921382193,0.29551767815,0.201779001855
0.321699073772,0.32684172116,0.0418211662627,0.309638038805
0.245170706853,0.259088604484,0.284210024731,0.211530663931
0.103206947286,0.0195120266497,0.45910005176,0.418180974304
0.230880866081,0.180925259004,0.40141614033,0.186777734585
0.00372136038398,0.297842323276,0.204268379433,0.494167936908
0.31884527398,0.205328777618,0.436161747192,0.0396642012103
0.0648059881285,0.212229683715,0.671722424181,0.0512419039751
0.290745264946,0.121792185738,0.288691605625,0.298770943691
0.200630419458,0.0310203221715,0.570582787455,0.197766470916
0.00148068808881,0.30886433121,0.549971946792,0.139683033909
0.204800153914,0.256606809304,0.325504040312,0.213088996469
0.402018825835,0.123086330719,0.262172183057,0.212722660389
0.259427664706,0.332785174761,0.103762028094,0.304025132439
0.238920723654,0.405872999861,0.063367634939,0.291838641546
0.343513539138,0.30408633684,0.279110038157,0.0732900858645
0.304557374113,0.325245825162,0.354221712719,0.0159750880055
0.207205863531,0.222519787859,0.2632660448,0.30700830381
0.24692104701,0.139895624597,0.298869655614,0.314313672778
0.199342598354,0.390219609125,0.0682935562005,0.342144236321