0.0480007477374,0.0772185494491,0.587616488156,0.287164214657
0.173219321787,0.326577719005,0.173986447589,0.32621651162
0.284314918452,0.351295124015,0.191170621853,0.17321933568
0.274267763078,0.190938973302,0.12632470879,0.408468554829
0.165119443312,0.143454503159,0.370798427366,0.320627626163
0.212479298015,0.205018564293,0.360259743943,0.222242393749
0.284559802638,0.379119495705,0.271619169879,0.0647015317784
0.222597757335,0.322310293121,0.248976405345,0.2061155442
0.0533976984571,0.460129255641,0.0164362331926,0.470036812709
0.0542180236675,0.0238278385864,0.500980223345,0.420973914401
0.27476970341,0.420591345132,0.105150735117,0.199488216341
0.485131742007,0.0336846659504,0.100936329501,0.380247262542
0.209047188309,0.15927617309,0.319696744515,0.311979894086
0.186395057615,0.278317919196,0.108720825023,0.426566198166
0.329249002588,0.31323332131,0.306250061353,0.0512676147501
0.0136557051605,0.891921484058,0.0794868951947,0.0149359155873
0.228179642167,0.190618429018,0.449577462454,0.131624466361
0.232237318976,0.305442329259,0.453256879956,0.00906347180893
0.38340454592,0.280294899124,0.234430246076,0.10187030888
0.309427944407,0.236420289077,0.295111293615,0.159040472902
0.122054753674,0.206113482814,0.326741014108,0.345090749405
0.292903860207,0.0705048836162,0.385778836879,0.250812419298
0.0504424312822,0.251288482327,0.287045896201,0.411223190189
0.102442709535,0.357318946533,0.137493803823,0.402744540109
0.433127016831,0.193792651679,0.0903931195722,0.282687211918
0.0705169007998,0.417525132294,0.33713021881,0.174827748096
0.0776052337396,0.291324320334,0.256025400652,0.375045045275
0.21406155658,0.364397194962,0.277949446319,0.143591802139
0.267979407671,0.398133524502,0.285793347234,0.0480937205931
0.228286406525,0.339826586776,0.39470064263,0.0371863640688
0.301127424909,0.269368303741,0.259340259657,0.170164011693
0.0632656945776,0.414835095041,0.125993562802,0.395905647579
0.442310574566,0.0354596619372,0.306562616387,0.21566714711
0.128919947036,0.36085316855,0.0890350606402,0.421191823773
0.414417846267,0.266104958437,0.0296305850625,0.289846610233
0.496579344861,0.317492038158,0.0324266520803,0.1535019649
0.0643457380671,0.343439718971,0.477508611803,0.114705931158
0.137660023545,0.307603342178,0.216999182742,0.337737451536
0.138083665777,0.13986622925,0.345369017041,0.376681087933
0.281805401898,0.238665669188,0.200483150407,0.279045778508
0.052212472132,0.376774991112,0.378266673892,0.192745862864
0.274199842876,0.131004356411,0.395654989048,0.199140811665
0.170844948176,0.232839661838,0.282888432909,0.313426957077
0.107102749606,0.360595446738,0.407774774827,0.124527028829
0.0625306044494,0.601117989563,0.181336508348,0.15501489764
0.151668253509,0.602925354735,0.162964627564,0.0824417641928
0.298251903299,0.120375313045,0.371208294397,0.210164489259
0.258067157283,0.207039604477,0.290189114001,0.244704124239
0.315019377893,0.236231592298,0.232307419959,0.21644160985
0.276942403718,0.106925585729,0.323876491563,0.292255518991
0.218136401869,0.176165236262,0.324062010275,0.281636351595
0.24800004599,0.0580339495386,0.29271236191,0.401253642561
0.233838713614,0.156088780103,0.177767476694,0.432305029589
0.259902104578,0.18026672186,0.126442028169,0.433389145393
0.098383479134,0.314634473476,0.365187450937,0.221794596453
0.257709568246,0.393035803242,0.224759526024,0.124495102487
0.435713999734,0.159921448308,0.0643332085771,0.340031343382
0.264526462265,0.38267106803,0.0782532381661,0.274549231539
0.420029803581,0.0558145888308,0.24120209395,0.282953513638
0.299034560178,0.305923902933,0.244678110627,0.150363426261
0.17890970931,0.173137900641,0.250435200585,0.397517189464
0.0386172448829,0.517796770499,0.0720582645775,0.371527720041
0.309637473729,0.264453011634,0.289211814416,0.136697700221
0.172758620532,0.362677555928,0.346805703254,0.117758120286
0.259087545024,0.226385641637,0.255276703467,0.259250109871
0.491419466085,0.00233098417359,0.288862076138,0.217387473603
0.260491410268,0.111049380576,0.299348348358,0.329110860798
0.259182044782,0.0331457761794,0.0670629310719,0.640609247966
0.024380173168,0.605110548173,0.285444334105,0.0850649445534
0.107478360296,0.0966952985627,0.395896252246,0.399930088896
0.168483318903,0.0966650516246,0.129568034967,0.605283594506
0.288161160002,0.147335626252,0.30444028145,0.260062932296
0.126557508171,0.163720194367,0.255629867161,0.4540924303
0.409706018975,0.116736155185,0.167666198501,0.305891627339
0.190940790597,0.330259933685,0.00172284169979,0.477076434019
0.305860461614,0.126856861333,0.280007788798,0.287274888254
0.218391979263,0.338228975941,0.269112654212,0.174266390583
0.519376717942,0.230977979476,0.0211973628494,0.228447939733
0.555374640266,0.00946567287305,0.408303414961,0.0268562718999
0.0675881670456,0.251264311334,0.285476816058,0.395670705562
0.409273985374,0.261945807365,0.158577164512,0.170203042748
0.349817975016,0.156998373666,0.139652797235,0.353530854082
0.396529311886,0.303825320861,0.109339025528,0.190306341726
0.223906210555,0.294985170147,0.206667397151,0.274441222147
0.409427411073,0.296094381893,0.116138109107,0.178340097927
0.524491318215,0.404322170464,0.0501664624498,0.0210200488708
0.212160948234,0.383669835204,0.208450377106,0.195718839457
0.1085353041,0.40213938508,0.0292871515624,0.460038159258
0.327183157829,0.0843049384116,0.529737666817,0.0587742369423
0.238880316413,0.405461688931,0.261639729689,0.0940182649668
0.0563812123591,0.354935959339,0.169700178484,0.418982649819
0.150062879111,0.21729806137,0.281097796122,0.351541263397
0.334091456443,0.0958448641514,0.226215533041,0.343848146365
0.122317012337,0.190885930323,0.556280408612,0.130516648728
0.232758713995,0.521169536051,0.166626552786,0.0794451971682
0.259781812986,0.408795785438,0.206867273077,0.124555128499
0.343149607507,0.310606970783,0.0936837286916,0.252559693019
0.171935579913,0.260295076073,0.291061093516,0.276708250499
0.282527941639,0.287041091356,0.104441491072,0.325989475933
0.389658871006,0.126743506018,0.43044563,0.0531519929761
0.232038859859,0.00888794051183,0.346505391901,0.412567807728
0.458050047077,0.114902614663,0.0429564619959,0.384090876264
0.0432342882755,0.026837004613,0.744344750067,0.185583957045
0.31276733356,0.184788283769,0.341216709359,0.161227673312
0.126507223512,0.254659938208,0.351782569861,0.267050268419
0.31630199944,0.329457408916,0.120418999807,0.233821591836
0.306148809503,0.30380195238,0.259755059145,0.130294178973
0.273371488377,0.00332282448724,0.36336005897,0.359945628166
0.135721524083,0.22644628276,0.0516485922079,0.586183600949
0.279064189121,0.168030872878,0.285777753221,0.26712718478
0.361747483604,0.277911986601,0.11666397491,0.243676554884
0.180827249089,0.409875196761,0.105688313441,0.303609240708
0.698275090353,0.124064500007,0.0899916543143,0.0876687553255
0.468143646732,0.146045795436,0.0380203943539,0.347790163478
0.0443407786517,0.310761562904,0.583550255844,0.0613474026
0.0480830943773,0.314694280926,0.355198975864,0.282023648833
0.318862431779,0.341053100466,0.160673892779,0.179410574976
0.443182188951,0.373481365999,0.183237577399,9.8867649977e-05
0.0794641723071,0.472440457312,0.368509715525,0.0795856548564
0.335875007456,0.249235543598,0.28602013476,0.128869314186
0.185935344823,0.321083872686,0.116348710095,0.376632072396
0.0121783376097,0.173008284373,0.357392659078,0.457420718939
0.371685959163,0.102428328699,0.246738149115,0.279147563023
0.258544586376,0.23561865765,0.188621602401,0.317215153573
0.260364783989,0.155357741032,0.260926719263,0.323350755716
0.432389100699,0.311332741718,0.0411341165788,0.215144041004
0.135989068327,0.249157731885,0.0196610979543,0.595192101833
0.103381244836,0.329618629116,0.393568130366,0.173431995683
0.144391490024,0.160295186499,0.612388356324,0.0829249671528
0.303485299163,0.342307338443,0.0876401734769,0.266567188917
0.150953047751,0.330272665292,0.436503965524,0.0822703214337
0.393602117299,0.240575106898,0.247978194876,0.117844580927
0.0658810294246,0.404822670654,0.129839014689,0.399457285232
0.187483020692,0.242187997564,0.250090121094,0.320238860651
0.479588350916,0.135692230522,0.172194270852,0.212525147711
0.246340666964,0.274801233458,0.275990330013,0.202867769565
0.0403787907994,0.248044616813,0.350974170544,0.360602421844
0.269716561604,0.331303373661,0.139621583831,0.259358480904
0.3842750705,0.365929335465,0.190395175646,0.0594004183894
0.489222388409,0.284852137922,0.143333080675,0.0825923929941
0.118724713099,0.287330534541,0.0770684657263,0.516876286634
0.176244488586,0.573445908907,0.136050299916,0.114259302591
0.107619953373,0.4066810331,0.28810187064,0.197597142886
0.159630403306,0.199747411149,0.347714929818,0.292907255727
0.193194524691,0.153650161616,0.309751934762,0.34340337893
0.000137283709109,0.409886614037,0.26687285429,0.323103247964
0.100691974331,0.383169692947,0.254398768504,0.261739564217
0.26522079091,0.345798347791,0.200022906914,0.188957954385
0.308332913765,0.315282252464,0.133503055811,0.24288177796
0.00475111033077,0.308404143763,0.338472464026,0.34837228188
0.00488894710366,0.245386060234,0.354551662517,0.395173330145
0.0779115917238,0.131030246519,0.466338651997,0.32471950976
0.417753148438,0.181140417918,0.253221177167,0.147885256478
0.205983724007,0.310442586765,0.45276268804,0.0308110011872
0.270941166163,0.0414525260977,0.329364651495,0.358241656244
0.238897297633,0.120391489432,0.389898469529,0.250812743406
0.0546053463975,0.332908172837,0.26311571887,0.349370761895
0.314519989541,0.088326068283,0.330232162297,0.266921779879
0.205155614239,0.272502624087,0.306804210671,0.215537551003
0.352002459702,0.248801214514,0.313450031178,0.0857462946059
0.301225183067,0.516931570268,0.0510565577175,0.130786688948
0.418345891483,0.151334246411,0.31452783497,0.115792027136
0.123681935596,0.0382760568833,0.328384842064,0.509657165456
0.263526240399,0.0255971724373,0.523743893806,0.187132693358
0.05942455224,0.296142830678,0.211184701051,0.433247916031
0.191660175294,0.233333616851,0.431983402865,0.14302280499
0.0306610510398,0.395615831223,0.450197206691,0.123525911046
0.0332622199214,0.564343569824,0.0298486664276,0.372545543827
0.355004094314,0.193812337237,0.304058831234,0.147124737215
0.293388212964,0.0751903403386,0.289696724534,0.341724722164
0.14169095108,0.0724086541383,0.0262532869353,0.759647107847
0.551201844529,0.0102833868292,0.230891447768,0.207623320874
0.303413548372,0.318317901585,0.0437429157677,0.334525634276
0.366370477607,0.00840041142715,0.369660053885,0.255569057081
0.368442792385,0.34424497754,0.183955104745,0.10335712533
0.0956603437632,0.280734024376,0.497281414832,0.126324217029
0.439606305106,0.0361376622048,0.433500359569,0.0907556731197
0.313001189481,0.0952419127997,0.207908219998,0.383848677721
0.298463236099,0.072730323505,0.0967616147702,0.532044825626
0.400603457194,0.0538725563754,0.282886004167,0.262637982264
0.26325340629,0.0356692640997,0.00661931184832,0.694458017762
0.194969766351,0.257024151481,0.271738759468,0.2762673227
0.697025107849,0.144617420864,0.118421758438,0.0399357128491
0.198392568617,0.261642292645,0.180037108838,0.359928029901
0.0670662440182,0.173345329095,0.496018217315,0.263570209572
0.211276137046,0.360744696226,0.382196913317,0.0457822534106
0.283167233556,0.340014081515,0.308959442071,0.0678592428575
0.379676794333,0.155375624983,0.256559495515,0.208388085168
0.150386785276,0.27353494353,0.396257488081,0.179820783113
0.434832487733,0.404306637356,0.0916757931402,0.0691850817709
0.429646600101,0.307744611297,0.059064817373,0.203543971229
0.358950451679,0.18679053468,0.286741936617,0.167517077023
0.535161241769,0.291210240504,0.0190812126203,0.154547305108
0.260345369253,0.370087515773,0.355996242211,0.0135708727625
0.0911025744712,0.562148517027,0.326200081616,0.0205488268858
0.137900086002,0.370808206112,0.404181599646,0.0871101082398
0.175349340037,0.439433119132,0.112490992627,0.272726548204
0.175586786235,0.298756149913,0.492109994844,0.0335470690085
0.472567007248,0.0360859398632,0.188442462258,0.302904590631
0.428328102182,0.166127336026,0.320734979009,0.0848095827838