0.402724114751,0.103007907801,0.286195006882,0.208072970566
0.163411219823,0.339399718879,0.315634020312,0.181555040987
0.00625924463612,0.0451296210049,0.305923892492,0.642687241867
0.363622738088,0.201331279898,0.0722130371303,0.362832944884
0.450513145761,0.249822885636,0.128241238827,0.171422729776
0.383455712554,0.258517874572,0.241646237384,0.11638017549
0.31299522825,0.398154208057,0.237804203641,0.051046360052
0.64312431729,0.0124495707346,0.190677456904,0.153748655072
0.102533243697,0.294471370922,0.307259190434,0.295736194946
0.19819802867,0.13936229585,0.51486787747,0.14757179801
0.297011928434,0.251982307488,0.232232131563,0.218773632515
0.303318504864,0.234942152574,0.326626091509,0.135113251054
0.41160371598,0.408562367647,0.1034675659,0.0763663504731
0.342838669934,0.297228994351,0.167732923521,0.192199412194
0.224960516985,0.387085834799,0.106651086613,0.281302561603
0.0224966436532,0.358352421901,0.36558886785,0.253562066596
0.259589894752,0.323747804262,0.121718955387,0.294943345599
0.353151898742,0.0459961006176,0.256770907163,0.344081093478
0.181305955711,0.469481905172,0.176494040194,0.172718098922
0.266501759641,0.207203531148,0.340809836645,0.185484872565
0.459770520129,0.106384322842,0.199581547275,0.234263609754
0.0410318333991,0.376414864777,0.543091996997,0.0394613048273
0.186918077916,0.256088312956,0.28253481098,0.274458798148
0.432163864638,0.393210729175,0.0294655705078,0.14515983568
0.285971731089,0.283948968951,0.279984494559,0.150094805401
0.0217576210727,0.416879609597,0.37376858498,0.18759418435
0.0794928619882,0.265273633938,0.293476832858,0.361756671217
0.372035807376,0.268819951265,0.210857365561,0.148286875797
0.0369730240005,0.352707858182,0.0533165847326,0.557002533085
0.0864699952658,0.512735582049,0.267954134781,0.132840287904
0.308066993251,0.303373385523,0.216119925782,0.172439695443
0.292499283049,0.299132371288,0.328577329059,0.0797910166042
0.493183121494,0.0594760507613,0.0970669021525,0.350273925593
0.250853831456,0.285678884339,0.327119208135,0.136348076069
0.487503218008,0.00716519737748,0.491134203975,0.0141973806392
0.201682206639,0.318248954402,0.285913832594,0.194155006365
0.241801537738,0.0793344275425,0.473856737572,0.205007297148
0.0961550148757,0.438895771046,0.357597662649,0.10735155143
0.26665945227,0.188791235631,0.313554499122,0.230994812977
0.101445361596,0.313152444897,0.521482864054,0.0639193294522
0.352448977721,0.128350293136,0.131733050062,0.387467679081
0.101331268136,0.269095014314,0.0341848949259,0.595388822624
0.0487463380096,0.316438608126,0.220253229754,0.414561824111
0.196575683888,0.168155721109,0.339452977107,0.295815617895
0.241375827882,0.404808064346,0.238715512841,0.11510059493
0.259215196266,0.253625430804,0.0206236974735,0.466535675456
0.325508392982,0.301802816555,0.0142367176061,0.358452072857
0.220897965955,0.568694801506,0.154775925866,0.0556313066735
0.0292307844891,0.407487935368,0.187729466125,0.375551814018
0.0962919817772,0.431730864061,0.00285842845717,0.469118725705
0.251130638073,0.101291984506,0.394866606737,0.252710770684
0.533798667131,0.106780543398,0.333756594484,0.0256641949865
0.20421011587,0.0400049039519,0.298581165674,0.457203814505
0.373057031522,0.100808587828,0.32543228508,0.200702095571
0.388718422128,0.183715768765,0.261015060613,0.166550748494
0.248801571522,0.447687623679,0.033907234199,0.2696035706
0.415901023805,0.0469434389978,0.105864567206,0.43129096999
0.231297022077,0.20643645753,0.398091553876,0.164174966517
0.318095462067,0.278171399797,0.164445102322,0.239288035814
0.136918028213,0.115383065488,0.450850845185,0.296848061114
0.0251370346392,0.274740119813,0.315541550581,0.384581294967
0.245377680029,0.313396075307,0.389547422018,0.0516788226464
0.093108479633,0.142379077963,0.233798081202,0.530714361201
0.296605339904,0.122888192995,0.196620417484,0.383886049618
0.325098152164,0.22855522281,0.298756415375,0.147590209651
0.0601655351598,0.417337461842,0.189914623793,0.332582379205
0.534584602662,0.0540469185347,0.157491721233,0.25387675757
0.14472082893,0.121800793528,0.27965564159,0.453822735953
0.0359441978812,0.114885901045,0.408281008709,0.440888892365
0.14582976404,0.351980760483,0.326657930366,0.175531545112
0.0812742482463,0.16121203182,0.376645083093,0.38086863684
0.317783961163,0.0569214488489,0.366466754245,0.258827835744
0.361109951137,0.179149965389,0.129865395084,0.32987468839
0.293155922091,0.380595070252,0.106130329286,0.220118678371
0.0917218924143,0.47649463392,0.276433790129,0.155349683537
0.164481569571,0.350617264873,0.224737242769,0.260163922788
0.455521359863,0.0895482923121,0.290161267063,0.164769080762
0.106437416001,0.29990478522,0.1362833049,0.457374493878
0.241054470684,0.235405600761,0.262349199966,0.261190728589
0.0145711424042,0.298152982651,0.237384832345,0.449891042601
0.133443883804,0.369805835745,0.0904988825036,0.406251397948
0.278901850961,0.327773152572,0.0379880327777,0.355336963689
0.303026041286,0.153167775336,0.231265050625,0.312541132752
0.248383959522,0.412901986341,0.00176124457279,0.336952809565
0.134957866844,0.205987659578,0.584697411263,0.0743570623152
0.22375201389,0.298416838661,0.181716050884,0.296115096566
0.29426935331,0.420582382611,0.19745595275,0.0876923113297
0.200577551314,0.160115685964,0.297254492251,0.342052270472
0.169908933258,0.434757967826,0.243285792065,0.15204730685
0.156928881869,0.282128799476,0.470394478616,0.0905478400394
0.125092702457,0.239172104098,0.321403537874,0.314331655571
0.455994823944,0.183552464942,0.0870434039293,0.273409307184
0.278465058369,0.237272930667,0.260112802137,0.224149208826
0.270492364441,0.0401170379534,0.232171744186,0.45721885342
0.205115916555,0.0463028571871,0.0652698145466,0.683311411711
0.262277559279,0.467488489317,0.0130107765004,0.257223174904
0.184298871616,0.186828248347,0.375105269539,0.253767610498
0.318571762968,0.269579954668,0.320612126886,0.0912361554774
0.452742286162,0.0861350492593,0.322720514839,0.13840214974
0.0117024410692,0.68352570243,0.168320125804,0.136451730697
0.665499960761,0.0571858299591,0.0228614151041,0.254452794175
0.263442749719,0.0719587719403,0.650208298187,0.0143901801544
0.23062606543,0.458026839519,0.129746471034,0.181600624017
0.284430447151,0.150684893786,0.501041777713,0.0638428813506
0.407903486402,0.392926969972,0.000297306097767,0.198872237528
0.288859684188,0.238473680968,0.161198624637,0.311468010207
0.0923425986501,0.150450789274,0.517560988827,0.239645623249
0.29523181623,0.138865255165,0.349352109383,0.216550819222
0.0859785043693,0.365164140663,0.412760633738,0.13609672123
0.199773778117,0.440739135096,0.277617807883,0.0818692789047
0.240703257748,0.231845053092,0.184586926407,0.342864762754
0.359926230919,0.074894965904,0.298913922408,0.266264880768
0.189774787031,0.216507490804,0.325920979523,0.267796742642
0.227253714629,0.305430858315,0.180509640018,0.286805787038
0.290838712452,0.397622140424,0.291434623343,0.0201045237813
0.386240441659,0.136093979004,0.136443328097,0.341222251239
0.215962996823,0.152125409453,0.493684697963,0.13822689576
0.384393194704,0.152055091619,0.305811555743,0.157740157934
0.143766692095,0.303375764853,0.355439927648,0.197417615405
0.351115657926,0.343686727604,0.259750668133,0.0454469463366
0.342001205042,0.194303385399,0.165333660866,0.298361748694
0.132987073992,0.321488080613,0.155998465331,0.389526380064
0.236069130879,0.415640657998,0.256467073477,0.0918231376465
0.246653896449,0.3471518423,0.0596334102576,0.346560850993
0.28547533083,0.35287128786,0.00507579378672,0.356577587523
0.463032461213,0.163084343819,0.249803018681,0.124080176287
0.133998747536,0.331482379038,0.299776064562,0.234742808864
0.301593109514,0.350432521203,0.258365988541,0.0896083807415
0.0496502395895,0.605465115402,0.0177832388702,0.327101406138
0.334212853245,0.0539635246066,0.294243137444,0.317580484704
0.23197982134,0.127917852291,0.244847099637,0.395255226733
0.193880907282,0.273411537727,0.0529892053342,0.479718349656
0.0512177240848,0.145899091731,0.311149297849,0.491733886335
0.0870586174007,0.0980827166776,0.234112633205,0.580746032717
0.273913861523,0.333488378168,0.0262611044809,0.366336655829
0.210101199498,0.371244953947,0.0313103927146,0.387343453841
0.0293086760962,0.324569280967,0.399696577929,0.246425465008
0.290167177319,0.346933872487,0.0717655192121,0.291133430981
0.330108894592,0.258207706002,0.152142351056,0.25954104835
0.383693620754,0.0493967199681,0.120709518678,0.446200140599
0.20905637803,0.19052933013,0.239530342784,0.360883949056
0.450952590445,0.093932535796,0.0169516440507,0.438163229709
0.00494293023379,0.0339359528744,0.497340732264,0.463780384628
0.243465153125,0.403359818775,0.109640540042,0.243534488059
0.280472439516,0.0722523096011,0.379117518697,0.268157732186
0.586954562216,0.0708552082791,0.109102103633,0.233088125871
0.0591056272453,0.253427125349,0.252721787203,0.434745460202
0.261617951416,0.161638822028,0.291948352669,0.284794873887
0.0576503723628,0.442182943601,0.259242072532,0.240924611504
0.282738112532,0.000233131780537,0.09896737643,0.618061379257
0.31955144214,0.0473510090026,0.417520491863,0.215577056994
0.232385807355,0.210356697981,0.324480278331,0.232777216334
0.48599067717,0.321561641782,0.0273431763485,0.165104504699
0.274483307467,0.198988824116,0.364704246728,0.161823621689
0.206114586378,0.106470196593,0.282191831195,0.405223385834
0.294720153154,0.340912882209,0.200736512767,0.16363045187
0.284611822185,0.359105921026,0.049173186969,0.30710906982
0.120165728797,0.511395180908,0.328156978778,0.0402821115159
0.340581485459,0.128327449619,0.432876345243,0.0982147196788
0.0287633426209,0.279513320438,0.455257811657,0.236465525284
0.527460690976,0.00333121665573,0.41730199378,0.0519060985884
0.398276863136,0.282369215664,0.0687852979411,0.250568623259
0.139347930172,0.170938525169,0.564718082218,0.12499546244
0.431455196112,0.15722675343,0.332561407304,0.0787566431538
0.0375482965581,0.930722163945,0.00438856782176,0.0273409716754
0.266065682346,0.111538880119,0.297968179446,0.324427258089
0.215169815017,0.328026845817,0.216331699809,0.240471639358
0.178983216376,0.037859177239,0.379588453792,0.403569152593
0.336243817202,0.309282248951,0.306018602933,0.0484553309142
0.1851751412,0.506537630444,0.0282742915466,0.28001293681
0.362377895607,0.146446547394,0.219479208119,0.271696348881
0.395776431826,0.328444395641,0.0138539681933,0.26192520434
0.0403275715355,0.293598355893,0.348099253941,0.31797481863
0.0872880394579,0.349871492325,0.149159595524,0.413680872693
0.562324188683,0.180360367733,0.00447698511765,0.252838458467
0.316188380387,0.372945246127,0.240017528302,0.070848845184
0.0517576651407,0.152965152373,0.141892879007,0.653384303479
0.25482812693,0.0389927072796,0.285916549505,0.420262616285
0.22519677221,0.086659274778,0.319582647299,0.368561305713
0.358319830562,0.0408214099305,0.177078135008,0.4237806245
0.207472982796,0.424399822141,0.0741637507045,0.293963444359
0.143517926756,0.181656796948,0.360932690048,0.313892586248
0.292365067188,0.182596170261,0.130036613653,0.395002148898
0.172030001082,0.541636770133,0.106364167755,0.17996906103
0.214543335552,0.0382239738797,0.280382051021,0.466850639547
0.299116598711,0.190836137137,0.210495299862,0.29955196429
0.468509957061,0.17891639475,0.0165916608485,0.33598198734
0.498361392753,0.238522959297,0.236571089824,0.0265445581265
0.547295758691,0.130855782688,0.218280320053,0.103568138568
0.227075926224,0.262424955376,0.238973584124,0.271525534276
0.0320886591612,0.522242274506,0.235566090953,0.210102975379
0.213442045587,0.0689256167867,0.382232209529,0.335400128097
0.126733155048,0.0336009607836,0.459278941776,0.380386942393
0.29814137131,0.00187603782231,0.316980560259,0.383002030609
0.332009823947,0.274731550446,0.0441078696235,0.349150755983
0.178733930405,0.111179751042,0.421838119761,0.288248198792
0.214947131999,0.319454309565,0.301160983086,0.16443757535
0.0902181563112,0.269919165876,0.410824178115,0.229038499698
0.0496477590841,0.153126000824,0.44431641319,0.352909826902
0.303244484235,0.323275081462,0.25716120707,0.116319227233