0.198209551018,0.255766222443,0.220032109689,0.32599211685
0.0790009449434,0.114274820236,0.445995519342,0.360728715478
0.302928478635,0.328991781305,0.326852709166,0.0412270308944
0.240984743177,0.234500737055,0.299465026733,0.225049493035
0.350545618712,0.0242085533175,0.299968510882,0.325277317089
0.308555938311,0.0217378762211,0.295270572122,0.374435613345
0.32812649457,0.0206383304796,0.152977076035,0.498258098915
0.283251044671,0.337708386512,0.12837922644,0.250661342377
0.190315670525,0.305243400327,0.147790020416,0.356650908732
0.168273689787,0.306681173537,0.30551459748,0.219530539196
0.415033998749,0.0958529961558,0.452159580848,0.036953424247
0.0338328968366,0.334229001988,0.330067893927,0.301870207248
0.371985714102,0.133593273513,0.255090527164,0.239330485221
0.618235895501,0.0573177317853,0.0695368641325,0.254909508581
0.0962366744548,0.556820071895,0.155371110878,0.191572142772
0.0517609341194,0.389043044547,0.194782661209,0.364413360125
0.114778546878,0.385033801832,0.349448986988,0.150738664302
0.507256774588,0.0100153968504,0.35868265189,0.124045176672
0.193692035306,0.102762529715,0.644613415882,0.0589320190971
0.252938333715,0.2036243994,0.275881352778,0.267555914107
0.0337043737482,0.0788793349248,0.76647367627,0.120942615057
0.279730355401,0.230003018274,0.163495142745,0.326771483579
0.147401555673,0.35233459527,0.369398670419,0.130865178639
0.246497436696,0.38543598369,0.0473753768645,0.320691202749
0.141853231456,0.0290720604937,0.47101575993,0.35805894812
0.465736939606,0.0509470148869,0.363277462439,0.120038583069
0.0701668233785,0.324118863043,0.42370306549,0.182011248088
0.379965363608,0.127900297418,0.490962884769,0.00117145420524
0.0657129094191,0.41863479064,0.441906932733,0.0737453672077
0.0601838020304,0.0102111955916,0.347188164127,0.582416838251
0.420379032331,0.095779217991,0.0566677549926,0.427173994685
0.365161906165,0.0776482984499,0.307967438435,0.24922235695
0.162113432626,0.468319478322,0.134008515808,0.235558573244
0.292789855551,0.253018413443,0.314629384447,0.13956234656
0.047791142559,0.120453520349,0.129111436852,0.70264390024
0.168186692097,0.0666116849857,0.617575006852,0.147626616065
0.0355116856198,0.417490094163,0.404643810649,0.142354409569
0.152667672439,0.246764323909,0.281319897711,0.319248105941
0.534626801759,0.273867383341,0.0350376266222,0.156468188278
0.0204460861791,0.194418688673,0.46973243988,0.315402785268
0.19328928072,0.289928301959,0.098620120101,0.41816229722
0.0687870858543,0.266632486879,0.450966593922,0.213613833345
0.265761644899,0.306340202992,0.232250148883,0.195648003226
0.287154573382,0.154188721534,0.19981950269,0.358837202394
0.334810774911,0.0390107936876,0.312429853869,0.313748577533
0.20586015627,0.265769961833,0.370541886302,0.157827995595
0.389748972217,0.359565852189,0.183749520418,0.0669356551765
0.316905961065,0.23675142569,0.115769386291,0.330573226954
0.362439833263,0.0183805701769,0.478982205066,0.140197391495
0.249543558881,0.656858635641,0.0783362489179,0.0152615565599
0.257625973319,0.304312578802,0.219206950805,0.218854497075
0.195257049564,0.23714212971,0.169009691988,0.398591128739
0.0858308528012,0.478524361285,0.126743933069,0.308900852845
0.0836445244995,0.27441471077,0.536073898632,0.105866866098
0.207926093519,0.24273251432,0.257092037225,0.292249354936
0.106078930575,0.420911153546,0.471874193583,0.00113572229676
0.352221325063,0.380498398237,0.110445030679,0.156835246022
0.201989096757,0.351290793925,0.18220758885,0.264512520467
0.413706980481,0.154472352693,0.204728186101,0.227092480725
0.475396535379,0.192621290678,0.297919697071,0.0340624768719
0.23629165887,0.310254930593,0.268616827578,0.184836582959
0.166915931115,0.165817035239,0.53336320776,0.133903825886
0.226368585015,0.423913744817,0.334615685721,0.0151019844476
0.437188816469,0.033198569327,0.417738913575,0.111873700629
0.229023873066,0.250884832315,0.28251176374,0.237579530879
0.23135868914,0.285471279956,0.158090535018,0.325079495886
0.177383456035,0.0992081451237,0.349301343825,0.374107055016
0.226896981135,0.092861812504,0.420287834654,0.259953371707
0.187568112791,0.120983166829,0.256051861246,0.435396859134
0.287099567177,0.299390645273,0.199441529784,0.214068257766
0.200775947437,0.380210932101,0.294540161963,0.124472958499
0.162027732767,0.187320136503,0.352186178024,0.298465952706
0.492364706231,0.0411336466229,0.279587418975,0.186914228171
0.22070134735,0.402264905365,0.172748600409,0.204285146876
0.231052947961,0.220553316115,0.28633975853,0.262053977394
0.177900131611,0.053837802708,0.353216208556,0.415045857126
0.376423276135,0.0676311835277,0.317989381697,0.23795615864
0.284016906744,0.268235597681,0.276533358801,0.171214136775
0.213239377314,0.0183781055932,0.704734231256,0.0636482858367
0.199711212844,0.452110888957,0.156928516481,0.191249381718
0.409878827809,0.186681878332,0.22166492662,0.181774367238
0.124914059997,0.106353196272,0.287662543257,0.481070200475
0.239440984095,0.148378019262,0.295718871947,0.316462124697
0.406672479695,0.148273918995,0.00894285473234,0.436110746577
0.088443264258,0.342593663719,0.337501783279,0.231461288744
0.10062092052,0.42482774084,0.179834762492,0.294716576147
0.164981000136,0.269743058097,0.279641449238,0.285634492529
0.28860936502,0.171764565062,0.293790030658,0.245836039261
0.284562705084,0.0865262327246,0.309152022087,0.319759040104
0.147620182722,0.133529032969,0.623185446387,0.0956653379215
0.367714949298,0.267410068747,0.181161475845,0.18371350611
0.000729466007814,0.540039835909,0.159394353958,0.299836344125
0.275121663307,0.379927699417,0.311767004241,0.0331836330358
0.185704270071,0.305077459959,0.320018187152,0.189200082818
0.141422414852,0.257220785258,0.364648007737,0.236708792153
0.358385067633,0.0759680280688,0.400908690734,0.164738213565
0.13051100095,0.131271539998,0.425450266292,0.31276719276
0.140584326768,0.615393979702,0.171924180916,0.0720975126146
0.389819387585,0.232751648092,0.11850152833,0.258927435993
0.0579747572671,0.270604344941,0.291530664043,0.37989023375
0.134624945815,0.239250614306,0.30098231881,0.325142121069
0.153532992541,0.222252927123,0.287964997312,0.336249083024
0.24788048725,0.262706540788,0.202460839212,0.286952132751
0.210431679523,0.0989017508753,0.448861390855,0.241805178746
0.345158907611,0.17989251117,0.0726670090236,0.402281572195
0.298904198354,0.303189345546,0.215151404617,0.182755051483
0.33942346667,0.391503458896,0.0751063158075,0.193966758627
0.276432734243,0.00854640623287,0.424909443972,0.290111415553
0.0985399615567,0.230413058355,0.352742671899,0.318304308189
0.258523693674,0.102847596046,0.0955917817422,0.543036928538
0.169040380378,0.326105345637,0.300243692596,0.20461058139
0.196762889044,0.189521128299,0.319342933957,0.294373048699
0.4860934769,0.325645163298,0.113825631619,0.0744357281836
0.430778709323,0.045381198583,0.442068420427,0.0817716716665
0.298939608911,0.366399367773,0.133616127982,0.201044895335
0.297417324693,0.0160561512553,0.407478458375,0.279048065677
0.253611013977,0.286277138775,0.249268568605,0.210843278643
0.0881007992598,0.272201905505,0.268447995467,0.371249299768
0.468253759871,0.456394460516,0.0492633294349,0.0260884501775
0.486390466663,0.175765497327,3.82084450703e-05,0.337805827564
0.324775679154,0.235551346109,0.30294844494,0.136724529797
0.0154215803767,0.376719008916,0.369276143051,0.238583267656
0.403046512921,0.290043642755,0.00688470052519,0.300025143798
0.306941623929,0.134654068244,0.275950676207,0.282453631621
0.34565007773,0.0195578494673,0.312106701401,0.322685371402
0.265948017155,0.0893208092759,0.317184134454,0.327547039115
0.0546678839436,0.268631631026,0.399523336277,0.277177148753
0.315788117771,0.250541777916,0.104745760927,0.328924343386
0.145812926675,0.210490237846,0.241951028158,0.401745807321
0.140532105546,0.480861116685,0.0150162356884,0.36359054208
0.47750165648,0.0676527816917,0.105260603274,0.349584958555
0.0558988665133,0.111244875954,0.457676718946,0.375179538586
0.124488779686,0.280939858731,0.300344748468,0.294226613115
0.247517449179,0.321591631072,0.064078663109,0.36681225664
0.0154462402088,0.228381969988,0.541236367289,0.214935422515
0.25296336745,0.18881835922,0.213280723498,0.344937549833
0.11892667687,0.417485025637,0.103878359967,0.359709937527
0.347375715398,0.0876449788222,0.0911779652135,0.473801340566
0.419301788776,0.174519014116,0.012768601733,0.393410595375
0.386742232112,0.0656715392781,0.45279501536,0.09479121325
0.26856214076,0.325020389195,0.263156022129,0.143261447917
0.0702964000139,0.346128188116,0.339810898029,0.24376451384
0.145619016631,0.15854950863,0.158722651393,0.537108823346
0.379837475727,0.320610437084,0.261952509296,0.0375995778926
0.805099304499,0.0799654902838,0.0335445508333,0.0813906543843
0.305027430907,0.0346857149826,0.394022800486,0.266264053624
0.280880774136,0.0115410803805,0.257151157578,0.450426987905
0.378570964589,0.372847597384,0.0938852588015,0.154696179225
0.163287582077,0.0868550725757,0.192449399662,0.557407945685
0.271749594901,0.278051773482,0.206186987054,0.244011644563
0.197993876643,0.094955240734,0.269804958156,0.437245924467
0.0858088167921,0.3776338911,0.345875005057,0.190682287051
0.28186767205,0.228239048443,0.205682215566,0.284211063941
0.194865905979,0.278198052487,0.28262816642,0.244307875115
0.0594852394234,0.29134056214,0.473130615654,0.176043582782
0.305820633505,0.129888080684,0.303975962509,0.260315323302
0.0910616776218,0.188070607299,0.338363141123,0.382504573956
0.309822777173,0.0886372115888,0.28646895221,0.315071059028
0.263276981459,0.122059896469,0.208379933352,0.40628318872
0.307520566511,0.0384045124027,0.20847470915,0.445600211937
0.0407111094266,0.297751129265,0.19241966683,0.469118094478
0.233128664192,0.119984055076,0.263771289472,0.38311599126
0.304815063678,0.428053822803,0.157238329095,0.109892784424
0.0221688140117,0.18532109573,0.400311625771,0.392198464487
0.299380912142,0.268551428088,0.257867000115,0.174200659654
0.345995237902,0.165971189047,0.413805065005,0.0742285080458
0.480872677561,0.0100478191629,0.287807284597,0.221272218679
0.336974804651,0.430722094404,0.0329269678666,0.199376133079
0.278187475574,0.360290120629,0.13864392783,0.222878475968
0.353844268645,0.0988713269185,0.442584716118,0.104699688318
0.237209787259,0.0321358307748,0.374589026204,0.356065355762
0.164101800955,0.274979848138,0.00865335715655,0.55226499375
0.270822323817,0.267599840342,0.300037960578,0.161539875262
0.0774276521965,0.297496010523,0.471659278867,0.153417058414
0.37335681676,0.374676003803,0.0805038883101,0.171463291127
0.317245168641,0.226895882555,0.33839693371,0.117462015094
0.215090898628,0.393344951824,0.109217143266,0.282347006283
0.371748641587,0.213069691379,0.139117670041,0.276063996993
0.0979433383656,0.274208795855,0.575708580456,0.0521392853231
0.189195728835,0.232759637171,0.31331763716,0.264726996833
0.350690840766,0.017038712684,0.285906048173,0.346364398377
0.226121273652,0.250909590362,0.247690787758,0.275278348227
0.0250039249785,0.0319596537558,0.472919031358,0.470117389908
0.362342155145,0.309853946024,0.0919267927875,0.235877106044
0.227682010339,0.500770104672,0.0380576799033,0.233490205086
0.24335353653,0.254385048603,0.202716527275,0.299544887591
0.426630782752,0.357503889231,0.132659732144,0.0832055958726
0.0344870444592,0.278612430891,0.491219700207,0.195680824444
0.43654592306,0.150150130898,0.0324999736254,0.380803972417
0.320568108528,0.183438018066,0.263451633373,0.232542240033
0.251241922259,0.27251838431,0.224908861878,0.251330831554
0.0411588042378,0.401288952329,0.42887739517,0.128674848263
0.400673124256,0.0801018112944,0.233862685399,0.285362379051
0.50670664386,0.0672218954835,0.353169766608,0.0729016940488
0.296280111419,0.329694659489,0.0957080869049,0.278317142187
0.311202373386,0.158133663792,0.521065077713,0.00959888510905
0.266948636521,0.147267483956,0.205936613342,0.379847266181
0.105870735502,0.402914782934,0.37515016842,0.116064313143
0.355473638964,0.371839138713,0.204450680973,0.06823654135
0.2543208524,0.247268190331,0.268067423268,0.230343534001