0.120834350242,0.403495533196,0.320319831852,0.155350284711
0.231870381496,0.204473553128,0.291321695826,0.27233436955
0.367582722457,0.33329444177,0.213576600835,0.0855462349386
0.141983139956,0.278122574523,0.143114009075,0.436780276447
0.166285084947,0.10581035579,0.251829334639,0.476075224624
0.569009654201,0.0749540442558,0.0439150937684,0.312121207775
0.397576697932,0.178160584718,0.0783201586727,0.345942558677
0.0120278326827,0.0522835630946,0.800997921596,0.134690682626
0.419517296801,0.154598130666,0.311371714634,0.114512857899
0.369253154289,0.201969507561,0.0124224493725,0.416354888778
0.395477358802,0.122325035782,0.361199743187,0.120997862229
0.0594826135227,0.744238916133,0.0714164956177,0.124861974727
0.24150410708,0.134945843013,0.308798302696,0.314751747211
0.282458654312,0.283353510273,0.370813787696,0.0633740477195
0.251707125342,0.251143374311,0.129233592205,0.367915908142
0.173418131572,0.234317528005,0.462438115111,0.129826225312
0.193119514012,0.385307832507,0.372604734823,0.0489679186576
0.238794007428,0.302307327413,0.262318610386,0.196580054773
0.0480181526775,0.2984612797,0.314202180211,0.339318387411
0.315776157065,0.206786173494,0.256214790034,0.221222879408
0.388347812804,0.326362400122,0.0497873956674,0.235502391407
0.204967066912,0.331331441931,0.234253806523,0.229447684634
0.0923684419682,0.333799028858,0.294569427817,0.279263101356
0.369088970074,0.356772516066,0.13097134456,0.1431671693
0.0725535314448,0.364730523281,0.114234471873,0.4484814734
0.474515737215,0.367420059293,0.0993898457943,0.0586743576976
0.206408833674,0.391199717862,0.141614748746,0.260776699717
0.311385571215,0.289181549544,0.317158595362,0.0822742838794
0.783450722369,0.0233634690707,0.0477667376243,0.145419070936
0.183174727156,0.412793359685,0.244371045699,0.159660867461
0.189089221819,0.354448097589,0.35055592949,0.105906751102
0.212739396346,0.0228198109662,0.319754144915,0.444686647773
0.352539486061,0.223961502421,0.125582149933,0.297916861585
0.100923905699,0.291934825692,0.393922402333,0.213218866276
0.173387573165,0.245534755528,0.309365031598,0.271712639709
0.0299702455748,0.223206433762,0.586270779991,0.160552540672
0.215094865477,0.401515771477,0.280715092064,0.102674270982
0.120291287892,0.48385912175,0.296978816416,0.0988707739422
0.241720456044,0.0815196807133,0.575749239047,0.101010624195
0.173040506754,0.00513303168781,0.19033156379,0.631494897768
0.00308314983486,0.523721525103,0.191219850747,0.281975474315
0.553279942968,0.146490588405,0.132522273283,0.167707195344
0.308517779715,0.0656169443509,0.120484069764,0.50538120617
0.301200404394,0.2533383066,0.318733772177,0.12672751683
0.278642320456,0.347684698195,0.142319229252,0.231353752097
0.563884101067,0.038172851891,0.206264121629,0.191678925413
0.0902281363714,0.000546259841642,0.355462499108,0.553763104679
0.274408110299,0.0563504095551,0.480859454265,0.188382025881
0.221058840146,0.301305649073,0.159393270783,0.318242239998
0.364046363559,0.324968474822,0.222891259357,0.0880939022624
0.323634501428,0.141312797944,0.274005500464,0.261047200165
0.174999206342,0.320453834029,0.213585701746,0.290961257883
0.242944332475,0.191896406626,0.293715094409,0.27144416649
0.152730775192,0.346005680806,0.451573517217,0.0496900267851
0.00384189788986,0.0412939810502,0.606789143936,0.348074977124
0.23676424653,0.0477999327688,0.434323971373,0.281111849327
0.275708808136,0.211776724519,0.246376917515,0.26613754983
0.257865504154,0.37500724575,0.29802858637,0.0690986637265
0.143294542016,0.0929640565926,0.429151048172,0.334590353219
0.156026951906,0.00165712274482,0.275030839021,0.567285086329
0.0135687505758,0.342749976728,0.249472255946,0.39420901675
0.31931708478,0.235233122558,0.342898553654,0.102551239008
0.0116717080279,0.177852707833,0.35843827309,0.45203731105
0.120624776412,0.16148401577,0.256481506199,0.461409701619
0.121746058668,0.135554148751,0.310253694012,0.432446098569
0.333402074996,0.115037822529,0.126202721732,0.425357380744
0.442429668573,0.377429388968,0.172622499948,0.00751844251095
0.359295286294,0.120539025066,0.300871492699,0.219294195942
0.196601385766,0.341190586049,0.224103712971,0.238104315214
0.302737312189,0.302087634039,0.0492671052085,0.345907948563
0.0720174978445,0.151427046437,0.441116836303,0.335438619415
0.450169301295,0.292849644702,0.212040098873,0.0449409551296
0.28826225818,0.507545089257,0.15328123674,0.0509114158236
0.212531330178,0.31257477739,0.333213047305,0.141680845128
0.317735051704,0.114904079192,0.261543036751,0.305817832353
0.110907474567,0.36125792151,0.325035315705,0.202799288218
0.248742034611,0.174776423968,0.0199404426136,0.556541098808
0.0817482837005,0.385333115915,0.210637946498,0.322280653886
0.160373544162,0.433629120582,0.0784641003657,0.32753323489
0.104556543108,0.2086110992,0.458507802812,0.22832455488
0.155475565953,0.0489297436925,0.381854313094,0.41374037726
0.20187851517,0.248472843787,0.328621214546,0.221027426498
0.25084254602,0.366636783398,0.0663036887477,0.316216981834
0.41173269217,0.501424580604,0.00304111027034,0.0838016169556
0.517998224791,0.0808860817146,0.0658423779791,0.335273315515
0.194392648464,0.111772443676,0.410790209813,0.283044698048
0.565618903056,0.0879861005523,0.168261727073,0.178133269318
0.191944991617,0.351810791863,0.269054322464,0.187189894056
0.239532947843,0.203094821799,0.296399418083,0.260972812275
0.394119736739,0.441569427902,0.0250146647757,0.139296170583
0.130358126855,0.379834191017,0.264735486141,0.225072195986
0.189141004693,0.12100108933,0.382148300016,0.307709605962
0.397760280956,0.141922849445,0.109913633436,0.350403236163
0.21316660806,0.179599284762,0.420341945547,0.18689216163
0.335190072114,0.275476005686,0.0978210817347,0.291512840466
0.22487403758,0.227523883129,0.21991322645,0.327688852841
0.36130992158,0.152132270415,0.188086405233,0.298471402771
0.140048666448,0.829223624162,0.0263810133696,0.00434669602029
0.183312012155,0.23414150806,0.22994526452,0.352601215265
0.385441450224,0.128009904951,0.206233978754,0.280314666071
0.32172328832,0.096132835874,0.367238568944,0.214905306861
0.449021261057,0.00249118163924,0.0785364873277,0.469951069976
0.094288512753,0.397630019109,0.0362384888716,0.471842979266
0.0368134015649,0.491722554928,0.147980002581,0.323484040927
0.409548371864,0.278201219957,0.213947329071,0.0983030791075
0.161689057884,0.393608100795,0.109259086234,0.335443755087
0.210116747182,0.342934024191,0.257498545199,0.189450683427
0.259843057674,0.254677823808,0.321126701383,0.164352417136
0.439851379305,0.132579074138,0.0378421314242,0.389727415133
0.274300021163,0.190771726559,0.187385627609,0.347542624669
0.0167115452052,0.114855916163,0.393581324857,0.474851213775
0.23548723499,0.268729517667,0.422175089847,0.0736081574956
0.296867054575,0.118367937795,0.37955159271,0.20521341492
0.0671241214197,0.337858426353,0.0638212061263,0.531196246101
0.299987228783,0.200633238214,0.217948282738,0.281431250265
0.0998806979208,0.226563458161,0.561316054653,0.112239789265
0.221333077823,0.347041608478,0.374093647072,0.0575316666268
0.397866946577,0.360999407513,0.213254563494,0.0278790824158
0.473564199579,0.232697091686,0.25136692573,0.0423717830059
0.371135761939,0.262160975145,0.351830254498,0.0148730084181
0.0728196268569,0.350445477124,0.327532582017,0.249202314002
0.0131345348569,0.139124257175,0.386370232743,0.461370975225
0.257190991787,0.209617854448,0.0816872312283,0.451503922537
0.205523683081,0.247917249905,0.344767904047,0.201791162966
0.229377787642,0.223329354884,0.272329478746,0.274963378729
0.244431209761,0.250802541943,0.22905604954,0.275710198756
0.0486051200024,0.408473634701,0.279677280577,0.26324396472
0.0686888903753,0.0704776214019,0.787864254701,0.072969233522
0.341660213618,0.0752993820387,0.309379409292,0.273660995051
0.299545740371,0.0255087467467,0.383331739369,0.291613773513
0.19139641891,0.242351112537,0.474689484644,0.0915629839094
0.354987163297,0.0598827865956,0.296551475491,0.288578574617
0.188024397242,0.360356483816,0.162694359009,0.288924759932
0.268572498304,0.246937899866,0.271293371598,0.213196230233
0.0172113137017,0.396380270538,0.231074545408,0.355333870353
0.187140531045,0.448719338493,0.0332525036625,0.3308876268
0.0624439702944,0.0720001018262,0.342460863546,0.523095064333
0.195867160868,0.474771630601,0.188828130526,0.140533078005
0.181558740458,0.159931289908,0.117679071527,0.540830898107
0.257495361492,0.273787346053,0.198747570519,0.269969721936
0.327966661642,0.321502839702,0.314617913194,0.0359125854623
0.042501091778,0.177114811823,0.593193359263,0.187190737135
0.213523274136,0.347447952294,0.167545291026,0.271483482543
0.16530989305,0.48927725217,0.00286584874739,0.342547006032
0.147444786028,0.0425890715661,0.507518241821,0.302447900585
0.315325724633,0.467565559363,0.108075705195,0.109033010809
0.267470484627,0.285172455069,0.312599879104,0.1347571812
0.315923720699,0.335991498737,0.332466201655,0.0156185789097
0.0472433082923,0.224802973045,0.0979422538984,0.630011464764
0.354076773631,0.113201101165,0.301190189512,0.231531935692
0.27656834479,0.0304749016146,0.384583286934,0.308373466661
0.108325076721,0.0938803612193,0.646762543075,0.151032018985
0.330586718276,0.250816505022,0.167718616859,0.250878159844
0.282786007012,0.332663832356,0.126999131373,0.257551029259
0.360434470522,0.224205964065,0.147901375852,0.267458189561
0.301435950922,0.17746759455,0.290884423678,0.230212030851
0.11840746263,0.237114250872,0.101185208413,0.543293078084
0.0829148931954,0.465664455282,0.0417439765569,0.409676674966
0.286617422637,0.195629319519,0.366252743964,0.151500513879
0.410408802327,0.15877617137,0.341748461603,0.0890665647004
0.171596667528,0.267019070077,0.354032091659,0.207352170736
0.0441477898825,0.491474182051,0.236987156704,0.227390871362
0.229245263949,0.301973281992,0.406505794052,0.0622756600069
0.164662822261,0.377381994236,0.195683933992,0.26227124951
0.324829232513,0.296178311549,0.158852192046,0.220140263892
0.336221582852,0.287224893807,0.176413403522,0.200140119819
0.382618114857,0.0888033583292,0.139328096358,0.389250430455
0.181673426148,0.366234713166,0.322586994363,0.129504866324
0.574334420716,0.118972436043,0.106808043717,0.199885099524
0.503153128449,0.202546962545,0.278069063772,0.0162308452348
0.440039411849,0.036251421592,0.34389988895,0.179809277609
0.263722507631,0.263144922099,0.233924604693,0.239207965576
0.343077045402,0.238253849163,0.0840505610695,0.334618544366
0.146718270144,0.444017999083,0.0522141397245,0.357049591048
0.238536275973,0.119522385664,0.289894381592,0.352046956772
0.00969534999569,0.796603244369,0.0410578455185,0.152643560117
0.337916381978,0.212285077555,0.0989966724699,0.350801867997
0.112001663199,0.105837996241,0.560870101177,0.221290239383
0.239131957096,0.21110863905,0.296382607297,0.253376796557
0.049574352935,0.614205610054,0.0275507833922,0.308669253619
0.0528202820153,0.192117405189,0.169972028327,0.585090284469
0.415795166668,0.489034248292,0.0291226757222,0.0660479093178
0.211170203214,0.268290553417,0.262929645823,0.257609597545
0.316463754742,0.0811411394631,0.179039226891,0.423355878903
0.143836870105,0.229138055468,0.135219358523,0.491805715904
0.0169214279851,0.349094138461,0.277476584986,0.356507848568
0.266175419139,0.234952582657,0.357022892312,0.141849105892
0.52552613599,0.017641319783,0.407208182683,0.0496243615437
0.418696192387,0.016269982763,0.20250929824,0.362524526611
0.0388020563174,0.603474512345,0.0756876594207,0.282035771917
0.412946516655,0.305871426464,0.25530690049,0.0258751563913
0.362219179143,0.174550491298,0.0998186714996,0.363411658059
0.304060073275,0.0900258164385,0.246844280573,0.359069829713
0.225300118255,0.240540627264,0.244923638798,0.289235615683
0.0530237520064,0.364904217236,0.0984394604132,0.483632570344
0.0932799374072,0.195463981084,0.222151853336,0.489104228173
0.419335468506,0.0406077564122,0.222655691042,0.31740108404
0.245822755159,0.279307329013,0.324281969869,0.150587945958
0.110987389833,0.256208925669,0.300615508458,0.33218817604
0.122702202091,0.252573513368,0.376533194583,0.248191089958