0.145226501014,0.0743713337064,0.371841011174,0.408561154105
0.0124651136594,0.383631214223,0.538251079695,0.0656525924228
0.329040266693,0.421469506901,0.0458878755076,0.203602350898
0.118842580601,0.543749483124,0.12742085964,0.209987076635
0.180066373805,0.421088851971,0.279059248451,0.119785525773
0.18098039988,0.135403382232,0.549629799318,0.13398641857
0.0654919691512,0.410589140294,0.0935423338122,0.430376556742
0.0520145802906,0.221674136346,0.43694778883,0.289363494534
0.367182827151,0.172815238267,0.210678148978,0.249323785604
0.290248515384,0.233994657547,0.188651002603,0.287105824466
0.335868664037,0.405571854284,0.0250859421562,0.233473539523
0.263831734593,0.24328384292,0.218418463083,0.274465959405
0.255406436681,0.156666937873,0.320392876862,0.267533748585
0.182290994805,0.32365801337,0.211145818529,0.282905173296
0.0346963692806,0.259105611671,0.4986173458,0.207580673248
0.250139098894,0.419387746771,0.0422596390402,0.288213515295
0.342052664611,0.30885842206,0.106456054531,0.242632858798
0.33574990511,0.0590701470585,0.353335150896,0.251844796936
0.185037243663,0.353243535211,0.15687082834,0.304848392785
0.231086911699,0.247231101273,0.149834768255,0.371847218773
0.274739338063,0.244558630597,0.317996150703,0.162705880638
0.297745675015,0.377570780197,0.152603742147,0.172079802641
0.187761038274,0.243041500346,0.274861717155,0.294335744225
0.31544219307,0.148953752508,0.254257632719,0.281346421702
0.00482823637156,0.290960904265,0.514678637749,0.189532221615
0.103428756207,0.461680706932,0.123870976478,0.311019560382
0.165313992175,0.341059439511,0.317434606831,0.176191961483
0.329233263262,0.288673022069,0.277718360242,0.104375354427
0.177845348627,0.155801243075,0.342936883132,0.323416525165
0.067101451186,0.141884785738,0.397705189535,0.393308573541
0.203677818348,0.303596025274,0.27267885207,0.220047304308
0.801778921116,0.0638630993479,0.0916553277241,0.0427026518118
0.442959024296,0.343669440818,0.0957700617953,0.117601473091
0.213865168269,0.0135883131593,0.435972495739,0.336574022832
0.0307050297264,0.564992781642,0.403180979422,0.0011212092087
0.121158031559,0.0952265411661,0.351719252676,0.431896174598
0.135569883663,0.0182258935284,0.284630051348,0.56157417146
0.0184814448979,0.431286147793,0.473968869718,0.0762635375913
0.368564561523,0.176162177266,0.218165885597,0.237107375615
0.317350557743,0.182646929049,0.163088736099,0.336913777108
0.134206131589,0.344251496484,0.13419520173,0.387347170197
0.353478040004,0.172875044967,0.206460815691,0.267186099338
0.00695340068536,0.36298711198,0.240040561436,0.390018925898
0.155526132493,0.198579121687,0.433846517305,0.212048228516
0.283142704511,0.0601205587959,0.350695788649,0.306040948044
0.186843557526,0.160137141317,0.380849622329,0.272169678828
0.231242495886,0.0655530591129,0.42330190902,0.279902535981
0.0311848751747,0.0490334818055,0.394010944782,0.525770698238
0.0794493955596,0.3965669408,0.283396837273,0.240586826368
0.304423037714,0.0715463450489,0.146815331965,0.477215285272
0.138259754876,0.33588006111,0.447068572768,0.078791611246
0.276551688639,0.103655163379,0.222395166249,0.397397981733
0.0211292593444,0.4176049287,0.364654180891,0.196611631065
0.376580571608,0.325557327869,0.0380742940531,0.25978780647
0.303657340227,0.110063586706,0.396058250019,0.190220823047
0.0621721612992,0.39692757287,0.318593735288,0.222306530543
0.562960180101,0.25777206924,0.0323911725085,0.146876578151
0.208427220521,0.407913439777,0.0317610302208,0.351898309481
0.42283343454,0.205924285754,0.0227282327311,0.348514046975
0.61380443092,0.0400468110983,0.0133963735871,0.332752384395
0.227563380871,0.462621800893,0.218715837995,0.0910989802407
0.20166398992,0.275744187383,0.20850025929,0.314091563407
0.491341172943,0.0466010985434,0.123399063803,0.338658664711
0.332863519156,0.290483436565,0.0826869123703,0.293966131909
0.0588026104503,0.285640761405,0.366134094621,0.289422533524
0.191831852398,0.23365531883,0.35605871355,0.218454115223
0.0657485733995,0.310436316069,0.0997699414856,0.524045169046
0.497678497958,0.101756531484,0.301503698996,0.0990612715621
0.112203973792,0.295120374461,0.388699689677,0.20397596207
0.289502407412,0.304808257893,0.195599171764,0.210090162931
0.156769855199,0.343797302295,0.329627440956,0.16980540155
0.425560076711,0.357398881126,0.176779708515,0.0402613336477
0.314371282076,0.458164478752,0.219429690754,0.00803454841827
0.0211383358925,0.424645926892,0.131127907518,0.423087829698
0.416431238125,0.0517284114442,0.26787207704,0.263968273391
0.375696218484,0.282748818278,0.0462766515901,0.295278311648
0.236695912685,0.103735573294,0.234187004083,0.425381509939
0.252927499125,0.222959711842,0.0745139890846,0.449598799948
0.493965325198,0.0451890110882,0.185568728837,0.275276934877
0.44110877338,0.0704282203579,0.276842885528,0.211620120734
0.286518167697,0.146060929723,0.286577674982,0.280843227598
0.236571579172,0.0249034280384,0.281103372835,0.457421619955
0.110645095506,0.359496360928,0.313452910667,0.2164056329
0.347387203664,0.226703432703,0.270544829378,0.155364534254
0.393559526436,0.282981867564,0.175145709908,0.148312896091
0.366520553079,0.547425459675,0.0846260975366,0.00142788970866
0.279301880324,0.321184309233,0.0723794138664,0.327134396577
0.432769421963,0.0979083181935,0.0618609535809,0.407461306262
0.209130899228,0.371478468585,0.156449016565,0.262941615621
0.0196824113982,0.29780672641,0.323558811413,0.358952050779
0.357123864388,0.00747938899328,0.176304220602,0.459092526017
0.0991949730198,0.300169014537,0.265145264631,0.335490747811
0.179106327058,0.329351527219,0.24023797386,0.251304171863
0.256865175244,0.283873891819,0.187939783013,0.271321149923
0.397470153239,0.33256003104,0.218323608178,0.051646207543
0.268398555035,0.257022665557,0.270106861129,0.204471918278
0.295962890092,0.415727637768,0.225652987485,0.062656484656
0.315087767464,0.0915437650369,0.503442189793,0.0899262777067
0.162149701597,0.411824809441,0.381568338948,0.0444571500146
0.0729184184095,0.494219572711,0.172059396924,0.260802611956
0.189094278314,0.233787747315,0.303383351159,0.273734623211
0.296968456172,0.0582533646677,0.170255643319,0.474522535842
0.405229852722,0.0674242980099,0.279924925112,0.247420924156
0.246043650493,0.34651889019,0.169431264076,0.238006195241
0.2118662778,0.311597591016,0.295710461027,0.180825670157
0.327270115024,0.128376865019,0.337233263351,0.207119756606
0.261870185097,0.430038564072,0.163118461413,0.144972789418
0.356892488032,0.113254263185,0.249370790246,0.280482458537
0.498087879965,0.132448262204,0.0479021559611,0.32156170187
0.422238812535,0.338714594235,0.176778359268,0.0622682339612
0.2963777528,0.175473623379,0.27399337634,0.254155247481
0.226930898087,0.23918772406,0.173472539585,0.360408838267
0.35579919906,0.319878639786,0.00934378130683,0.314978379847
0.257165658956,0.556749273081,0.106779373499,0.0793056944641
0.230223366986,0.218328692677,0.292134219938,0.2593137204
0.0454769630893,0.145580392755,0.109753450508,0.699189193648
0.44415078453,0.413913941044,0.0566448523363,0.0852904220897
0.0772037956944,0.38896749239,0.0330627862576,0.500765925658
0.296759698289,0.0835267727023,0.327016479035,0.292697049974
0.277268015421,0.163106135356,0.180030727979,0.379595121244
0.324451717804,0.231412774825,0.119456706137,0.324678801234
0.0397020445284,0.404747388434,0.211619468139,0.343931098898
0.439584764684,0.256880294043,0.164682797968,0.138852143305
0.112458578739,0.0164721530825,0.790968064865,0.0801012033139
0.503222924006,0.409401974415,0.0558419406384,0.0315331609403
0.455192525059,0.09610504248,0.327165932536,0.121536499926
0.14069209879,0.268648600082,0.253928318528,0.3367309826
0.0674012534764,0.412537236056,0.23378279805,0.286278712417
0.271965694706,0.190475814322,0.180335703899,0.357222787073
0.0748988964848,0.19061252508,0.727732619124,0.00675595931144
0.0690152670647,0.428677315106,0.00673978062328,0.495567637206
0.1873866629,0.156066882025,0.454610849704,0.201935605371
0.307012024965,0.220602754949,0.278232808238,0.194152411847
0.394759973284,0.114339203631,0.129099131199,0.361801691886
0.257836088565,0.115105664975,0.347371126822,0.279687119638
0.421996545019,0.404236991397,0.129161601201,0.0446048623829
0.150319019933,0.292379023161,0.392119123448,0.165182833457
0.105914497989,0.291815806614,0.3991344048,0.203135290596
0.111601946622,0.245378735224,0.257308541521,0.385710776632
0.0699674580474,0.331290257201,0.32751261615,0.271229668602
0.504418422946,0.181905744764,0.146664862961,0.167010969329
0.211814864625,0.291914975091,0.28940794327,0.206862217014
0.163018916751,0.34188212017,0.456892599478,0.038206363601
0.524509378742,0.280874532176,0.172878115396,0.0217379736859
0.386413639164,0.164489294038,0.265834392139,0.183262674658
0.260312990732,0.141276751076,0.238587489381,0.359822768811
0.305955215386,0.391277991435,0.0250986271309,0.277668166049
0.184959272599,0.39870724866,0.0423708174383,0.373962661302
0.378292450936,0.349783084495,0.0906478941595,0.181276570409
0.249016129115,0.329489520084,0.346935753428,0.0745585973727
0.396176269181,0.281988725687,0.135392064304,0.186442940828
0.0959980975407,0.242105483767,0.453190095081,0.208706323611
0.1810778008,0.408501241498,0.202058041011,0.208362916691
0.316283101755,0.393538811339,0.185577716989,0.104600369917
0.197380972393,0.344958853962,0.161574800217,0.296085373428
0.101010260724,0.280785096802,0.32614242316,0.292062219314
0.1729361849,0.271477344135,0.203551771461,0.352034699503
0.274933926853,0.0862858113205,0.358323794389,0.280456467437
0.221759933726,0.405782066668,0.118745830226,0.25371216938
0.0977346232598,0.113345050517,0.453573309555,0.335347016667
0.0139683019547,0.344057267472,0.446553096404,0.195421334169
0.105221868527,0.212695632817,0.471421793929,0.210660704726
0.291548948663,0.221070697814,0.174672093909,0.312708259613
0.500188317793,0.167198375712,0.244747819864,0.0878654866307
0.256545126847,0.325082407431,0.33343859628,0.0849338694419
0.37758764617,0.17925427191,0.430833211431,0.0123248704896
0.35955141186,0.0216829659609,0.12870663623,0.490058985949
0.23738179417,0.498484923228,0.210047057408,0.0540862251941
0.320112712158,0.0654839319418,0.0517722278693,0.562631128031
0.219749717655,0.139489508625,0.140157553575,0.500603220145
0.199553246358,0.278171728395,0.239810505267,0.282464519981
0.0981396210673,0.262573172592,0.365980207992,0.273306998349
0.0670996839122,0.442362544765,0.185164538339,0.305373232983
0.432142674798,0.215146049004,0.341083507667,0.0116277685312
0.374151881248,0.0217479100314,0.212645915654,0.391454293066
0.0781946665589,0.426054776024,0.392304668462,0.103445888955
0.223921547702,0.233292820626,0.207047435844,0.335738195828
0.252234894235,0.199021308263,0.110051541229,0.438692256274
0.47540523207,0.343320477237,0.00351484984974,0.177759440843
0.319777931011,0.310040728916,0.0567373099785,0.313444030094
0.0287332014183,0.26703844028,0.360004281979,0.344224076323
0.431072389314,0.253568648554,0.190552365848,0.124806596284
0.145971404369,0.140915876123,0.356522856126,0.356589863382
0.30562015135,0.0865402058395,0.283975246199,0.323864396612
0.267165464602,0.316266944984,0.0096412091488,0.406926381265
0.314003131463,0.412095161343,0.0011469725646,0.27275473463
0.174436878824,0.216520081857,0.454764757741,0.154278281578
0.100602081787,0.2843959939,0.347244655878,0.267757268436
0.230615954707,0.292274779225,0.305798993526,0.171310272542
0.08652042276,0.217934602117,0.594406200886,0.101138774237
0.32123079873,0.184763368389,0.477174001469,0.0168318314117
0.209452512096,0.326187179162,0.120046284487,0.344314024255
0.345339375836,0.294378585968,0.310465280368,0.0498167578271
0.404175711624,0.101944304083,0.409557332627,0.0843226516662
0.474950738408,0.0160241292489,0.10238579896,0.406639333384
0.266481076038,0.291975776841,0.379475343973,0.062067803148
0.0216501727977,0.578879310344,0.272416975077,0.127053541781
0.274181951784,0.164661860803,0.297074049546,0.264082137867
0.610825143118,0.120454343446,0.0862205875152,0.182499925921
0.310941185126,0.275934195955,0.333479364066,0.0796452548529