0.241816678163,0.379373799617,0.334493327402,0.0443161948177
0.223753265052,0.216779680118,0.184274499487,0.375192555344
0.309798298667,0.111176778301,0.251720760922,0.327304162109
0.230575995309,0.17811134407,0.351544678783,0.239767981838
0.0919785610988,0.264862151505,0.300526789403,0.342632497994
0.0124940882404,0.254325202,0.428738466056,0.304442243703
0.202371234104,0.398408689188,0.235882284422,0.163337792286
0.628112238259,0.143318672807,0.218938518044,0.00963057088999
0.102840162272,0.10266571919,0.326652273879,0.467841844658
0.299204187754,0.367808391676,0.271539736699,0.0614476838716
0.114814186254,0.31622755983,0.0242603822784,0.544697871637
0.480574990574,0.0676395087358,0.203816327737,0.247969172953
0.185691237707,0.564997561547,0.0219935214506,0.227317679296
0.316163952896,0.350965188053,0.252837759726,0.0800330993253
0.153325661473,0.303930810876,0.126653575575,0.416089952076
0.293076950472,0.228089959051,0.177756137316,0.301076953161
0.423691075268,0.109138400747,0.291948621089,0.175221902897
0.269229231868,0.256939252743,0.338231755064,0.135599760325
0.0805316898718,0.424642162725,0.261723725928,0.233102421475
0.007642137401,0.363684664424,0.229780232507,0.398892965668
0.147924858686,0.137782413489,0.426946548876,0.28734617895
0.301290640075,0.100706417196,0.516407046944,0.0815958957844
0.00925665123086,0.41323556376,0.327379167235,0.250128617774
0.318982839761,0.0491218910243,0.00610502831678,0.625790240898
0.0178023780537,0.198656485841,0.285072632554,0.498468503551
0.15091041007,0.312802598462,0.0684110858846,0.467875905583
0.132414526367,0.18386664462,0.462465819523,0.22125300949
0.0671498328546,0.477804169835,0.237046373112,0.217999624198
0.246365201447,0.253098223352,0.279986568832,0.22055000637
0.281110897367,0.0361747391957,0.302936856625,0.379777506812
0.223068983795,0.352435428457,0.245233181013,0.179262406734
0.343711689884,0.284840840697,0.0680616619346,0.303385807485
0.416414978899,0.105564062324,0.296025064889,0.181995893887
0.187695542846,0.231944201646,0.302770458233,0.277589797275
0.24222444315,0.332614506329,0.12094524807,0.304215802452
0.145085273354,0.39975967789,0.352432219021,0.102722829735
0.24814727632,0.191968425178,0.27521226854,0.284672029963
0.05621030236,0.142931060072,0.364864253723,0.435994383845
0.0824374538184,0.41398801797,0.0885773786833,0.414997149528
0.0549116588864,0.407642437871,0.29980606215,0.237639841093
0.50777772713,0.227332746593,0.0425420348444,0.222347491433
0.324750989536,0.174105416405,0.336293808375,0.164849785684
0.316206114663,0.0857726511888,0.373471811469,0.22454942268
0.174272670563,0.360672659459,0.342825592561,0.122229077418
0.281519061408,0.0611890284306,0.291787386429,0.365504523732
0.4291132118,0.503928356093,0.0293669994529,0.0375914326542
0.407023739324,0.565289299591,0.00180184528032,0.0258851158052
0.319816304559,0.000208768429243,0.47542197599,0.204552951022
0.226626481899,0.243526772203,0.265391297689,0.264455448208
0.367561236933,0.117706030608,0.204396851324,0.310335881135
0.49256297981,0.0147871636823,0.242044754908,0.250605101599
0.194073170727,0.235353003701,0.261197192445,0.309376633127
0.234822595701,0.218619587883,0.27830956456,0.268248251856
0.16377384037,0.237477356381,0.376486664385,0.222262138864
0.555071900192,0.132090550575,0.152073929777,0.160763619457
0.422016388265,0.167210573651,0.237631915481,0.173141122602
0.295000324767,0.117707921455,0.205278850571,0.382012903207
0.140155379447,0.372171022447,0.130782676774,0.356890921332
0.421492275407,0.0721508671894,0.363586105881,0.142770751522
0.518436600083,0.313842621997,0.0687555158353,0.0989652620842
0.303128050125,0.344723024711,0.172921206148,0.179227719017
0.130703305774,0.362987766661,0.247977591685,0.25833133588
0.0153725021853,0.179551796169,0.418301641879,0.386774059767
0.358861190274,0.293969285805,0.160618290462,0.186551233459
0.262997400638,0.316868652242,0.274356986152,0.145776960967
0.246504228917,0.442538931484,0.172178643905,0.138778195693
0.0364862969835,0.512106519846,0.302301233204,0.149105949967
0.201100594123,0.289622616251,0.202363829771,0.306912959855
0.266216218134,0.0348524936719,0.317691462952,0.381239825242
0.205090012197,0.330241297644,0.321856591633,0.142812098526
0.175945195168,0.477068098284,0.30931848299,0.0376682235581
0.382854723857,0.384139324216,0.0210985430211,0.211907408906
0.295188559738,0.287332781459,0.143614212901,0.273864445902
0.123811927607,0.376996856733,0.253444105235,0.245747110425
0.199530822749,0.425552763752,0.0562141110001,0.318702302499
0.068934042884,0.134441030608,0.638716978722,0.157907947787
0.173582184473,0.0108939661398,0.462299643018,0.353224206369
0.305497527234,0.113384611737,0.260826760717,0.320291100311
0.44168535541,0.365712516207,0.0260336111516,0.166568517232
0.0386700986209,0.233206544871,0.290703042346,0.437420314162
0.302810486147,0.154697592819,0.166521021511,0.375970899523
0.280667251332,0.379356804369,0.0875224330334,0.252453511266
0.112750155738,0.459765511026,0.145155168451,0.282329164785
0.14388766869,0.181895074324,0.562181050027,0.112036206959
0.28495136249,0.191927140725,0.286355396975,0.23676609981
0.0386344328765,0.792625178794,0.0725548432146,0.0961855451152
0.0856845111289,0.0932466452608,0.151217207818,0.669851635792
0.228545413028,0.125560913464,0.363121714601,0.282771958906
0.182632225874,0.262305281771,0.330736440931,0.224326051425
0.334513293375,0.305146302429,0.0393355712174,0.321004832979
0.500090438459,0.335554190175,0.058333185746,0.10602218562
0.122685874889,0.18632515387,0.299932606444,0.391056364798
0.133305196906,0.216230371,0.167040965442,0.483423466652
0.682901022081,0.10744804513,0.0248667355221,0.184784197267
0.406342972903,0.220871992781,0.343267316527,0.0295177177888
0.00636417992248,0.00151098338339,0.720862461767,0.271262374927
0.362704615559,0.138764003576,0.191165605967,0.307365774897
0.304166747642,0.0246842584213,0.114040920469,0.557108073468
0.207218550106,0.135367336058,0.34472461555,0.312689498286
0.311827525184,0.178985415485,0.082443165167,0.426743894164
0.193735274386,0.364439346875,0.425479548046,0.0163458306936
0.13761326618,0.523226266819,0.225351850251,0.113808616749
0.0985679688187,0.37576044606,0.185498187564,0.340173397558
0.409852449469,0.0913463163994,0.182553945432,0.3162472887
0.234769287024,0.219986786592,0.20580529701,0.339438629373
0.446143751673,0.103334881671,0.265466562376,0.18505480428
0.0312901391532,0.457095455469,0.0530320014811,0.458582403896
0.334306062971,0.318338696014,0.219696165391,0.127659075624
0.275772882719,0.221432915492,0.308311087676,0.194483114113
0.322089801768,0.256303474408,0.126601143011,0.295005580814
0.517255551544,0.308499650645,0.129491499816,0.0447532979945
0.232262424966,0.125509175816,0.28460514217,0.357623257047
0.365109102418,0.272302921174,0.102302714329,0.260285262079
0.282615772291,0.405875431745,0.0770114913653,0.234497304599
0.593617412497,0.185242488116,0.143503108832,0.0776369905547
0.24257435558,0.117647676608,0.305090371091,0.33468759672
0.249233447027,0.0672537897935,0.284495455326,0.399017307854
0.24749803645,0.221268669467,0.247308614456,0.283924679627
0.0874171896126,0.309673503045,0.156256207562,0.44665309978
0.170559276147,0.488438218471,0.0866276988845,0.254374806497
0.447793594665,0.161432538909,0.35760249864,0.0331713677867
0.0456710142927,0.431572036257,0.175897428422,0.346859521029
0.192580518413,0.0539922840602,0.277469571639,0.475957625888
0.30268162841,0.0904462681402,0.339607083489,0.267265019961
0.13842415069,0.314299110322,0.218123094477,0.329153644511
0.504899359548,0.0140352889121,0.243262878219,0.237802473321
0.0981584386431,0.195222135365,0.328996612385,0.377622813606
0.20489802597,0.343238832788,0.189494092851,0.26236904839
0.253755122494,0.397766476318,0.257526263541,0.0909521376475
0.392322492657,0.328380369775,0.183023380628,0.0962737569407
0.205793560554,0.19968395897,0.560849948276,0.0336725321996
0.388559475063,0.160125525322,0.324187763213,0.127127236402
0.242434940898,0.319738106124,0.0386938489592,0.399133104019
0.239682092603,0.0403890691196,0.511751093149,0.208177745128
0.0370003533343,0.349333822699,0.214767128087,0.398898695879
0.237947417232,0.334223874143,0.204052143174,0.223776565451
0.312935314794,0.200646008609,0.113991772839,0.372426903758
0.346257066689,0.183880632272,0.268432573888,0.201429727151
0.15920123299,0.0821022498721,0.26422270203,0.494473815108
0.0852621654239,0.176509461963,0.425319313496,0.312909059117
0.278410930486,0.227820078597,0.0797550943014,0.414013896615
0.206038320165,0.380527917194,0.389107807778,0.0243259548626
0.0974859697999,0.317321659254,0.299783778297,0.285408592649
0.0981169466973,0.209771030353,0.077776876503,0.614335146447
0.234124699914,0.235505771045,0.20964436663,0.320725162411
0.304240752482,0.217205256366,0.101456714447,0.377097276705
0.400277014533,0.143421407656,0.32516771374,0.131133864071
0.501857556074,0.296580327559,0.192142408145,0.00941970822223
0.361794063222,0.0931262145568,0.261744593976,0.283335128245
0.255463516264,0.106954496339,0.500561266358,0.13702072104
0.340704166792,0.41764398674,0.235009025632,0.00664282083633
0.080169050616,0.145551821519,0.333865863035,0.44041326483
0.541926378493,0.0397363702709,0.151876684844,0.266460566392
0.0515844273127,0.0099717461061,0.625746106198,0.312697720383
0.0904413543927,0.301077913842,0.183497974574,0.424982757191
0.11167256741,0.0246853491543,0.299646909562,0.563995173874
0.492357118097,0.137593779667,0.292592789099,0.0774563131375
0.245068674939,0.230122956243,0.300100482628,0.22470788619
0.526335308818,0.352498566197,0.0589930295278,0.062173095457
0.294309646835,0.520429891942,0.119063463829,0.0661969973948
0.171491722083,0.312332876048,0.459538454463,0.0566369474056
0.306977428597,0.247234290552,0.37042476963,0.0753635112208
0.220219424267,0.215662849406,0.303784651161,0.260333075167
0.272789001471,0.285298763844,0.121092890337,0.320819344348
0.310960864441,0.578649054331,0.018830172355,0.0915599088731
0.0820929810301,0.307615107216,0.501567896276,0.108724015478
0.187762205971,0.3346843969,0.288421208683,0.189132188446
0.145990053986,0.25228261542,0.217061292407,0.384666038187
0.644600738347,0.0748076624806,0.216407260301,0.0641843388719
0.467000357741,0.0633202899518,0.0849417805482,0.384737571759
0.192101426683,0.04288731596,0.425320627581,0.339690629776
0.171647027292,0.503900180972,0.0608128045163,0.26363998722
0.371819031742,0.273940784985,0.0608190134341,0.293421169839
0.120602592035,0.0284404244629,0.345293188661,0.505663794841
0.318581380345,0.208560006076,0.184244503033,0.288614110546
0.157063550328,0.0755491781585,0.384021429075,0.383365842439
0.136730292414,0.452218548352,0.0504669916488,0.360584167585
0.184784395942,0.16073291942,0.198853973749,0.455628710889
0.0896501312278,0.256104292475,0.0262780713545,0.627967504943
0.660545972094,0.154939041643,0.178121491603,0.00639349466024
0.203787372757,0.356850276742,0.322196667756,0.117165682745
0.349351047424,0.0320855985092,0.238794745861,0.379768608206
0.126537915608,0.334995887936,0.151174312186,0.38729188427
0.240683031885,0.329593835087,0.226696139119,0.20302699391
0.140534258753,0.343122470657,0.197248041689,0.3190952289
0.0665175123136,0.208977190234,0.163788028129,0.560717269323
0.261491908401,0.10214465601,0.251520536736,0.384842898852
0.257981290624,0.160740632781,0.304054687842,0.277223388754
0.326681109067,0.296522602622,0.243440178424,0.133356109887
0.313269309195,0.265954009049,0.341344377249,0.0794323045068
0.334269159098,0.190776516894,0.0610353835903,0.413918940418
0.191749549247,0.319356470571,0.229081330777,0.259812649406
0.330876046647,0.124129276188,0.240616405554,0.304378271611
0.310364144727,0.308772099271,0.111503550813,0.269360205188
0.404490056687,0.250623130962,0.17436345766,0.170523354692
0.364654132113,0.354690952032,0.139132619514,0.141522296341
0.370442536853,0.163978745308,0.164641886905,0.300936830934
0.166088521479,0.298636267737,0.273220871296,0.262054339488
0.071521087677,0.386294138638,0.140481735807,0.401703037878
0.042471596779,0.37029048235,0.280050685783,0.307187235088