0.232730425769,0.300711608999,0.258446914823,0.208111050408
0.157388013739,0.0686028551821,0.457576904993,0.316432226086
0.152879235878,0.457274277919,0.230355293409,0.159491192794
0.570899909593,0.108137441692,0.207618781999,0.113343866716
0.232264996969,0.265434223261,0.229050277532,0.273250502238
0.388320959571,0.0841653373588,0.136911424221,0.390602278849
0.322085185159,0.148465706346,0.430590110373,0.0988589981218
0.158714806837,0.164113094711,0.507054433229,0.170117665222
0.361485556344,0.480060184698,0.0261574391627,0.132296819796
0.0243338195915,0.266356701903,0.359155750809,0.350153727696
0.335030103089,0.0952322971274,0.437607007711,0.132130592072
0.173223840459,0.17491700716,0.455757662459,0.196101489922
0.318708340997,0.280437544027,0.340419929931,0.0604341850437
0.200208861455,0.159045076457,0.295982692978,0.344763369109
0.212120737442,0.354503803774,0.149387273264,0.28398818552
0.0192114399503,0.403976186353,0.158829393226,0.417982980471
0.154487265179,0.365296671321,0.175011188011,0.305204875489
0.386238167875,0.286123100437,0.264980501189,0.0626582304993
0.28819538355,0.177770646513,0.388611050555,0.145422919382
0.116296835128,0.197437089533,0.655048557619,0.0312175177212
0.0829426433568,0.2347974838,0.273814985351,0.408444887492
0.453588290252,0.00661727674043,0.13078890047,0.409005532538
0.328232741824,0.157165146341,0.0471597588264,0.467442353009
0.0912367416187,0.550587245876,0.226989294223,0.131186718282
0.342738956144,0.32760000644,0.299272423753,0.0303886136628
0.295351860052,0.0555348934054,0.319059062772,0.330054183771
0.0127200151859,0.740343761461,0.00531860054242,0.241617622811
0.166920766056,0.239916081293,0.479517608176,0.113645544476
0.107379281727,0.277052933764,0.143860426709,0.4717073578
0.311427770336,0.377729346489,0.0584400777551,0.25240280542
0.404042334182,0.15059662032,0.245897250851,0.199463794647
0.0381656598542,0.491929687969,0.140447996638,0.329456655538
0.190018686428,0.284637836894,0.521955895724,0.00338758095348
0.136278166282,0.370765136825,0.34761292905,0.145343767842
0.253288827536,0.0619306015662,0.439438063545,0.245342507353
0.335404359096,0.149646006407,0.0970911869467,0.41785844755
0.320262705399,0.217144939195,0.228272675872,0.234319679534
0.300887254212,0.131508094014,0.252880171997,0.314724479777
0.318360970537,0.258745386226,0.176491220899,0.246402422338
0.320845345014,0.384224608457,0.118863553956,0.176066492573
0.288235548578,0.429948843511,0.211937560811,0.0698780471004
0.0128177016533,0.168234663907,0.429393902014,0.389553732426
0.308326760079,0.352305815067,0.131081292857,0.208286131997
0.35485190454,0.407133645243,0.0869648157035,0.151049634514
0.441749855055,0.1762162486,0.262566199697,0.119467696647
0.202606225181,0.246309225848,0.0803157134121,0.470768835559
0.189156424027,0.131822216663,0.32312359632,0.355897762989
0.305503046061,0.322380906348,0.155196324932,0.216919722659
0.233991030162,0.292843486607,0.165205997429,0.307959485802
0.106384761022,0.0760977645376,0.301392234335,0.516125240106
0.274738300616,0.299789426257,0.0106459981116,0.414826275015
0.34624260161,0.136720054044,0.21860283705,0.298434507296
0.309500062424,0.495110708728,0.0227799566096,0.172609272238
0.0481733827085,0.392585461354,0.00831212195047,0.550929033987
0.35545717599,0.05923872251,0.417198116385,0.168105985115
0.0575458104439,0.273930899438,0.318984350025,0.349538940093
0.300005835806,0.402829941747,0.231986934561,0.0651772878858
0.0570098691093,0.0682420636537,0.602531687495,0.272216379742
0.282264633327,0.214995538889,0.376681182126,0.126058645659
0.346270814031,0.346418700142,0.146086617752,0.161223868075
0.559824064382,0.133936760816,0.0269276436065,0.279311531196
0.349025008757,0.0665598195036,0.289280076903,0.295135094837
0.116667667084,0.49514118985,0.286431624182,0.101759518883
0.236361132848,0.0744961704767,0.430640736108,0.258501960568
0.287145559166,0.369222185023,0.337887253116,0.00574500269591
0.0887145247541,0.398332222898,0.2119004254,0.301052826948
0.19025792568,0.329298143429,0.0948706007977,0.385573330094
0.374424671926,0.0298042068319,0.284451470114,0.311319651127
0.223224494662,0.327642655866,0.327484891498,0.121647957973
0.287015732547,0.475905912313,0.225565491646,0.0115128634944
0.205154850159,0.154799326557,0.304621648978,0.335424174306
0.00522628911452,0.296004190092,0.627456344737,0.0713131760572
0.109666908256,0.332920315083,0.323138377826,0.234274398835
0.339004766044,0.271191259048,0.22121375079,0.168590224119
0.36224522016,0.133422216646,0.264412709367,0.239919853826
0.300560400694,0.289000993165,0.304200432336,0.106238173804
0.0497979385078,0.603810107799,0.0254957502823,0.320896203411
0.394817602964,0.112545147604,0.250636388448,0.242000860983
0.00196996140883,0.30520887056,0.353247700788,0.339573467243
0.166499751202,0.313850593913,0.322084561275,0.19756509361
0.236443083341,0.0231090950261,0.127485945743,0.61296187589
0.408879899361,0.207985948905,0.202559310186,0.180574841549
0.00138473739512,0.0822508154368,0.536630366336,0.379734080833
0.0957406109833,0.277537804383,0.423185212819,0.203536371815
0.256953444008,0.33120411271,0.265812319542,0.14603012374
0.0603496849321,0.399480318343,0.187798668307,0.352371328419
0.290353415245,0.188286649063,0.306717313405,0.214642622288
0.297426112622,0.27217036523,0.019394243565,0.411009278584
0.415100409109,0.0477607229249,0.331162903671,0.205975964295
0.484426451548,0.449879777549,0.00170407094132,0.0639896999615
0.104585708701,0.40594120055,0.453342667854,0.0361304228949
0.280519015417,0.149900909609,0.489916577452,0.0796634975224
0.430189819968,0.43643595565,0.0885924088814,0.0447818155005
0.187106292603,0.2193640362,0.473107419266,0.120422251931
0.202912096691,0.140411918414,0.367422802456,0.289253182438
0.235245215245,0.303986622193,0.373085545143,0.0876826174198
0.549415814378,0.118194588364,0.0916356418603,0.240753955397
0.586269495099,0.142296594613,0.180879879639,0.0905540306487
0.415995036699,0.305652368658,0.209947179068,0.0684054155749
0.187337540435,0.272483345268,0.246805278605,0.293373835692
0.508185840422,0.0754460859778,0.129417718309,0.286950355291
0.380503395081,0.215649202605,0.121006254911,0.282841147403
0.181067161959,0.286078940111,0.320666372648,0.212187525282
0.168457510676,0.224650770624,0.280134580162,0.326757138537
0.131444650929,0.066117697588,0.332212388197,0.470225263286
0.279542939966,0.269121130176,0.35700142329,0.0943345065674
0.216062016623,0.444520708573,0.0109158131472,0.328501461657
0.361894115683,0.0611530227703,0.235349088297,0.341603773249
0.173508938956,0.313101688606,0.476697636228,0.036691736211
0.109172468271,0.117168804762,0.407927434047,0.36573129292
0.101240713855,0.129313931648,0.448121054127,0.32132430037
0.130381346218,0.383091107313,0.430231491432,0.0562960550374
0.195866252592,0.201581833803,0.31968934091,0.282862572695
0.298179860216,0.35471963209,0.315511688948,0.0315888187453
0.210977832919,0.300284912404,0.00836373100634,0.480373523671
0.360520916697,0.21625640631,0.100312712655,0.322909964339
0.188026024796,0.239068846801,0.144129511962,0.428775616441
0.455761391822,0.197927666966,0.265229031291,0.081081909921
0.312749869161,0.236465190205,0.319473323873,0.13131161676
0.381147098413,0.0224208673807,0.272841260459,0.323590773748
0.359502025526,0.157608721474,0.359595389792,0.123293863208
0.363366171694,0.278141752231,0.102127819921,0.256364256153
0.0749464590366,0.467855354687,0.0550329757141,0.402165210562
0.150488586513,0.302953348074,0.187651274619,0.358906790794
0.192834387604,0.302899252562,0.356237320245,0.148029039589
0.184335224775,0.0108030936268,0.177385771507,0.627475910092
0.097314692402,0.12548031696,0.449240474084,0.327964516554
0.35166185205,0.246594760977,0.310144843235,0.0915985437382
0.264002932536,0.295966414555,0.159912578237,0.280118074672
0.274694966147,0.270197475294,0.0956782867838,0.359429271775
0.277749933314,0.297970315738,0.21049064508,0.213789105868
0.171702958052,0.403662119983,0.0286081921352,0.39602672983
0.302769263501,0.132262278414,0.548412143493,0.016556314592
0.325090157773,0.177937252083,0.0354485613721,0.461524028772
0.0351701362829,0.0737233221227,0.22086834368,0.670238197914
0.0687235805632,0.16141494944,0.46939026885,0.300471201147
0.00606536039558,0.479888210299,0.133160910793,0.380885518513
0.32087877147,0.0932297848899,0.313755925407,0.272135518233
0.293690898661,0.190564173845,0.138925588551,0.376819338943
0.07983165491,0.186806933537,0.323131705809,0.410229705744
0.36854336633,0.142530510985,0.0551436055136,0.433782517172
0.161914081692,0.139242921074,0.5759019303,0.122941066934
0.316381981087,0.213601688629,0.330609403602,0.139406926682
0.114703395192,0.231091344646,0.429455261131,0.224749999031
0.301869961959,0.233538291377,0.189222512991,0.275369233673
0.306820210421,0.124717275948,0.232969502339,0.335493011292
0.0549770417001,0.279091250749,0.416763781005,0.249167926546
0.193275425778,0.13188906161,0.307336706989,0.367498805622
0.205724282477,0.265239289392,0.385856869308,0.143179558823
0.330517953407,0.303056772126,0.163028868103,0.203396406364
0.218394279702,0.0369359145958,0.383646869128,0.361022936574
0.21918206985,0.154373675048,0.3192551498,0.307189105302
0.106192005979,0.204791904388,0.376776028741,0.312240060892
0.194546282419,0.39817818409,0.00327969095913,0.403995842532
0.20562920262,0.33268771126,0.433472653032,0.0282104330875
0.255241512797,0.0213442970413,0.585463772755,0.137950417407
0.204383704222,0.100537996809,0.180994923607,0.514083375362
0.117529682031,0.360108893827,0.192735249053,0.329626175088
0.035981474778,0.0558950425433,0.460646241709,0.44747724097
0.375101372948,0.186411536581,0.148663827128,0.289823263342
0.253433576729,0.389681156028,0.0579694636345,0.298915803609
0.168530592979,0.467380886628,0.00992024568336,0.35416827471
0.024793223823,0.0799156234775,0.401559751394,0.493731401306
0.0782819806174,0.282387133288,0.288961685596,0.350369200498
0.566044659002,0.130056274024,0.258151619918,0.0457474470554
0.180929272264,0.149420779531,0.0846616652532,0.584988282951
0.509668138472,0.0272230778024,0.114610627674,0.348498156051
0.346289050845,0.0343721957205,0.399907023041,0.219431730393
0.319982939532,0.105221630879,0.24389635344,0.330899076149
0.16640121256,0.275965265003,0.255861394297,0.301772128141
0.176877372457,0.133033115083,0.218761239057,0.471328273402
0.393581567734,0.388611169525,0.0512451323198,0.166562130421
0.236130935426,0.537283145691,0.192679246538,0.0339066723442
0.0594428354353,0.265460314852,0.284162016891,0.390934832821
0.249703375454,0.267222673082,0.309887638007,0.173186313457
0.466776515186,0.306903763862,0.081026316203,0.145293404749
0.516440333648,0.0766241560174,0.193510523181,0.213424987154
0.413241252052,0.0409603571006,0.0992649078744,0.446533482973
0.255402556906,0.118264335193,0.190021127628,0.436311980273
0.435684510222,0.150659008363,0.0216173801368,0.392039101278
0.0438206380543,0.332762040621,0.490747651352,0.132669669972
0.279536874402,0.353091075854,0.0359940320592,0.331378017685
0.0597968891268,0.23915268857,0.382111146215,0.318939276088
0.234212834935,0.304629969628,0.385324554042,0.0758326413943
0.460879862574,0.314940416168,0.0527845696638,0.171395151594
0.0951549974161,0.229847705929,0.340934565872,0.334062730783
0.244111880206,0.375248636628,0.185726240462,0.194913242704
0.0798537075628,0.162319048609,0.491283135132,0.266544108697
0.013807956868,0.281022006353,0.288390511084,0.416779525696
0.429488696254,0.155102026515,0.394455445626,0.0209538316052
0.275868223175,0.240792731827,0.321871848674,0.161467196324
0.276044277138,0.174189585942,0.356338453223,0.193427683697
0.269056735085,0.216557107888,0.226512471834,0.287873685193
0.122047729077,0.373334494581,0.49338868286,0.0112290934817
0.24967690127,0.152096342665,0.332688146247,0.265538609818
0.371873207117,0.144158184085,0.0393089080203,0.444659700777
0.391737681787,0.244226337666,0.132818848873,0.231217131674
0.230402835132,0.426788494472,0.14242548637,0.200383184026
0.0711900353913,0.473432087159,0.448356135365,0.00702174208391
0.510293271651,0.225591040191,0.13373548447,0.130380203688