0.207518014057,0.242135162095,0.272833450995,0.277513372853
0.261465567534,0.357972887898,0.0773771381585,0.30318440641
0.448010822835,0.133369366338,0.118632075048,0.299987735779
0.186472087073,0.394443973695,0.188818865497,0.230265073735
0.0125238314632,0.365254586605,0.187475651575,0.434745930357
0.305197353187,0.2109379796,0.195391984465,0.288472682748
0.511638383826,0.219501522591,0.0148178919892,0.254042201594
0.258811759336,0.161154286576,0.105323993649,0.474709960439
0.435935342486,0.00775315948584,0.265136457158,0.291175040871
0.452179659898,0.0479157424476,0.0728309868348,0.42707361082
0.213558225241,0.159624311373,0.377280488782,0.249536974604
0.287843950812,0.313620908171,0.175186936691,0.223348204326
0.210962917226,0.330893372951,0.454454435158,0.00368927466491
0.356260903688,0.252294757105,0.383995932346,0.00744840686105
0.184522773893,0.0229171761592,0.416038419362,0.376521630586
0.294933624161,0.108551893945,0.237626448504,0.35888803339
0.246878410294,0.141663524653,0.275945953472,0.335512111581
0.301673029521,0.369143987392,0.0875937753478,0.241589207739
0.370416549427,0.302371751249,0.0626282839195,0.264583415405
0.156711770616,0.0837718611641,0.43834523667,0.32117113155
0.0602024741954,0.332592091451,0.237905498373,0.36929993598
0.101695003844,0.0837979381086,0.249167618556,0.565339439492
0.158739978326,0.148312104529,0.348743822697,0.344204094448
0.3468231217,0.190133731734,0.322069349463,0.140973797103
0.123197066299,0.382745268321,0.0961442366796,0.3979134287
0.447345632267,0.165835450347,0.0587509902263,0.328067927159
0.276511627378,0.253488916216,0.354954533223,0.115044923183
0.384985716458,0.310399295537,0.121404403734,0.183210584272
0.386695507295,0.273609650733,0.297488976592,0.0422058653801
0.348197846645,0.0408691757253,0.260563007723,0.350369969907
0.362579570456,0.111139760606,0.210697589677,0.315583079261
0.340881512761,0.185545782069,0.239962384697,0.233610320473
0.428341765813,0.51205283015,0.00372575287875,0.0558796511583
0.143419779907,0.358037592668,0.438985856215,0.059556771209
0.457088326014,0.232464339204,0.124944923336,0.185502411445
0.491558206442,0.0175017130184,0.430587129195,0.0603529513447
0.146254424532,0.269555871548,0.422064299424,0.162125404496
0.268292932256,0.337694613908,0.234928334475,0.159084119361
0.110062658129,0.159431407475,0.517029231907,0.213476702489
0.301189137766,0.205451741793,0.287116782267,0.206242338175
0.159760010327,0.317977143809,0.334570250854,0.18769259501
0.248778057028,0.0482722844571,0.351806206269,0.351143452246
0.220068657997,0.266818629643,0.194219920103,0.318892792257
0.196607734175,0.24159537313,0.286802998091,0.274993894603
0.0796165379039,0.325763682482,0.380804967232,0.213814812383
0.114574803226,0.0204250941787,0.302342975871,0.562657126724
0.359872279134,0.513777734028,0.100447631086,0.0259023557522
0.188712490494,0.308159345096,0.372443559799,0.13068460461
0.246593369078,0.25048584512,0.329962511936,0.172958273866
0.291247265969,0.200344524021,0.226927709368,0.281480500641
0.0688696775121,0.379842929154,0.258431067703,0.292856325632
0.117494167289,0.147661324079,0.394757915768,0.340086592863
0.339106467261,0.335456828597,0.271280127342,0.0541565768005
0.134708205895,0.398529063969,0.0869480663045,0.379814663831
0.303651924413,0.132248376362,0.187584874746,0.376514824479
0.317405373935,0.0704048926935,0.0885629726121,0.52362676076
0.340043903407,0.25686936595,0.149982814652,0.253103915991
0.417998171294,0.0897827168931,0.342242817654,0.149976294159
0.082199873281,0.319773913226,0.202667333076,0.395358880417
0.136731349616,0.168554606793,0.376287083359,0.318426960232
0.149296583181,0.315428806993,0.267744967883,0.267529641943
0.286382150515,0.309683094069,0.289754180527,0.114180574889
0.2585532519,0.395040664033,0.333011035502,0.013395048565
0.337919911408,0.204967767697,0.427694087373,0.029418233522
0.0345421726708,0.238417871098,0.434725708985,0.292314247246
0.136004997778,0.339649303437,0.257014953181,0.267330745604
0.166897668022,0.305073336253,0.311202014343,0.216826981382
0.0725223075314,0.402492301083,0.463714778695,0.0612706126911
0.433557315156,0.0679817900113,0.308348825878,0.190112068955
0.33029898696,0.25298097023,0.161119525592,0.255600517217
0.31434620474,0.193748808691,0.229560555986,0.262344430583
0.162668787174,0.135590377842,0.493115371917,0.208625463067
0.178933661984,0.182347000926,0.152399207458,0.486320129632
0.000641163922732,0.483074464004,0.363611455055,0.152672917018
0.166495961744,0.195685714277,0.439354876244,0.198463447735
0.202738176679,0.121879713973,0.313324645088,0.362057464261
0.560803344069,0.239567125447,0.0424852164647,0.15714431402
0.170284917129,0.313698716989,0.497299468966,0.0187168969157
0.427018252163,0.106374622976,0.275778945043,0.190828179818
0.490601427092,0.423531109759,0.0819381904098,0.0039292727392
0.415682266368,0.278500056309,0.225351898886,0.0804657784371
0.438747366062,0.0542797404234,0.156754887706,0.350218005809
0.00639435297973,0.862180257383,0.0697016448546,0.0617237447825
0.209683795998,0.134764214573,0.336060283375,0.319491706054
0.304896981881,0.257486114935,0.0776908354023,0.359926067781
0.28389877441,0.304154873879,0.0989879356955,0.312958416016
0.258451318281,0.0198081936581,0.53296861185,0.188771876212
0.413071042686,0.140262808457,0.306226961678,0.140439187178
0.365524312795,0.266373076384,0.05156709036,0.316535520461
0.0646840026347,0.162005458117,0.437756902269,0.335553636979
0.526826781619,0.0690922290202,0.0800476959909,0.324033293369
0.569741219243,0.0905003683911,0.138920507922,0.200837904445
0.393185643638,0.0782418011863,0.315425546849,0.213147008327
0.35519093081,0.329189917991,0.12057509503,0.195044056169
0.228138570556,0.0102229823782,0.382844533134,0.378793913932
0.0608892441568,0.20890906287,0.537951937897,0.192249755076
0.193581460263,0.359697118582,0.236009718953,0.210711702201
0.0819939997682,0.354325748645,0.249121408559,0.314558843028
0.25940278343,0.392197334156,0.272396864996,0.0760030174175
0.383303023482,0.323253492653,0.0598700848697,0.233573398995
0.193934601556,0.00725912359348,0.0737007329306,0.72510554192
0.345339016613,0.320104136858,0.0507656926962,0.283791153833
0.118654780537,0.172554594593,0.237864459883,0.470926164987
0.286368191226,0.441543226581,0.17952727799,0.0925613042027
0.388943572962,0.435844019496,0.15713716593,0.0180752416115
0.0550767002036,0.394059555732,0.538022818577,0.0128409254877
0.388121575296,0.376250857512,0.0829022370622,0.15272533013
0.0591358056415,0.464387810306,0.126313969478,0.350162414574
0.237834048757,0.313341005858,0.137927735491,0.310897209894
0.25815777778,0.479770695091,0.0949822905058,0.167089236624
0.20200362239,0.371463833345,0.0567957241312,0.369736820134
0.127326015657,0.182396844907,0.458869928413,0.231407211024
0.483914033401,0.223354244065,0.0621512057058,0.230580516829
0.319086497747,0.12885800266,0.461714960043,0.0903405395502
0.538771312981,0.0894195316898,0.109324528581,0.262484626748
0.171555323695,0.122123708929,0.411266077053,0.295054890323
0.369296223052,0.101111061554,0.38286801974,0.146724695654
0.187787867771,0.234316205602,0.233029406881,0.344866519746
0.17705881393,0.33929880853,0.240916050673,0.242726326868
0.0283175078009,0.467658549768,0.393148443164,0.110875499267
0.0833822418221,0.189183081037,0.575473889403,0.151960787738
0.295857095886,0.0263113041504,0.251022324838,0.426809275126
0.300163108909,0.234380185203,0.184887344353,0.280569361535
0.160763308513,0.453886680438,0.207003009572,0.178347001477
0.0597271504606,0.241987976939,0.433994321262,0.264290551338
0.38474362923,0.22826421945,0.231638722871,0.155353428449
0.276016419663,0.0768723772781,0.0176040864753,0.629507116584
0.327280662161,0.265974604244,0.28630516419,0.120439569405
0.341418709958,0.256817358522,0.265627420046,0.136136511473
0.200606861799,0.281550876691,0.245645617437,0.272196644073
0.152715085279,0.297374328526,0.299970024622,0.249940561573
0.215283734165,0.201368277825,0.0975928413662,0.485755146644
0.359038837187,0.357626115297,0.171274480574,0.112060566942
0.34159322257,0.323800145449,0.327914505097,0.00669212688427
0.228766062655,0.287189052733,0.323055114667,0.160989769945
0.150014299108,0.456579219544,0.322128928137,0.0712775532111
0.268797470856,0.364335436678,0.335161551643,0.0317055408231
0.188463774039,0.392779109075,0.222804161517,0.19595295537
0.255235949857,0.179790733595,0.255526287545,0.309447029002
0.150812885641,0.141345633488,0.170000456285,0.537841024586
0.363279528231,0.291502351875,0.18069239903,0.164525720865
0.227712452887,0.261403970582,0.278423603196,0.232459973335
0.162947930445,0.223275286157,0.495259090531,0.118517692866
0.328621632265,0.0787294524507,0.286930465322,0.305718449962
0.169266188977,0.284310966811,0.147450892988,0.398971951224
0.192891309541,0.0361116540632,0.420060330429,0.350936705966
0.159135157471,0.294774128134,0.336630502282,0.209460212113
0.250285702271,0.305369069956,0.26390183293,0.180443394844
0.0232457923666,0.331453838515,0.609399182411,0.0359011867081
0.152478896083,0.340983002583,0.36118808135,0.145350019984
0.428472841895,0.0949578098206,0.352452031975,0.124117316309
0.159753038792,0.426425789529,0.206624812741,0.207196358939
0.226838945596,0.172428410235,0.286066396786,0.314666247383
0.395662128667,0.0196965747381,0.530739006415,0.0539022901792
0.23285953346,0.404215116798,0.120441569149,0.242483780593
0.376414456476,0.211272435907,0.22072326442,0.191589843198
0.211961739782,0.353090918464,0.221818202872,0.213129138882
0.352395813441,0.274121198723,0.112322594651,0.261160393185
0.235339278523,0.481651119202,0.20758311597,0.0754264863053
0.265737420941,0.456692816902,0.0880884923794,0.189481269778
0.28645709756,0.00242672236156,0.313550545196,0.397565634883
0.0367456586062,0.308398054012,0.510542749763,0.144313537619
0.00590257116121,0.300399980018,0.211048856994,0.482648591827
0.27257656186,0.0523542396798,0.299334216375,0.375734982084
0.267197166188,0.248542153608,0.323140838,0.161119842203
0.430006282038,0.357126205595,0.151914133374,0.0609533789928
0.130118543221,0.369836003812,0.0915896170008,0.408455835966
0.1388900495,0.452809035511,0.248781192276,0.159519722713
0.316822956594,0.203363761585,0.174259538945,0.305553742875
0.168615043718,0.277252865326,0.454409800442,0.0997222905138
0.127852589052,0.572196235669,0.107585058453,0.192366116826
0.112443577127,0.256570917065,0.405119488004,0.225866017804
0.17216442477,0.42798802817,0.321216541715,0.0786310053448
0.182708034915,0.114712938344,0.250896230856,0.451682795884
0.0429386022902,0.331546763923,0.208122278654,0.417392355132
0.507105712979,0.229204755823,0.0694334468886,0.194256084309
0.408720754025,0.158345963999,0.183560979419,0.249372302557
0.256242801362,0.0149704769346,0.389093345638,0.339693376066
0.479121842714,0.0472125673531,0.0994346640849,0.374230925848
0.403914554429,0.189089871684,0.356906140169,0.050089433718
0.177579183322,0.0389129871945,0.581363573156,0.202144256328
0.294543179631,0.230056796698,0.168638022189,0.306762001482
0.319815336427,0.103101281852,0.330930593854,0.246152787867
0.323260636844,0.302700440335,0.0674259998625,0.306612922958
0.0308868380408,0.402294405511,0.317656304582,0.249162451867
0.115455829223,0.226849640764,0.309518989446,0.348175540567
0.493989514289,0.212575473191,0.182911744554,0.110523267966
0.340697816083,0.143329216523,0.320905276786,0.195067690608
0.100981996302,0.437255996061,0.0381276226091,0.423634385028
0.171919565272,0.229882885038,0.256556780486,0.341640769204
0.286396783718,0.203691424227,0.301837150122,0.208074641934
0.277853944038,0.198670513998,0.343210000218,0.180265541746
0.35541008099,0.259566904104,0.256878406352,0.128144608554
0.297278898495,0.26047493965,0.239075009631,0.203171152224
0.39291549179,0.247649375987,0.308732278575,0.0507028536481
0.203870536819,0.277012016213,0.233188570546,0.285928876422
0.379156629328,0.174139667552,0.188149895022,0.258553808097
0.376680692138,0.0685812078407,0.236289383588,0.318448716433
0.259125082446,0.530333523113,0.137433827459,0.0731075669814
0.0864560059607,0.457578964478,0.429470133003,0.026494896558