0.349389363458,0.0687811700441,0.247103850629,0.334725615869
0.41136746834,0.272831533626,0.283114933169,0.0326860648651
0.182470873427,0.364104702951,0.366095278406,0.0873291452162
0.103917698558,0.470118287388,0.371212831653,0.0547511824007
0.392836400068,0.120652603142,0.176874738037,0.309636258753
0.22577492697,0.313505143399,0.054629011179,0.406090918452
0.333997752159,0.17415434288,0.146853563426,0.344994341535
0.34587737384,0.200026764968,0.270079254243,0.184016606949
0.284853020676,0.161458753498,0.310621495088,0.243066730739
0.0909670226027,0.185885810765,0.458185674348,0.264961492284
0.0591418190295,0.161707254628,0.408773066148,0.370377860194
0.519830318898,0.133895129776,0.0340263074621,0.312248243864
0.00283627460036,0.59281627195,0.0299811420542,0.374366311395
0.215493408503,0.0779190829132,0.313683995593,0.392903512991
0.145230960248,0.73450579684,0.118172815735,0.00209042717708
0.13456720729,0.310947315105,0.304501546483,0.249983931121
0.0246954802257,0.274383062625,0.0852042781754,0.615717178974
0.325311278118,0.142733164602,0.148830853176,0.383124704104
0.312262367253,0.224605772853,0.0572145198181,0.405917340076
0.528791846792,0.16823557562,0.223868423844,0.0791041537442
0.0492152768372,0.418834075251,0.321213381649,0.210737266263
0.201176366684,0.171991571727,0.253972864177,0.372859197412
0.543798338166,0.311895133144,0.123043932355,0.0212625963355
0.240642160364,0.395490977751,0.130422678149,0.233444183736
0.235007461061,0.295133478115,0.140815030826,0.329044029997
0.249681024225,0.330578110581,0.15881737033,0.260923494864
0.0871600574779,0.357564654809,0.140502745903,0.41477254181
0.258605855293,0.207053641297,0.316088629462,0.218251873948
0.414526068427,0.0564226021917,0.27572649747,0.253324831912
0.359675972371,0.354288754393,0.116117694329,0.169917578907
0.241948300819,0.414673064761,0.132245152593,0.211133481828
0.445003655206,0.191820011325,0.0843414714423,0.278834862027
0.365756530998,0.361910953454,0.131048696562,0.141283818987
0.245305091837,0.430136290474,0.170725031597,0.153833586093
0.487541720044,0.204034105602,0.130940046788,0.177484127566
0.114441829152,0.458912962416,0.0980160190355,0.328629189396
0.179218170479,0.176966373982,0.601106848541,0.0427086069988
0.0435780883638,0.432744831381,0.274357843897,0.249319236359
0.0195270373974,0.109030976282,0.412069839413,0.459372146907
0.298062301479,0.337514753771,0.143252819097,0.221170125653
0.271650780585,0.149885230616,0.34099240777,0.237471581028
0.0410165126736,0.290644861627,0.397827364643,0.270511261056
0.274095715214,0.124772312076,0.215307833175,0.385824139536
0.242100966308,0.378992967286,0.364746243611,0.0141598227942
0.0446228102833,0.408031700165,0.262645939275,0.284699550277
0.0448086346349,0.051211067263,0.575865474905,0.328114823197
0.242605357973,0.577516202104,0.0804012479288,0.0994771919943
0.338544186733,0.449942408943,0.105265547382,0.106247856942
0.0152192515381,0.300533221621,0.346802051977,0.337445474864
0.18058377038,0.274322794244,0.165678866111,0.379414569265
0.00901925170028,0.297424189627,0.468135502833,0.22542105584
0.234851001152,0.346115708965,0.306670419762,0.112362870121
0.30920961743,0.323365224295,0.138226873049,0.229198285227
0.196741142399,0.00638987129719,0.274660475654,0.522208510649
0.0628082439132,0.407179793773,0.119230917326,0.410781044988
0.247454087315,0.20212165963,0.246049428308,0.304374824747
0.278897941043,0.00720369613401,0.5798989583,0.133999404523
0.407091055389,0.141030920173,0.244133802757,0.207744221681
0.0783007574439,0.424905055013,0.287163143658,0.209631043885
0.0721375044174,0.177695836916,0.136474666039,0.613691992628
0.47416948161,0.11406548195,0.273304059549,0.138460976891
0.226338862944,0.246319708655,0.304470589079,0.222870839322
0.223119312585,0.233603941995,0.246598899604,0.296677845816
0.10160337995,0.406173591121,0.355391714646,0.136831314284
0.0538894546271,0.124765850668,0.660524554848,0.160820139857
0.15208357671,0.280555896285,0.214758410931,0.352602116075
0.442567162284,0.293521852108,0.113161322494,0.150749663114
0.0145997036037,0.194906633426,0.513108436362,0.277385226608
0.0629414683682,0.330953227846,0.298290068876,0.307815234911
0.365337582464,0.0759160271853,0.309823174645,0.248923215706
0.24970967484,0.281985789138,0.337817837823,0.1304866982
0.0445302463476,0.272933598574,0.335594689793,0.346941465285
0.196972586959,0.242905632714,0.25916961819,0.300952162137
0.194488121846,0.172394729576,0.246527186407,0.386589962172
0.133915088177,0.306871802035,0.372408560494,0.186804549294
0.18754057417,0.301506843545,0.285693419426,0.225259162859
0.287448254395,0.223079143588,0.480247230259,0.00922537175785
0.0321880552718,0.473430097408,0.186456722032,0.307925125289
0.240366861368,0.412088095582,0.257122294806,0.0904227482432
0.178513076528,0.461800248588,0.0023378391734,0.35734883571
0.310167111963,0.249263410061,0.129693793976,0.310875684
0.163878888243,0.322993527187,0.293909465731,0.219218118839
0.0892147274186,0.0633523101021,0.602304212342,0.245128750137
0.192417219213,0.320433613808,0.3571748458,0.129974321179
0.00476340504676,0.484734191764,0.0393479161375,0.471154487051
0.262163354117,0.277106060047,0.226171108551,0.234559477286
0.0520098269934,0.444539723787,0.242543794161,0.260906655058
0.306550726729,0.15055661096,0.045355368863,0.497537293448
0.434283181008,0.0788068195777,0.0640177692647,0.42289223015
0.268541389245,0.0411901529185,0.405797021649,0.284471436188
0.385240308858,0.260105282645,0.0171345039555,0.337519904541
0.167897628098,0.438904676383,0.169559662279,0.22363803324
0.193089414172,0.345679216787,0.204497927567,0.256733441475
0.0194259057451,0.272776546082,0.383192125268,0.324605422905
0.398560570479,0.00858106131343,0.123543535156,0.469314833051
0.384117751909,0.209678837065,0.351261182995,0.0549422280313
0.41145566059,0.117949821326,0.265371494074,0.205223024009
0.0734027108461,0.5425380331,0.333439718034,0.0506195380197
0.375148251644,0.285795816958,0.174340014603,0.164715916795
0.114844612992,0.572264018032,0.0323964149342,0.280494954042
0.194756481232,0.219476710098,0.0520702873324,0.533696521338
0.418575706151,0.254108662305,0.064169071682,0.263146559861
0.14676886191,0.103651119112,0.427851185534,0.321728833445
0.213211335352,0.155447423798,0.343879437027,0.287461803823
0.53204897664,0.0395903880039,0.0200791368215,0.408281498534
0.254349923755,0.230812779236,0.124472834954,0.390364462056
0.226070720305,0.472885696698,0.147639976007,0.153403606991
0.540659407978,0.153822805058,0.130655510994,0.17486227597
0.186619693107,0.343029518025,0.412101623233,0.0582491656353
0.319666768529,0.171798259815,0.247709390083,0.260825581573
0.189597065577,0.243630331309,0.301517168317,0.265255434797
0.314587295742,0.145404275288,0.311898070992,0.228110357978
0.168383955358,0.305023640496,0.305831175529,0.220761228616
0.423492618637,0.0288741553429,0.395109430394,0.152523795627
0.309651211499,0.3263436403,0.0898596300932,0.274145518108
0.134168623817,0.271689617584,0.290460478944,0.303681279655
0.248952778665,0.331236656997,0.177757191774,0.242053372565
0.433682954413,0.00276696862122,0.452289975255,0.111260101711
0.188399123025,0.554826287416,0.0327514887368,0.224023100823
0.390640736996,0.228087253196,0.208277302916,0.172994706892
0.169565525986,0.447671330868,0.210261187572,0.172501955574
0.36231938797,0.44188564555,0.161679522369,0.0341154441115
0.30799273909,0.121149566513,0.192774196308,0.378083498089
0.267957830411,0.12578247701,0.0312402960305,0.575019396549
0.0987819554303,0.568157511572,0.224709751499,0.108350781499
0.311996006732,0.251301484517,0.214804076274,0.221898432476
0.147424116332,0.237390453118,0.306013212826,0.309172217724
0.355316834016,0.125231352611,0.10541305418,0.414038759194
0.3342205636,0.163443681166,0.273299965616,0.229035789618
0.0550551283172,0.164635866228,0.319755895127,0.460553110328
0.0666849519286,0.418408999257,0.15785906899,0.357046979824
0.368061983811,0.194665389003,0.321309120653,0.115963506533
0.247625619686,0.186589125332,0.151100115406,0.414685139576
0.260396419699,0.209525479261,0.303865875766,0.226212225275
0.266298912423,0.259311187771,0.333299429573,0.141090470233
0.0952168204575,0.268786788612,0.349062704015,0.286933686915
0.426501196421,0.270272662006,0.110949648572,0.192276493001
0.215677674598,0.181878945939,0.273959057273,0.32848432219
0.184229499859,0.234287177843,0.117508573001,0.463974749297
0.159822032425,0.296716060307,0.332716169102,0.210745738166
0.300162421577,0.584001016406,0.0479793601211,0.067857201896
0.468583041782,0.00453509185558,0.232398357166,0.294483509197
0.172217155059,0.392351479455,0.318118711565,0.117312653922
0.448472347962,0.446148395946,0.102098111984,0.00328114410808
0.0573855159583,0.32776463781,0.454115553888,0.160734292344
0.513939070521,0.253364360365,0.1464069721,0.0862895970135
0.15717969558,0.183602877481,0.342317922931,0.316899504008
0.201200567645,0.18388372198,0.345770785932,0.269144924444
0.332235313603,0.380667971581,0.0700845715565,0.21701214326
0.326412295157,0.209379222805,0.138319693661,0.325888788378
0.235849757133,0.188899658557,0.142865157752,0.432385426558
0.318562739858,0.212424482483,0.4412771983,0.0277355793587
0.0222431972676,0.207910564397,0.241194517538,0.528651720798
0.161863073668,0.249315803937,0.0666477555512,0.522173366844
0.210648404453,0.267015047654,0.216463852964,0.305872694929
0.236932794337,0.548766190777,0.134829829164,0.0794711857223
0.222993662238,0.331895058189,0.137326781365,0.307784498208
0.24685841459,0.400447450608,0.295796386076,0.0568977487256
0.220487463884,0.0927605847868,0.437180569189,0.24957138214
0.117311794068,0.348040889993,0.29114614017,0.243501175769
0.211298223717,0.309558714174,0.2684289619,0.21071410021
0.321154069229,0.3848629991,0.222329363253,0.0716535684172
0.0636211703293,0.314329884458,0.277813316633,0.34423562858
0.166501699695,0.332178691729,0.166181412615,0.33513819596
0.229210070684,0.367506076279,0.212465286139,0.190818566898
0.14247730509,0.572427152155,0.156048262521,0.129047280235
0.342667342551,0.296831530602,0.292552832124,0.0679482947235
0.11718827733,0.299921370284,0.270367026334,0.312523326052
0.335418165737,0.166421568046,0.160885716001,0.337274550216
0.269703777364,0.0723995373617,0.619531468372,0.0383652169023
0.379322161356,0.326020766319,0.173612279499,0.121044792827
0.378824312863,0.312638253277,0.219293200834,0.089244233026
0.0689344636923,0.387741190341,0.2937271595,0.249597186467
0.255948278939,0.0886425198521,0.486463555048,0.168945646162
0.218482764198,0.324495288709,0.00416154590467,0.452860401189
0.387127968652,0.073161982222,0.333360242215,0.206349806912
0.112230338896,0.0558957936641,0.50602645078,0.32584741666
0.227238888098,0.304945948529,0.191776300114,0.27603886326
0.407102681396,0.00152629495676,0.315436903225,0.275934120423
0.651857615832,0.157748346077,0.102105717652,0.088288320439
0.0800715266454,0.376086696374,0.494926927404,0.0489148495771
0.294010299879,0.138971771585,0.199119888095,0.367898040442
0.149953456782,0.157316318928,0.379113815557,0.313616408733
0.14352525086,0.269639159345,0.413385579249,0.173450010545
0.146683433647,0.351808273331,0.0719151304696,0.429593162552
0.449374274357,0.470739863171,0.0437387218657,0.0361471406058
0.270121433569,0.174015109352,0.319379914332,0.236483542747
0.163560152129,0.231941703609,0.498450941344,0.106047202918
0.101859367172,0.194642286212,0.447745838225,0.25575250839
0.0671460032261,0.271721911723,0.344229364553,0.316902720498
0.383831661551,0.0443541915702,0.00766385513227,0.564150291747
0.176812482915,0.165143126901,0.403872740438,0.254171649746
0.213707705019,0.0853283807537,0.122963004137,0.57800091009
0.245932336874,0.329711217084,0.147155967069,0.277200478973
0.112577193397,0.148827977728,0.240048085305,0.49854674357
0.304956671438,0.306304617022,0.138733441793,0.250005269747
0.142925119476,0.407701669116,0.145308885265,0.304064326143
0.116316520541,0.131472556832,0.194336593499,0.557874329128
0.232085643479,0.272909593572,0.133424840642,0.361579922307
0.201878974834,0.057791565709,0.363556743654,0.376772715802