0.33631356834,0.28719154606,0.346418649724,0.0300762358759
0.342404000992,0.424535131563,0.2324761056,0.000584761845326
0.177116146363,0.120130745018,0.362510181843,0.340242926776
0.0807803331377,0.256590288856,0.160521824092,0.502107553914
0.419924049162,0.105525763783,0.303176442627,0.171373744428
0.361020873786,0.19182068739,0.109109313866,0.338049124958
0.0912833945798,0.324300892167,0.217816851503,0.366598861751
0.322815491836,0.335726348825,0.0728190698892,0.26863908945
0.191268371332,0.392241277919,0.261420731638,0.155069619111
0.260234225412,0.317645937925,0.294953924778,0.127165911884
0.630862348204,0.281450119905,0.0032124711407,0.0844750607497
0.42811542842,0.0970533097349,0.120321552736,0.35450970911
0.116651548686,0.168037355096,0.365984858472,0.349326237746
0.0749466631469,0.539594692023,0.219197156077,0.166261488753
0.245913849236,0.122065733741,0.327305488123,0.3047149289
0.331643023062,0.0996559364636,0.00397905509009,0.564721985384
0.222055267611,0.137470282651,0.226887586143,0.413586863596
0.367893222987,0.349913457697,0.0195175557976,0.262675763519
0.33095626423,0.172566021572,0.230212909817,0.266264804381
0.00492437573954,0.700306351186,0.265443389506,0.0293258835687
0.244501330166,0.320819031496,0.287136225794,0.147543412544
0.408633199611,0.158724105844,0.265713432664,0.16692926188
0.392488443682,0.369603196055,0.0126084506838,0.225299909579
0.26374703682,0.323691042846,0.243872418961,0.168689501373
0.256849414732,0.170564290299,0.368861691345,0.203724603623
0.266903569268,0.266553657505,0.226732085696,0.239810687531
0.0111370374781,0.266452189708,0.305036961741,0.417373811073
0.37214094405,0.257559931957,0.233829449619,0.136469674375
0.0874668799558,0.386220211119,0.394696044148,0.131616864778
0.182503495414,0.225624919711,0.263003927479,0.328867657396
0.341078635452,0.251669298187,0.285475773724,0.121776292636
0.126755589704,0.0931147512947,0.158136979115,0.621992679886
0.33967698729,0.114358248637,0.119213112169,0.426751651905
0.0337368812168,0.48677378315,0.170810092119,0.308679243514
0.26163381205,0.396146121973,0.318843022972,0.023377043005
0.0422100971353,0.47803025585,0.365851022928,0.113908624087
0.390045915917,0.450333232546,0.00685545452991,0.152765397006
0.160066841414,0.117360906442,0.553392366608,0.169179885535
0.312070447887,0.23240521965,0.197443041048,0.258081291415
0.297822848534,0.295451623005,0.307794319359,0.0989312091016
0.14114558028,0.260834839618,0.444026757236,0.153992822866
0.334915939072,0.311687078416,0.20790990544,0.145487077071
0.347657505681,0.179377242448,0.0148651066444,0.458100145227
0.411399225149,0.233134757382,0.186449977651,0.169016039818
0.340617205914,0.193036931997,0.15662331801,0.309722544079
0.272736285832,0.294997506065,0.284046705055,0.148219503048
0.244802915129,0.434850408902,0.191130536651,0.129216139318
0.350105187423,0.115126967166,0.248077533222,0.286690312189
0.232569483804,0.105026629512,0.29249096618,0.369912920504
0.192810712022,0.161468073741,0.144428634487,0.50129257975
0.0762327382479,0.263099661975,0.327268059806,0.33339953997
0.0691537720764,0.318953924652,0.275540111694,0.336352191577
0.22633294952,0.261487624434,0.278876969165,0.233302456882
0.0403409275944,0.578496803207,0.22176243496,0.159399834239
0.343627044734,0.146942370669,0.476699223202,0.0327313613943
0.0926911879695,0.256813589563,0.309652240265,0.340842982203
0.0387533533539,0.466695745936,0.228230770253,0.266320130458
0.270003123464,0.35794910892,0.0189898390695,0.353057928546
0.3801868201,0.263163547214,0.161683088346,0.19496654434
0.0849583797836,0.100912204228,0.33181169886,0.482317717129
0.107545158893,0.243144129877,0.314482571517,0.334828139714
0.288443557439,0.244999745376,0.130254522806,0.336302174379
0.212306707563,0.29528049506,0.286264841346,0.206147956031
0.132320077912,0.394278885551,0.390887805944,0.0825132305929
0.303910409222,0.28108965206,0.323782919228,0.09121701949
0.338932486702,0.194862695713,0.204254262443,0.261950555143
0.0307717713996,0.0545887484305,0.49388837919,0.42075110098
0.507550969832,0.0114586304416,0.408080541104,0.0729098586223
0.137672151178,0.348135131323,0.275637433193,0.238555284306
0.228287293863,0.168219111403,0.23830523463,0.365188360104
0.507402637173,0.0190654268223,0.340681623502,0.132850312503
0.238207816335,0.395640696102,0.201530591021,0.164620896542
0.332018918408,0.262796513955,0.128081087356,0.277103480282
0.292494646574,0.330334093887,0.235884433389,0.14128682615
0.536468088811,0.10009148189,0.0147931848623,0.348647244436
0.365580328445,0.303024089051,0.293719455729,0.0376761267747
0.237302327856,0.302965082726,0.0991078278581,0.36062476156
0.0648429842091,0.331170625363,0.29584033273,0.308146057698
0.296731629893,0.202212626963,0.232995708222,0.268060034923
0.0281279127865,0.164659549746,0.270942049066,0.536270488401
0.189564264588,0.266833849315,0.40063579216,0.142966093936
0.445854581236,0.210217312108,0.283936571236,0.0599915354201
0.171973446734,0.383853572021,0.0959466423242,0.348226338921
0.292257836382,0.166625978291,0.172660214705,0.368455970622
0.0945817783815,0.190887415393,0.402561479197,0.311969327029
0.293292929531,0.277414913321,0.396477628612,0.0328145285354
0.323271046366,0.322229345266,0.329988656538,0.0245109518298
0.0339526026717,0.375784321118,0.121088124361,0.469174951849
0.309345245613,0.0190392651007,0.353136620364,0.318478868922
0.342155343515,0.375809486915,0.148200635418,0.133834534152
0.267418399145,0.31629565135,0.27081674442,0.145469205085
0.204463841107,0.165909842629,0.439650940924,0.189975375341
0.341437167023,0.262637418352,0.258964498831,0.136960915794
0.227672632309,0.18057238479,0.329163628816,0.262591354086
0.166156808431,0.210674319048,0.290233298055,0.332935574466
0.224087198529,0.41918878632,0.29593843336,0.0607855817907
0.286831248001,0.1672369232,0.221529708436,0.324402120363
0.392218033581,0.129922921158,0.448364251819,0.0294947934416
0.442226673754,0.176136240506,0.294395068535,0.087242017205
0.211643638472,0.27297473088,0.122012444377,0.393369186271
0.357503777677,0.194110288297,0.309208945485,0.139176988541
0.0367448600037,0.4948199016,0.45094973798,0.0174855004163
0.0832398687166,0.195688035293,0.172925698774,0.548146397216
0.408954128947,0.243908931944,0.249961409966,0.0971755291434
0.286681582887,0.288457126311,0.152387475164,0.272473815638
0.0575736986059,0.223067898757,0.327457289119,0.391901113518
0.113478360036,0.439438651603,0.0159449448531,0.431138043508
0.272653375378,0.00269217013043,0.516471926438,0.208182528053
0.235803266899,0.40803316306,0.044155904236,0.312007665805
0.219410736295,0.587941399946,0.0494547925469,0.143193071212
0.237670327821,0.297294271989,0.14213112783,0.322904272361
0.487108716838,0.316136751645,0.0839850670768,0.112769464439
0.21657621677,0.0655860707737,0.490490509605,0.227347202851
0.204835834885,0.280342494216,0.131753463533,0.383068207367
0.141963617438,0.450174934911,0.0834107753405,0.32445067231
0.500951899374,0.453685850282,0.0380417831301,0.00732046721388
0.0684886170012,0.228280823433,0.376708724345,0.326521835221
0.395484980352,0.351368014613,0.0219990008207,0.231148004215
0.44751330976,0.0606859989353,0.13819012416,0.353610567144
0.25856326244,0.307866804989,0.271459570225,0.162110362345
0.317193268664,0.250472250979,0.176016533231,0.256317947126
0.200334923338,0.273679908949,0.222154661237,0.303830506475
0.119841370773,0.125576024408,0.691846839993,0.0627357648267
0.199156955755,0.277531486648,0.239260485982,0.284051071616
0.323394245567,0.0932543719936,0.14884120057,0.43451018187
0.253242947857,0.312977587483,0.180544571498,0.253234893161
0.192359751241,0.339234281478,0.196107007959,0.272298959321
0.124827176792,0.281825368246,0.229383003991,0.363964450972
0.162263087384,0.312018790766,0.154237919518,0.371480202332
0.172933057581,0.192271006799,0.437078498012,0.197717437609
0.299326535344,0.462662546882,0.20121641095,0.0367945068237
0.344724822556,0.287020661786,0.262622483286,0.105632032372
0.288381790456,0.0352052245334,0.343466201261,0.33294678375
0.311195652992,0.290458791014,0.306747061285,0.0915984947094
0.138836462033,0.304335901162,0.248518147026,0.308309489779
0.372479723271,0.297236610625,0.159215444268,0.171068221837
0.28140260191,0.18161001955,0.457348340184,0.0796390383556
0.249236316894,0.144479768674,0.254194250191,0.352089664241
0.145451968502,0.375280552259,0.224187979297,0.255079499943
0.138046040982,0.131821312106,0.291219103783,0.438913543128
0.0440634372368,0.149798037769,0.381971609435,0.42416691556
0.267364139529,0.275960531729,0.0875739421783,0.369101386563
0.000393081585889,0.642426372652,0.189457959253,0.16772258651
0.369287101929,0.341349000562,0.168942342562,0.120421554948
0.312283442139,0.325696806386,0.282250081797,0.0797696696776
0.305366583909,0.140557500336,0.196249446083,0.357826469672
0.611679299758,0.171962074012,0.125763632172,0.0905949940578
0.412279703032,0.0938041271686,0.0885003381637,0.405415831636
0.429870889832,0.317800131563,0.0413988390654,0.21093013954
0.255210699237,0.431073932549,0.037343434389,0.276371933824
0.017284687036,0.0995228723067,0.471475457877,0.41171698278
0.00047191122396,0.464398354031,0.322820568259,0.212309166486
0.337460775185,0.300092620073,0.25772571718,0.104720887562
0.623127523917,0.228931666956,0.14331498898,0.0046258201472
0.378445658612,0.170427086411,0.0525000569235,0.398627198053
0.126022443221,0.374011847478,0.180471693677,0.319494015624
0.367558282705,0.0260778890377,0.147384712675,0.458979115581
0.24323676476,0.187987823605,0.415477666309,0.153297745326
0.190481457801,0.341256128297,0.186427472595,0.281834941307
0.192052547465,0.270151688979,0.297425382352,0.240370381203
0.242332049547,0.401140847457,0.0940878396658,0.26243926333
0.337912017285,0.576183092228,0.0742495723536,0.0116553181338
0.126134981463,0.0334445813777,0.289368965263,0.551051471897
0.554072034462,0.415451966775,0.0113484137618,0.0191275850015
0.355350574002,0.329934126341,0.159811308391,0.154903991266
0.312031277203,0.341743924086,0.0429701282588,0.303254670452
0.140480751833,0.361057040115,0.315777068887,0.182685139165
0.329013647708,0.282143057683,0.190016806172,0.198826488437
0.247597336254,0.330775914596,0.0530482297572,0.368578519393
0.0890969353559,0.546578661761,0.245737414073,0.118586988811
0.329676971032,0.247385450499,0.161162963379,0.26177461509
0.190972991995,0.236950251132,0.510934366498,0.0611423903746
0.345084126875,0.153135577441,0.267348291098,0.234432004585
0.300333578753,0.292247801748,0.328617355828,0.0788012636716
0.414582182158,0.252318174238,0.163786282248,0.169313361356
0.135329916455,0.530147426478,0.209971954018,0.124550703049
0.286554726531,0.368919843441,0.336559045356,0.00796638467184
0.109972528346,0.0640932593955,0.342940947601,0.482993264658
0.264817965134,0.225914880645,0.461274026064,0.0479931281565
0.325048855507,0.286920375481,0.127851574705,0.260179194308
0.0826746941576,0.203406945762,0.285778225411,0.428140134669
0.0414188427476,0.194736421746,0.435673149915,0.328171585591
0.0579653176532,0.270256925358,0.443771179072,0.228006577916
0.301114463587,0.287598970025,0.0442221119945,0.367064454394
0.0636200325547,0.157444585975,0.464322238652,0.314613142818
0.502198581575,0.196374357295,0.0918044256194,0.209622635511
0.321966207457,0.522327562792,0.112920285568,0.0427859441835
0.533662634975,0.173849214731,0.272505868403,0.0199822818915
0.336188124736,0.196281028828,0.153842041799,0.313688804636
0.246766155448,0.239699382845,0.268592787263,0.244941674444
0.45097798841,0.0828474879419,0.370740188257,0.0954343353911
0.387392261768,0.143177950753,0.306728141012,0.162701646468
0.311202714872,0.0709287481032,0.484808117094,0.133060419931
0.367621794514,0.271451671189,0.0374926842174,0.323433850079
0.196384548298,0.417007120181,0.178002958845,0.208605372675
0.234959673519,0.316605674086,0.106851384401,0.341583267994
0.306690167551,0.0545280942636,0.304746188904,0.334035549282
0.596982964128,0.182056206512,0.0179502424703,0.20301058689
0.249239676026,0.254266644538,0.263194356099,0.233299323337
0.368341626908,0.361714893746,0.0535718545797,0.216371624767