0.119663481814,0.28615763505,0.288624300044,0.305554583093
0.473621778114,0.0165636166537,0.348454055382,0.161360549851
0.140032781783,0.399217632078,0.243960011303,0.216789574835
0.345629016824,0.371446380761,0.228264907119,0.0546596952961
0.115429052552,0.524187690113,0.0402931106589,0.320090146676
0.142804680902,0.430027448993,0.201328741072,0.225839129033
0.257727556478,0.251363878286,0.129528884609,0.361379680627
0.346300351402,0.258369482531,0.301306071782,0.0940240942851
0.118784915038,0.322785881528,0.447375661236,0.111053542198
0.0796668227271,0.432980828934,0.0821328580252,0.405219490313
0.0999679426524,0.33190427608,0.436317249807,0.13181053146
0.222483024389,0.105768742977,0.310605237617,0.361142995017
0.137716995756,0.379029408799,0.233842944462,0.249410650983
0.437223362706,0.140690944672,0.236321033274,0.185764659348
0.266872512237,0.485433966664,0.199609937405,0.0480835836938
0.171285526133,0.410008025568,0.412183270774,0.00652317752534
0.189499146606,0.174639107499,0.33576453099,0.300097214906
0.472752609419,0.168501669093,0.139032998035,0.219712723453
0.392862258013,0.224489352136,0.139772752726,0.242875637126
0.492168091797,0.0455367613645,0.0775549545092,0.384740192329
0.305120866243,0.0448573369949,0.325881476026,0.324140320736
0.254274307316,0.251979769664,0.225823877756,0.267922045264
0.284375081073,0.180726381245,0.283843479828,0.251055057854
0.28177312304,0.151649209987,0.230275427488,0.336302239484
0.10661540273,0.189335122589,0.361454229471,0.34259524521
0.330744495399,0.143133120132,0.160785632513,0.365336751956
0.231921531899,0.29598090121,0.14666473211,0.325432834781
0.359625081806,0.341473502473,0.271507634369,0.0273937813514
0.150827744876,0.639127385642,0.137543404051,0.0725014654305
0.25191533381,0.238620263039,0.22787458193,0.281589821221
0.407306379622,0.267999167263,0.116872146802,0.207822306313
0.300089468855,0.0946508788268,0.309249850203,0.296009802116
0.189744259421,0.36549063806,0.236733255494,0.208031847026
0.436905461044,0.060361119501,0.0793494910659,0.423383928389
0.0717135045316,0.425816903131,0.455765074987,0.0467045173506
0.237226407707,0.21721729943,0.509880057936,0.0356762349265
0.15541059138,0.142375890093,0.238196233252,0.464017285275
0.452303604917,0.229743683337,0.128128809032,0.189823902713
0.291943546256,0.190455394819,0.177836078346,0.339764980578
0.0728191147414,0.37087270726,0.323633956635,0.232674221364
0.260836073115,0.344113642502,0.322401324001,0.0726489603823
0.430383952405,0.0958994127159,0.322969188839,0.15074744604
0.759729927515,0.110255630458,0.129700250699,0.000314191326607
0.338758400835,0.00158972397806,0.207880943959,0.451770931228
0.519630130242,0.0816716552352,0.191851676765,0.206846537757
0.152917127271,0.389325926452,0.409352620949,0.0484043253279
0.171832307449,0.24229968656,0.281991587331,0.303876418659
0.0406289206968,0.465654626239,0.0971550877964,0.396561365268
0.435852139889,0.059794085119,0.394685825466,0.109667949526
0.133128708509,0.328172325086,0.209134556994,0.329564409411
0.248142576977,0.461320821772,0.0115646858034,0.278971915447
0.200001531747,0.168090627607,0.0876258039952,0.544282036652
0.307021929814,0.0865664152298,0.35333039106,0.253081263896
0.286421345438,0.273263127005,0.176044529929,0.264270997628
0.168890960796,0.244443352108,0.313783691663,0.272881995433
0.489159139608,0.0039158542157,0.0204860361533,0.486438970023
0.394527762533,0.0718428401768,0.0837160296268,0.449913367664
0.337735278033,0.102308211064,0.0562758470161,0.503680663887
0.382319262633,0.0684764050237,0.542363609224,0.00684072311886
0.0951690846333,0.479909694934,0.315731318725,0.109189901707
0.111757898036,0.642172541341,0.237293724388,0.00877583623403
0.174605974085,0.299003669416,0.525714659435,0.000675697063647
0.351398692562,0.115499335882,0.391219532909,0.141882438647
0.259473496315,0.308076353102,0.105932583888,0.326517566695
0.336690322275,0.115610700375,0.127930234513,0.419768742837
0.29728950233,0.131933977686,0.229320636821,0.341455883163
0.420614299574,0.522819574987,0.0386179706294,0.0179481548091
0.337963017191,0.308041430655,0.327173589306,0.0268219628477
0.192709624897,0.479318731862,0.239691569158,0.0882800740833
0.226928851507,0.334181727848,0.260009055931,0.178880364714
0.294923141446,0.274427051452,0.241715991275,0.188933815827
0.407656621671,0.20855926018,0.108343247002,0.275440871147
0.119166534991,0.277718349453,0.202938501985,0.40017661357
0.148937156559,0.319432020071,0.194424031377,0.337206791993
0.46053312106,0.195514393545,0.0941329768727,0.249819508523
0.340696415777,0.261224757854,0.0938000190826,0.304278807287
0.18588411455,0.228700312856,0.0842150326048,0.501200539989
0.261258052143,0.238045929144,0.237362362103,0.26333365661
0.0330902493887,0.155830616358,0.353505084043,0.45757405021
0.087438579035,0.028651329073,0.598973658848,0.284936433044
0.0462240073159,0.397702047504,0.473717624733,0.0823563204473
0.502753451854,0.0663816828766,0.0289609771406,0.401903888128
0.130248890851,0.172108227612,0.431624755538,0.266018125998
0.196977883127,0.0207185786598,0.489125245681,0.293178292532
0.321580199468,0.213431142384,0.131443701115,0.333544957033
0.25901066949,0.285529820337,0.240572598483,0.21488691169
0.226107939103,0.122792131905,0.215729331603,0.435370597388
0.256190528539,0.233028711682,0.17499602118,0.3357847386
0.116695108088,0.747383134529,0.102319196128,0.0336025612549
0.20842831017,0.294440029152,0.291779980968,0.20535167971
0.466072258528,0.0442533058058,0.0946376775707,0.395036758095
0.239102038931,0.244405247488,0.191189049376,0.325303664205
0.0220081905054,0.368695341704,0.343663433259,0.265633034531
0.204358537228,0.355930137441,0.133989723235,0.305721602096
0.294150380697,0.220365392036,0.196426766148,0.289057461119
0.0378227949156,0.414855782694,0.297419432699,0.249901989691
0.467699158161,0.110588303211,0.236767187254,0.184945351374
0.272837160165,0.379770114186,0.236558056264,0.110834669385
0.366681131934,0.224188344997,0.100386489016,0.308744034053
0.0719353529765,0.45929489981,0.314267354952,0.154502392261
0.205869357165,0.228776670591,0.0497139470543,0.51564002519
0.379173013902,0.0965243421406,0.259899138355,0.264403505602
0.0325612237981,0.386344429412,0.40764379626,0.17345055053
0.303009641477,0.311157815999,0.0825158588714,0.303316683652
0.322230589735,0.0522184615068,0.514979733114,0.110571215644
0.289260839063,0.00603266283802,0.307383687344,0.397322810755
0.018741901708,0.35903957008,0.270601675091,0.351616853121
0.322105620799,0.312493605591,0.135619276886,0.229781496724
0.386421499543,0.0186970611279,0.452750324164,0.142131115165
0.346929746065,0.0534093588871,0.0873039311466,0.512356963901
0.190730079019,0.475254408993,0.311192161619,0.0228233503686
0.0953637147539,0.286420701272,0.00547727132682,0.612738312647
0.29121106932,0.172750465291,0.390868845337,0.145169620052
0.422037778256,0.416820672347,0.0060355942584,0.155105955138
0.392348188644,0.22889279468,0.0780088833693,0.300750133306
0.208231183128,0.329016352931,0.147795456496,0.314957007445
0.138821779074,0.157786160151,0.330878244878,0.372513815897
0.329583343432,0.328273252286,0.319441536349,0.0227018679326
0.197771939974,0.370862308529,0.357424233701,0.0739415177961
0.267662491208,0.267967777637,0.337900883531,0.126468847625
0.115867306285,0.266772025478,0.516274462834,0.101086205403
0.217905714863,0.290892338685,0.374382728129,0.116819218323
0.251497533402,0.0961074091728,0.264247859455,0.38814719797
0.171309816616,0.312409531046,0.290618019814,0.225662632523
0.0665583900195,0.378021777011,0.298425846196,0.256993986773
0.33815436734,0.0544911883726,0.507162552026,0.100191892261
0.0602220459798,0.337588820631,0.351215890663,0.250973242726
0.146947374028,0.256723630199,0.353922709373,0.2424062864
0.219934258444,0.194014706767,0.280312422324,0.305738612465
0.000516396710343,0.262577228331,0.301046162116,0.435860212843
0.0334225852129,0.461066823025,0.231945737861,0.273564853902
0.226608282621,0.261823092901,0.312666413143,0.198902211335
0.340501576427,0.333970817492,0.0948500540977,0.230677551983
0.247128047041,0.19968631732,0.24120370179,0.311981933848
0.115413194277,0.234425833693,0.153495329778,0.496665642251
0.350767169408,0.149159465512,0.424559353007,0.0755140120742
0.392615052525,0.229934707156,0.202807664494,0.174642575825
0.31299580656,0.0197415479393,0.427591246361,0.23967139914
0.292021209084,0.421644126581,0.167153822023,0.119180842311
0.395359553829,0.410127942753,0.0858557072188,0.1086567962
0.107716583486,0.238690702263,0.32921390391,0.324378810341
0.246209115444,0.0751467514687,0.410771216223,0.267872916865
0.167692738179,0.359988482572,0.329044600348,0.1432741789
0.375348494129,0.0622039387658,0.254421847613,0.308025719492
0.168666874122,0.415700040738,0.0799163830608,0.335716702079
0.174733629932,0.293950865902,0.266853591209,0.264461912957
0.147178288058,0.408345671188,0.301808374871,0.142667665883
0.239114003541,0.276204404964,0.259610337749,0.225071253745
0.260552411337,0.493291405005,0.0669994901033,0.179156693554
0.272182705934,0.239881856695,0.23596311114,0.25197232623
0.115761304225,0.254666677867,0.49097946313,0.138592554778
0.233216092995,0.187165605927,0.268786554028,0.310831747051
0.0284821573446,0.310325926182,0.316292767791,0.344899148682
0.550383079137,0.199379420029,0.204843279162,0.0453942216719
0.181269637831,0.142369809007,0.199310171793,0.477050381369
0.378337713881,0.399065867796,0.135152951181,0.0874434671418
0.327933578458,0.180048881548,0.337468284999,0.154549254994
0.135714299749,0.116017225222,0.0522505425284,0.6960179325
0.321873731108,0.237232281304,0.190602151468,0.250291836119
0.00121891958259,0.0751851898008,0.409407435194,0.514188455423
0.0459238422383,0.137918673663,0.429673967182,0.386483516917
0.154899167571,0.220736843219,0.0939610003459,0.530402988864
0.371676808086,0.0556492965608,0.387807448375,0.184866446978
0.0172353346872,0.195065023224,0.148210676844,0.639488965245
0.295867022778,0.180319592045,0.240734970114,0.283078415064
0.451117650628,0.317985135726,0.17669205518,0.0542051584659
0.521233610866,0.0279301731416,0.395399949556,0.0554362664365
0.331827854509,0.117505333564,0.185112050362,0.365554761564
0.267562285868,0.166652619012,0.303487019962,0.262298075159
0.173023064651,0.147123043584,0.249541429362,0.430312462403
0.701510195051,0.28019891109,0.00645085886243,0.0118400349968
0.421505223224,0.179936707949,0.23267271306,0.165885355768
0.481593907437,0.282050166703,0.0359263735557,0.200429552305
0.168650293093,0.175772924951,0.348899030411,0.306677751545
0.305548408724,0.182006991604,0.505884878148,0.00655972152393
0.258412966886,0.381098030096,0.0343673923605,0.326121610657
0.289589711213,0.221954617454,0.00404659246398,0.484409078869
0.365318550869,0.16402662867,0.248597043009,0.222057777453
0.239407243389,0.276287775549,0.240295475536,0.244009505526
0.0896556818765,0.211521780203,0.409060102903,0.289762435017
0.56129526891,0.30794139506,0.0477697910287,0.0829935450013
0.0778244315103,0.540746929634,0.212480297205,0.16894834165
0.321514911297,0.214570682477,0.0968043928653,0.367110013361
0.200313298478,0.112160926001,0.362240326349,0.325285449171
0.405376789077,0.0963246071134,0.265510516463,0.232788087346
0.113408850564,0.298965189828,0.413643239578,0.173982720031
0.454731404474,0.183231514736,0.184669943803,0.177367136987
0.269600973126,0.511805184738,0.214601438596,0.00399240354044
0.340234073507,0.0320866936386,0.346193290159,0.281485942696
0.0788342552206,0.339844504239,0.125892572165,0.455428668375
0.290837566815,0.0657265548001,0.389605868564,0.253830009821
0.301317000746,0.15966717648,0.460902168834,0.0781136539401
0.420157502154,0.206921753664,0.355797812846,0.0171229313363
0.17642685149,0.0411239095461,0.433048027587,0.349401211377
0.200143606676,0.146308871385,0.424454837893,0.229092684046
0.224719243449,0.310639652533,0.203878554594,0.260762549424
0.292589978041,0.423571392512,0.12826398842,0.155574641027
0.283731167058,0.271106158482,0.313440643234,0.131722031226
0.315730865445,0.380510390113,0.261382856786,0.0423758876559
0.417157135396,0.0990596213631,0.246749067557,0.237034175683