0.207590383334,0.0522002606221,0.145497906133,0.594711449912
0.239660792728,0.304068936576,0.322935745142,0.133334525554
0.197683743752,0.434325274852,0.0207152887174,0.347275692679
0.280018860395,0.305695007765,0.3044632332,0.109822898639
0.0956133417605,0.463083939127,0.0933736887851,0.347929030328
0.15955427403,0.299791672401,0.202675756817,0.337978296753
0.247074542123,0.336438607577,0.0244172230071,0.392069627293
0.233540914358,0.189415230913,0.246626358909,0.330417495821
0.157228442542,0.26045209563,0.339250009521,0.243069452307
0.21155834713,0.0510525604256,0.527006861259,0.210382231186
0.119428251786,0.355996415863,0.119288246513,0.405287085839
0.514397996891,0.228369385216,0.0379420884801,0.219290529413
0.0807966610097,0.234593771976,0.00496121926192,0.679648347752
0.243522475514,0.273367535805,0.15480649639,0.328303492291
0.346838662248,0.426643126772,0.0279645591392,0.198553651841
0.267824367128,0.158368182664,0.239121417302,0.334686032907
0.358447424279,0.0553949637598,0.316134966124,0.270022645837
0.0334507778171,0.0194025909202,0.385668900492,0.561477730771
0.362323649189,0.274371350103,0.213273668165,0.150031332543
0.113315327871,0.446367939845,0.256463653562,0.183853078721
0.253694795588,0.478187879383,0.0407639978302,0.227353327199
0.257000955815,0.247291488082,0.156733999205,0.338973556898
0.0808602186489,0.276925722828,0.408251625159,0.233962433364
0.272696568613,0.267827375992,0.305430453744,0.154045601651
0.615844671793,0.0861973650075,0.167996992421,0.129960970778
0.322739862223,0.385609670776,0.24288065479,0.0487698122103
0.378862582828,0.289886625302,0.230229783851,0.101021008019
0.075380751655,0.35048896985,0.347800123965,0.22633015453
0.23740531638,0.272942693623,0.177373230258,0.312278759739
0.35099212628,0.266552672054,0.298975591669,0.0834796099974
0.111167714826,0.392265449139,0.278479169815,0.218087666219
0.251053338604,0.295745735233,0.119706617076,0.333494309087
0.092460946201,0.321764633891,0.395187070326,0.190587349582
0.00726978803108,0.315017666974,0.0947620167833,0.582950528211
0.1368226649,0.0393341342706,0.256230335199,0.567612865631
0.0827687435414,0.439233375742,0.0795104167835,0.398487463933
0.31258025553,0.358414200886,0.309011736014,0.0199938075691
0.283923542946,0.34627758577,0.139561913642,0.230236957641
0.0296284309619,0.271424502317,0.646024735484,0.0529223312374
0.204553311436,0.475363853165,0.174964145772,0.145118689627
0.533118683314,0.0535270542387,0.129771161149,0.283583101298
0.407318838356,0.0734950400658,0.22948110971,0.289705011868
0.211779048183,0.352554684995,0.3963285813,0.0393376855223
0.549553298258,0.243431115698,0.039992503903,0.16702308214
0.265925556714,0.25772494758,0.330401933964,0.145947561742
0.596138497882,0.0487771893149,0.0212027177925,0.33388159501
0.321318537904,0.0404837139379,0.337205875949,0.30099187221
0.171165686562,0.160897721652,0.178017814289,0.489918777497
0.233338486769,0.460333482904,0.170290350359,0.136037679968
0.0291704518482,0.404684895996,0.246907410458,0.319237241698
0.162715138346,0.223921023409,0.286677912757,0.326685925487
0.370880816814,0.0128036769141,0.390919328016,0.225396178256
0.294331071883,0.181659575368,0.264178449672,0.259830903078
0.21942364511,0.275022820003,0.114361460042,0.391192074845
0.0433824191036,0.20388563363,0.280367916838,0.472364030428
0.37142811743,0.390283151853,0.0406235545557,0.197665176162
0.189370508396,0.343741789531,0.134614338843,0.33227336323
0.234813942985,0.0204862510815,0.125024945721,0.619674860213
0.401752194265,0.171402129888,0.0592305653531,0.367615110494
0.213167293114,0.21486987902,0.137215098086,0.43474772978
0.0185042345521,0.039304968629,0.48306862323,0.459122173589
0.0295687511967,0.280516281519,0.416843792498,0.273071174786
0.319746738733,0.272876139842,0.0972223620397,0.310154759386
0.685798253554,0.127677355743,0.0610078972716,0.125516493431
0.155241044103,0.373942270191,0.468932245541,0.00188444016515
0.276069033976,0.273978985337,0.391977865542,0.0579741151451
0.0411857849832,0.35328123239,0.49926474476,0.106268237867
0.208193801532,0.300048477451,0.275582260511,0.216175460506
0.020040945067,0.0809550227697,0.450390755109,0.448613277054
0.156701514187,0.155613410857,0.0244725908641,0.663212484092
0.172680068855,0.248895184478,0.357439901577,0.22098484509
0.236078259229,0.0978988638042,0.277005762454,0.389017114513
0.0696546682693,0.113459855699,0.756981854416,0.0599036216158
0.204344670446,0.258869597356,0.18890727573,0.347878456468
0.215994726195,0.224526494137,0.132836507379,0.426642272288
0.137548955205,0.349921474003,0.456017486746,0.056512084046
0.200764914095,0.270522580787,0.26296402258,0.265748482538
0.403136525449,0.26400015865,0.176706934605,0.156156381296
0.217640164139,0.325778147443,0.407480459174,0.0491012292435
0.358534485425,0.134198371477,0.0427086460488,0.464558497048
0.154133378939,0.398963056997,0.408380535623,0.0385230284402
0.221387421904,0.266342194396,0.446288292226,0.0659820914751
0.000139811902353,0.156843399641,0.422198104877,0.42081868358
0.0412455225995,0.47012489616,0.428380883544,0.0602486976967
0.0612912717565,0.170330444383,0.505965259988,0.262413023872
0.293083585979,0.25138164246,0.39922795355,0.0563068180116
0.432375501431,0.2771464761,0.0382059059057,0.252272116564
0.0523002948479,0.16138516623,0.709717842018,0.0765966969045
0.452964203191,0.291275697363,0.239691213418,0.0160688860277
0.374104435392,0.357939795914,0.164656818466,0.103298950228
0.393781322613,0.256409065648,0.0798265406469,0.269983071093
0.251111112824,0.383294291649,0.0696068009383,0.295987794588
0.372599072707,0.411296127066,0.168213104228,0.0478916959997
0.386808936123,0.185151980564,0.363869647521,0.0641694357916
0.12887347671,0.297320924063,0.315019865731,0.258785733497
0.034315886283,0.223968503831,0.408943977115,0.332771632771
0.514137617809,0.101719218202,0.319080019846,0.0650631441425
0.213790388234,0.144018493247,0.275520751759,0.366670366759
0.268058561059,0.0272958503195,0.138772345945,0.565873242677
0.285677993446,0.298643950394,0.301554215678,0.114123840481
0.30130319025,0.22684590386,0.180686123845,0.291164782045
0.595110404719,0.0331719084479,0.31044173729,0.0612759495431
0.0568354717519,0.33645878897,0.251261494515,0.355444244763
0.187656640176,0.585297575187,0.0703744359081,0.156671348728
0.131850103733,0.605667817433,0.0944917251326,0.167990353702
0.191988472861,0.29253505855,0.221660364699,0.293816103889
0.181874675037,0.386030009015,0.119383342657,0.312711973291
0.272002688963,0.215458519063,0.0860732463093,0.426465545665
0.64922785225,0.0836806533635,0.203058490905,0.0640330034814
0.0780413886061,0.289474620665,0.329823976401,0.302660014328
0.0324980319504,0.0298211041983,0.412416496408,0.525264367443
0.348707466086,0.216434151883,0.0996746572726,0.335183724758
0.126388496836,0.432057886945,0.12573005514,0.31582356108
0.163337433569,0.141546278772,0.409610040634,0.285506247025
0.0667611447762,0.300526583092,0.337914901295,0.294797370836
0.411313782107,0.0850625294804,0.464138889886,0.0394847985271
0.396625850782,0.169529759231,0.114261500588,0.3195828894
0.332568920007,0.146766352848,0.321388114595,0.199276612549
0.31689132954,0.15639301638,0.299142497453,0.227573156627
0.379029850328,0.156165843585,0.304575644069,0.160228662019
0.477323329954,0.164594340739,0.350434921888,0.00764740741802
0.282270375397,0.183863516401,0.215151968179,0.318714140023
0.149694563755,0.270380255998,0.203027557913,0.376897622334
0.43607200724,0.109684332481,0.152891795919,0.30135186436
0.165727426744,0.490642512375,0.0486498455485,0.294980215332
0.291169530393,0.357886444031,0.130432942569,0.220511083006
0.0889485465386,0.337709323145,0.123899838358,0.449442291958
0.0579320100289,0.314190548539,0.348264635012,0.27961280642
0.254355164579,0.280924472317,0.174990829224,0.289729533879
0.159950359646,0.00463323875369,0.614449696275,0.220966705325
0.489695057965,0.172652578511,0.0236283031082,0.314024060415
0.212390172389,0.305005921818,0.231582791703,0.25102111409
0.330425935313,0.209244147825,0.266824933958,0.193504982904
0.177235529824,0.261681427123,0.332951267976,0.228131775078
0.352725915936,0.534752560972,0.0491850707483,0.063336452344
0.244623312822,0.234284280476,0.363654615533,0.157437791168
0.14025932899,0.469374225338,0.339468169466,0.0508982762063
0.292638453963,0.21954726558,0.222848164899,0.264966115559
0.298231367227,0.332237130072,0.367885883857,0.0016456188438
0.23446116044,0.265887917772,0.235583977461,0.264066944327
0.269091717123,0.324284726617,0.0908818077414,0.315741748518
0.155892382273,0.578967071381,0.0369887304359,0.22815181591
0.616503286937,0.152386718338,0.138994979627,0.0921150150988
0.272591621679,0.283781091152,0.24553475327,0.198092533899
0.339442848816,0.110049285864,0.0832493625098,0.46725850281
0.0686269865135,0.441446779825,0.332740185025,0.157186048637
0.306439645577,0.295664440471,0.210886404587,0.187009509365
0.186930423454,0.507747944997,0.0327530218395,0.27256860971
0.269140285962,0.0762788514654,0.276778929722,0.377801932851
0.212939371654,0.0810261573331,0.353332396245,0.352702074767
0.426819876618,0.442335867982,0.0639737386424,0.0668705167574
0.40393470566,0.0447984242752,0.29562939436,0.255637475705
0.582234349474,0.00504945941358,0.386704190619,0.0260120004941
0.435798127292,0.123185164889,0.27909014697,0.161926560849
0.272998548256,0.372725226586,0.233046279261,0.121229945897
0.0505572526312,0.353576329506,0.303381842024,0.292484575839
0.337440502437,0.0876804933445,0.223569100502,0.351309903716
0.355793687002,0.549285952851,0.0926575116646,0.00226284848279
0.230572381005,0.143561049245,0.314231597535,0.311634972216
0.314357297172,0.1343293184,0.194561870893,0.356751513534
0.00709823404559,0.359939757439,0.256543545646,0.37641846287
0.279675191468,0.134125965783,0.288733956446,0.297464886303
0.146759875735,0.474546760994,0.112280025604,0.266413337667
0.265883493092,0.195728760651,0.12312962917,0.415258117087
0.136174815565,0.761614766568,0.05203824724,0.0501721706271
0.495627522157,0.0722649753158,0.389540112679,0.0425673898483
0.266958578778,0.290196273701,0.326643678712,0.116201468809
0.234827064927,0.0372952987787,0.129873813222,0.598003823072
0.407977215003,0.0536216837989,0.272059209106,0.266341892093
0.0993976720159,0.214834775899,0.45279008182,0.232977470265
0.11923012134,0.250053660395,0.334063276596,0.296652941669
0.184363520245,0.518650716027,0.239684317657,0.0573014460715
0.340397604691,0.339497630611,0.277400206872,0.0427045578264
0.353465837968,0.0178289377868,0.306470884579,0.322234339666
0.223735623392,0.262488449205,0.177037634573,0.33673829283
0.212358267574,0.396099305948,0.053040554966,0.338501871512
0.30236857859,0.519561576804,0.0950544295848,0.0830154150209
0.34444042376,0.295392288345,0.21517699287,0.144990295025
0.104746296199,0.299444129271,0.181638235746,0.414171338784
0.318795933213,0.068685082775,0.321327513249,0.291191470762
0.274905102243,0.0235138846845,0.471104371952,0.23047664112
0.138484152263,0.163331873431,0.376847269136,0.321336705169
0.374011002751,0.269949718491,0.281926418294,0.074112860464
0.143822605636,0.292968776614,0.561314985016,0.00189363273362
0.050325717463,0.311634516812,0.417945523263,0.220094242462
0.357139519352,0.233607602053,0.185211832375,0.22404104622
0.333136027161,0.0850341139799,0.130435744845,0.451394114014
0.325257048731,0.371035278594,0.0950210799369,0.208686592738
0.240947231782,0.167697487484,0.440346751452,0.151008529283
0.130240670678,0.348151839421,0.194460876498,0.327146613404
0.411624278828,0.0292194063503,0.416206692505,0.142949622317
0.135614872321,0.279162961335,0.414869791002,0.170352375342
0.056975914609,0.373365096233,0.155356239955,0.414302749202
0.193151581918,0.508682333622,0.268675380309,0.0294907041511
0.182174975999,0.45760698222,0.0972644211696,0.262953620611
0.448210108353,0.0736590567335,0.0842590671896,0.393871767724
0.419060738028,0.032084973433,0.321959594914,0.226894693625
0.461369546752,0.134170430262,0.0310051860283,0.373454836958
0.258900769326,0.272115843776,0.136925990655,0.332057396243
0.61242737142,0.144904807265,0.0936721361878,0.148995685127