0.199575356577,0.327064456781,0.129447472621,0.343912714021
0.193938700588,0.49403490146,0.226493208086,0.0855331898667
0.0245524802879,0.270249890889,0.343119462911,0.362078165912
0.119638152632,0.114148454071,0.506166550269,0.260046843027
0.541873422038,0.384810866529,0.0160271774658,0.0572885339667
0.0607686754366,0.313518450902,0.2673566651,0.358356208561
0.213965010404,0.346967421041,0.283128266635,0.15593930192
0.0463920315871,0.356607618994,0.176602053931,0.420398295488
0.0989307640557,0.552924701195,0.0277312451968,0.320413289553
0.152588606789,0.404563804005,0.272354442587,0.17049314662
0.343000193365,0.41063359076,0.175481605071,0.0708846108039
0.21222450475,0.194852936253,0.347580191886,0.245342367112
0.41889489194,0.271095796972,0.169757066413,0.140252244675
0.384428409394,0.115388832403,0.137332027314,0.36285073089
0.3796775817,0.245120175145,0.188274543689,0.186927699466
0.239194079514,0.147458159627,0.251965481402,0.361382279457
0.331141022538,0.0229027616623,0.334124636121,0.311831579679
0.0827102824073,0.17703249085,0.542659410079,0.197597816663
0.489784411134,0.256377523506,0.0271942275317,0.226643837828
0.277303500384,0.26306415227,0.282194446996,0.177437900349
0.0734048764793,0.401429531095,0.0099493232432,0.515216269182
0.245129164384,0.501507836434,0.0309905934936,0.222372405689
0.0607943829982,0.364075998584,0.395365801136,0.179763817282
0.312296367366,0.134347581057,0.23098018517,0.322375866407
0.372200330326,0.0888758295976,0.515243980097,0.0236798599792
0.235083693018,0.310991924706,0.203757355056,0.25016702722
0.201091196466,0.370718379501,0.223450004171,0.204740419863
0.263691998621,0.346265791447,0.279327765085,0.110714444847
0.409375217596,0.0165569144791,0.463026386359,0.111041481566
0.322357862885,0.300656401468,0.151371468449,0.225614267198
0.360567933663,0.206629976193,0.319229244976,0.113572845168
0.559934013651,0.214461108396,0.0448931338102,0.180711744143
0.466775035812,0.426408416644,0.0680861395467,0.0387304079973
0.0257594218642,0.297206209307,0.320297325878,0.356737042951
0.359735816544,0.379274072155,0.160544017038,0.100446094263
0.377485069719,0.219128258075,0.331122734453,0.0722639377523
0.0743221554957,0.190037257988,0.367745981066,0.367894605451
0.0258700064249,0.597077205371,0.084156281486,0.292896506719
0.129490045371,0.37033554561,0.324806448535,0.175367960484
0.0898734202464,0.399202026336,0.188113409231,0.322811144186
0.169323026678,0.354250175065,0.434606203552,0.0418205947048
0.0617325456686,0.42795407618,0.369027711236,0.141285666916
0.227323134448,0.427292222537,0.000113170384394,0.345271472631
0.286424508102,0.00563214605684,0.278487908688,0.429455437153
0.11875410051,0.0116067385187,0.525724500677,0.343914660294
0.581618893722,0.17098131957,0.0846569289993,0.162742857709
0.178121559787,0.259313386531,0.294132514596,0.268432539086
0.226901138189,0.370583036664,0.144478672681,0.258037152466
0.0986424396692,0.06244704074,0.262871870429,0.576038649161
0.0142725909718,0.0567887940601,0.543401119044,0.385537495924
0.354189440565,0.276899859503,0.307985810722,0.0609248892106
0.267897399754,0.258690285206,0.283140389824,0.190271925216
0.25309881859,0.181682023231,0.294184046519,0.27103511166
0.328757805927,0.1923955705,0.259660911896,0.219185711677
0.521316645559,0.03630512206,0.437294292877,0.00508393950357
0.056943139326,0.104250380049,0.250415972063,0.588390508562
0.356533049865,0.112000956779,0.240565668656,0.2909003247
0.453473738102,0.273103802449,0.194655516151,0.0787669432982
0.38880226275,0.204660619802,0.299216187744,0.107320929703
0.0291971345121,0.268825750894,0.374807285207,0.327169829386
0.0848238923063,0.453209884664,0.383787429169,0.0781787938607
0.239714820075,0.119130569532,0.173771169747,0.467383440646
0.0367040467299,0.159395092351,0.306449534655,0.497451326265
0.127823588384,0.211554479239,0.600988500092,0.0596334322856
0.293485102795,0.258095880997,0.148978282341,0.299440733866
0.105053556214,0.431051610991,0.0909469299866,0.372947902809
0.141565638274,0.186443185419,0.127414187606,0.544576988701
0.215128644078,0.361332967239,0.30241859807,0.121119790614
0.0685367887029,0.165665405084,0.306185824093,0.45961198212
0.364702788982,0.0722639378173,0.411614905564,0.151418367637
0.436805270083,0.0871389043282,0.0787162793334,0.397339546255
0.281985558129,0.178611110561,0.257359486543,0.282043844768
0.192640840722,0.25905358703,0.315977118541,0.232328453706
0.389775339959,0.55602402951,0.0263453874083,0.0278552431223
0.19883231531,0.301223161868,0.270351219689,0.229593303133
0.198709941393,0.195930880283,0.321830640185,0.283528538139
0.530241396817,0.215639143055,0.195022048396,0.0590974117319
0.307576000227,0.107684031927,0.358484004127,0.226255963719
0.290855127253,0.10863995839,0.332565387126,0.267939527231
0.296418511025,0.270849678204,0.166576150781,0.26615565999
0.0176230923767,0.171941665897,0.341255040687,0.469180201039
0.262398957505,0.254406302649,0.39160987504,0.0915848648053
0.217936785004,0.237356625676,0.46681828947,0.0778882998505
0.317155522718,0.271925093962,0.186041175621,0.224878207699
0.279960145501,0.489826486475,0.155853267986,0.0743601000384
0.294653864768,0.117713354471,0.386984445602,0.200648335159
0.312376365852,0.299787008775,0.286012694067,0.101823931306
0.391489176041,0.251316011259,0.0493520181952,0.307842794504
0.346915730699,0.318851637353,0.262196587863,0.0720360440848
0.254201083174,0.233208081137,0.289845191377,0.222745644311
0.143059437581,0.380456794992,0.0800619587609,0.396421808666
0.208444054284,0.286305068886,0.203673852202,0.301577024628
0.348438703476,0.321359448558,0.159666670326,0.17053517764
0.210366071265,0.296997987933,0.0567098493411,0.435926091462
0.204702295674,0.287133262242,0.245799352122,0.262365089962
0.154522460237,0.270347403636,0.363491999592,0.211638136536
0.273265856137,0.243683010244,0.261738376348,0.221312757271
0.369521924126,0.0176396732487,0.261477993529,0.351360409097
0.22689230706,0.261016303102,0.46529358701,0.046797802827
0.378427818615,0.0175378709418,0.220111583719,0.383922726724
0.204682542463,0.319303102042,0.307853139519,0.168161215976
0.321639071818,0.364783583152,0.232355461479,0.0812218835509
0.297492601128,0.138937836628,0.237812133323,0.325757428921
0.426046217744,0.0342155008668,0.48690486069,0.0528334206993
0.277313031818,0.245848267046,0.213991623277,0.26284707786
0.324884735772,0.315887308263,0.0811510513041,0.278076904661
0.186127158171,0.382124339348,0.0722231661983,0.359525336282
0.247172222218,0.49170296844,0.0515781474788,0.209546661863
0.173471799741,0.272600512967,0.390748411247,0.163179276046
0.245927482095,0.135033590396,0.336403294458,0.282635633051
0.298854717342,0.389383046478,0.139982164113,0.171780072067
0.0300109317589,0.122694497412,0.454103650185,0.393190920644
0.292425414929,0.384386775359,0.095597211226,0.227590598486
0.0718614431747,0.257032408762,0.175737204691,0.495368943372
0.380380104775,0.0690874211811,0.337683859723,0.21284861432
0.404414399042,0.201542189098,0.276502158985,0.117541252875
0.350925926463,0.137832446877,0.474366126695,0.036875499964
0.341287623471,0.161097824216,0.307490270018,0.190124282295
0.552224148755,0.335757677477,0.0277878532218,0.084230320546
0.300529968872,0.412801066298,0.284164303596,0.00250466123311
0.396624625254,0.327115272679,0.116385735196,0.159874366871
0.384886704668,0.31995185566,0.254772090738,0.0403893489336
0.373292844908,0.000672101017969,0.25092705788,0.375107996194
0.266078950244,0.252607711515,0.254721252496,0.226592085746
0.50644829332,0.169855415641,0.229344784969,0.0943515060703
0.247821228848,0.279610420347,0.26994912673,0.202619224074
0.318288672289,0.11671733519,0.109603112683,0.455390879839
0.29976753611,0.327228101348,0.147128670625,0.225875691917
0.347570645113,0.439547177074,0.165996792383,0.0468853854298
0.205207133088,0.149796229054,0.235434322225,0.409562315634
0.290786697561,0.138270527105,0.569708970945,0.00123380438947
0.162074945078,0.0759880564066,0.449844611259,0.312092387256
0.0483258241359,0.478332349347,0.468007578159,0.00533424835868
0.110018373643,0.0655006984288,0.413557685097,0.410923242832
0.193992734638,0.267207871742,0.180360065214,0.358439328406
0.108056736757,0.452920874131,0.225816924822,0.21320546429
0.450741858821,0.13362568864,0.0633091356226,0.352323316916
0.292573596587,0.393181391455,0.218278768572,0.0959662433854
0.228177353961,0.373247914092,0.178201891486,0.220372840462
0.158185988407,0.297066458167,0.294163960218,0.250583593208
0.410802903291,0.366856794089,0.137567243016,0.084773059603
0.277196112986,0.139000795367,0.365525579953,0.218277511695
0.212176280009,0.227316453622,0.306848936405,0.253658329964
0.092275611608,0.210780031827,0.0144312947589,0.682513061806
0.114756430984,0.423749403999,0.125597713119,0.335896451899
0.26419452443,0.373730575539,0.00493479004913,0.357140109982
0.0343840714953,0.423214502591,0.0667582172184,0.475643208695
0.313696885508,0.0347661856737,0.349328425181,0.302208503637
0.195580681203,0.168084216632,0.30612495378,0.330210148385
0.0427969088398,0.143270032156,0.744106779096,0.0698262799073
0.170602051251,0.311714343789,0.380102681602,0.137580923358
0.453302544982,0.329661358,0.153265020975,0.0637710760432
0.351113519732,0.348187402348,0.16826860828,0.13243046964
0.107279248178,0.362396704279,0.174346612162,0.355977435381
0.305010131781,0.382345168193,0.00683833052689,0.305806369499
0.0537901686522,0.412133785421,0.063778547685,0.470297498242
0.150587216526,0.326443141637,0.322978379161,0.199991262676
0.212530608864,0.229141035711,0.24905755322,0.309270802205
0.333988107084,0.0775580099725,0.0714962370847,0.516957645858
0.146445170493,0.301096294445,0.5371307935,0.0153277415617
0.248324460221,0.260108263441,0.297421104539,0.194146171799
0.194142060294,0.209138012821,0.292962620655,0.303757306229
0.197917029638,0.229063796097,0.208150024667,0.364869149598
0.351749769262,0.12556935526,0.159697361109,0.362983514369
0.263073708396,0.118392333126,0.136598696105,0.481935262373
0.136028082042,0.401912420587,0.126655700933,0.335403796438
0.276624894002,0.305485920305,0.296246089354,0.121643096338
0.308829070437,0.000144321166823,0.419521528143,0.271505080253
0.663198497311,0.0688310675664,0.104738982491,0.163231452632
0.289282811972,0.33831285314,0.0807307164934,0.291673618394
0.0775604609336,0.196335046525,0.312414509922,0.413689982619
0.225145709189,0.259333030671,0.361341746874,0.154179513266
0.352803470703,0.272149750799,0.250730556406,0.124316222092
0.231172631527,0.283026842732,0.251776497225,0.234024028516
0.429080503235,0.122262720918,0.191912890418,0.256743885429
0.306201796228,0.0617458885181,0.312665253525,0.319387061729
0.0615119008341,0.439998267113,0.423225463084,0.0752643689685
0.141606047935,0.266957345594,0.305408569359,0.286028037111
0.211847581287,0.522718781079,0.258001523167,0.00743211446796
0.344003791434,0.324214080973,0.0294099338534,0.30237219374
0.359592040748,0.227120701358,0.394366076894,0.0189211809999
0.0971284689354,0.436715462686,0.0367280582431,0.429428010135
0.423763168314,0.238492327591,0.0596686008874,0.278075903208
0.328582799355,0.357588062199,0.129048736891,0.184780401555
0.237657193031,0.347036944106,0.332106544031,0.0831993188325
0.0504793648762,0.199850418449,0.385707159243,0.363963057432
0.22695154015,0.185889006053,0.304031893338,0.283127560459
0.210599437451,0.182670048209,0.420449282414,0.186281231926
0.382207504866,0.00473124559463,0.127808809931,0.485252439609
0.0243724334186,0.142099285257,0.44544226378,0.388086017544
0.223940757304,0.281840635035,0.355947067124,0.138271540537
0.226023630515,0.370538545184,0.163344665605,0.240093158696
0.224573124477,0.303877812175,0.456454128445,0.0150949349036
0.132424481761,0.330889091555,0.178949535938,0.357736890746
0.43872307918,0.322121066922,0.139935747984,0.0992201059136
0.198184581535,0.317008747693,0.306534000392,0.17827267038
0.182283434199,0.296756328364,0.369176335163,0.151783902275
0.300340247093,0.0185501635111,0.272167389156,0.40894220024
0.397787017591,0.221262759855,0.33573499045,0.0452152321038
0.193421012831,0.31849941292,0.246204977939,0.241874596311