0.0302385324866,0.36716719197,0.483926505703,0.11866776984
0.436775725567,0.0883012465935,0.064056886315,0.410866141525
0.0167726698133,0.112776800521,0.295532796434,0.574917733232
0.127731723194,0.383104399291,0.187229440659,0.301934436855
0.171077696158,0.0496443315412,0.527435497484,0.251842474816
0.662577828135,0.000947407699208,0.17231038819,0.164164375976
0.169781152822,0.26714640618,0.300762092771,0.262310348227
0.228370826877,0.388353696133,0.12682827755,0.25644719944
0.129567467743,0.274032107283,0.532705707614,0.0636947173608
0.473394494075,0.0947971102476,0.112429426318,0.31937896936
0.0937607821257,0.350927302715,0.186636120249,0.36867579491
0.318160031019,0.329277515274,0.00722825305472,0.345334200653
0.18026201479,0.347399716073,0.173015698405,0.299322570732
0.198184110625,0.294552159578,0.469659849495,0.0376038803013
0.0700986467326,0.3454219692,0.196231189243,0.388248194824
0.163007811294,0.285178094397,0.339132191712,0.212681902598
0.455166515701,0.0656759268676,0.42980738108,0.0493501763513
0.140638446996,0.491709153486,0.154413971564,0.213238427954
0.411588742707,0.401190623951,0.00945761997976,0.177763013363
0.301261377944,0.395120298496,0.179739904837,0.123878418723
0.358913048539,0.341118922021,0.0223708352384,0.277597194202
0.514900059749,0.397181651638,0.0617269152532,0.0261913733601
0.295379714234,0.335400363509,0.288977478508,0.0802424437489
0.0135849811353,0.59776074165,0.060354954127,0.328299323088
0.348318346598,0.132661722456,0.33066621207,0.188353718876
0.685427234595,0.179985749359,0.0881571917903,0.0464298242563
0.234458186983,0.361313118353,0.33829556874,0.0659331259233
0.251081922913,0.22395373078,0.415114550139,0.109849796167
0.542702221083,0.0965416062115,0.0286714884286,0.332084684277
0.103471822186,0.29153537936,0.255571285021,0.349421513433
0.190134561154,0.369214960237,0.205711184794,0.234939293814
0.219596309582,0.229330787392,0.431363605402,0.119709297624
0.292030402957,0.121666942097,0.461150984221,0.125151670726
0.16646337496,0.325764762193,0.286576664852,0.221195197996
0.235352647769,0.299321986039,0.460259826428,0.00506553976389
0.0325099449799,0.278994863449,0.398957526372,0.289537665199
0.235015385152,0.171248477116,0.157833927787,0.435902209946
0.0441478128167,0.38908088041,0.40424980299,0.162521503783
0.36330598573,0.330258791355,0.239651068131,0.0667841547831
0.10105298538,0.756760157236,0.0619504674094,0.0802363899741
0.124761338504,0.192810183844,0.287441555081,0.394986922571
0.35177090731,0.0499800063131,0.333950224221,0.264298862156
0.343868532164,0.00308462486468,0.261974158589,0.391072684382
0.45946739736,0.213174186713,0.0847372636495,0.242621152277
0.110935305118,0.249525997898,0.133494815641,0.506043881343
0.183790547032,0.236747656347,0.288340172771,0.29112162385
0.36297304774,0.154055833294,0.212166591485,0.270804527481
0.32275470434,0.278590239381,0.318302976267,0.0803520800121
0.264193273155,0.421214954565,0.125930449935,0.188661322344
0.161450649579,0.37429947076,0.123181302371,0.34106857729
0.276963086261,0.170364463133,0.324675306228,0.227997144379
0.235873091634,0.227093508743,0.196709534879,0.340323864744
0.543657804745,0.137480658227,0.278061352652,0.0408001843762
0.19107546028,0.316947597649,0.070712250323,0.421264691748
0.0678511218783,0.410852071949,0.176875268985,0.344421537188
0.338406608985,0.365908825722,0.16808461012,0.127599955173
0.0120159973426,0.233534081872,0.561442793917,0.193007126869
0.0875212402478,0.371356136839,0.258933150516,0.282189472396
0.225441571038,0.253593108438,0.261389881156,0.259575439369
0.201097408702,0.243818517097,0.0694040722469,0.485680001955
0.285365289248,0.0220515209535,0.0505613430165,0.642021846782
0.37182686364,0.135753431874,0.132010842416,0.36040886207
0.305953628974,0.284530079433,0.0279198199657,0.381596471627
0.294028868781,0.164361662214,0.405286952287,0.136322516718
0.0283438897043,0.467402053637,0.427996069009,0.0762579876498
0.0161101098219,0.151709033301,0.513344119257,0.31883673762
0.394405913188,0.0836736499382,0.378838645773,0.143081791101
0.456717194963,0.262518862962,0.271569761611,0.0091941804643
0.0299251216371,0.175288723072,0.493970617323,0.300815537968
0.279138926984,0.268894713879,0.147254712483,0.304711646653
0.20393603628,0.389028459109,0.259211788089,0.147823716522
0.317140617734,0.269387933445,0.322285961836,0.091185486985
0.182194038811,0.292704522351,0.398206915741,0.126894523097
0.572048174434,0.137606394114,0.134352112976,0.155993318476
0.291440341376,0.194476275881,0.271009210969,0.243074171774
0.399680367882,0.267584681473,0.27504141313,0.0576935375155
0.316853777982,0.238534245232,0.181018656743,0.263593320042
0.314565313876,0.312718180615,0.120435949,0.252280556509
0.296032208223,0.23859702469,0.217881779973,0.247488987114
0.240367639443,0.410200235008,0.0708206153853,0.278611510164
0.383361617113,0.1675213825,0.392184437363,0.0569325630238
0.274080237899,0.296449102353,0.33836584407,0.0911048156783
0.290808530151,0.172176033619,0.150921058191,0.38609437804
0.338542244662,0.205226301479,0.19348845491,0.262742998949
0.134402693445,0.326968990202,0.24683921157,0.291789104783
0.463157079851,0.176873262243,0.190926448252,0.169043209654
0.353518095562,0.22710008749,0.055531706226,0.363850110721
0.112009774449,0.260379200269,0.287574747358,0.340036277924
0.200399037677,0.257625231685,0.283888436499,0.258087294139
0.491590132268,0.10821439726,0.0709228799905,0.329272590481
0.321887557725,0.379677082196,0.0202859814283,0.27814937865
0.0148710174281,0.350216636741,0.171543239887,0.463369105943
0.302777579621,0.191830737415,0.201893787278,0.303497895686
0.134805430023,0.281819858997,0.269281533968,0.314093177011
0.186931516871,0.67026264086,0.00328256517357,0.139523277095
0.00809850784742,0.468557021959,0.344602987456,0.178741482737
0.333949628236,0.328807172051,0.32730650085,0.00993669886332
0.322153079899,0.271476111426,0.276714611833,0.129656196842
0.375999943216,0.545114476188,0.0499369915175,0.0289485890785
0.326702756534,0.0641835831533,0.173075052388,0.436038607925
0.274159935638,0.0234843285416,0.339707046801,0.36264868902
0.389451107082,0.199539914386,0.17833146208,0.232677516452
0.0726942948975,0.249787891664,0.223156527169,0.454361286269
0.180209026643,0.355709168586,0.41654801479,0.0475337899815
0.529653218703,0.227229759162,0.0695867542154,0.17353026792
0.437011017089,0.371187481198,0.0472404440892,0.144561057623
0.254390511077,0.122975007585,0.409498775268,0.21313570607
0.178793755358,0.393424012381,0.145402897017,0.282379335244
0.143397900822,0.264340393331,0.23717841155,0.355083294297
0.319760233208,0.0724539741664,0.474396480809,0.133389311817
0.157256889849,0.155868540777,0.325638600701,0.361235968673
0.515212604986,0.115921510097,0.326717179376,0.0421487055409
0.0843046954762,0.290628109672,0.387613769438,0.237453425414
0.236856962032,0.13193790337,0.314223187612,0.316981946985
0.11628212851,0.41343663088,0.25189520001,0.218386040599
0.156589184572,0.446855606288,0.016631951566,0.379923257574
0.33668825147,0.0332299719098,0.364295910334,0.265785866286
0.336678536754,0.390612590198,0.18394635253,0.0887625205183
0.227397040731,0.207787837703,0.197786069219,0.367029052347
0.329652443541,0.26537384625,0.092905204936,0.312068505273
0.293723464065,0.262823007334,0.225724741479,0.217728787121
0.454233397931,0.0384240306425,0.431236950642,0.0761056207844
0.41398792873,0.202580940343,0.277739973485,0.105691157443
0.274167503582,0.348125218957,0.284329501052,0.0933777764093
0.162477474027,0.392876614426,0.289538844336,0.155107067212
0.321069456175,0.317397844668,0.283666919753,0.0778657794044
0.185000415987,0.242313331565,0.354499121423,0.218187131026
0.0935384772815,0.362004150263,0.378587387957,0.165869984499
0.41436102014,0.0470805582018,0.183331242067,0.355227179591
0.63284201013,0.0422814910878,0.259676063973,0.0652004348093
0.305072629392,0.42022412193,0.162654981298,0.11204826738
0.332222034693,0.0793504071776,0.25179771693,0.336629841199
0.0917059872351,0.285801883314,0.29800324679,0.324488882661
0.0304045328438,0.445948238323,0.232348604431,0.291298624402
0.581864094055,0.21384930084,0.139612264509,0.0646743405953
0.366208355326,0.215563217227,0.399897724895,0.0183307025522
0.376129246209,0.000974827854955,0.0217024047052,0.601193521231
0.176453756536,0.435917554699,0.00985615257212,0.377772536193
0.13819080351,0.122417303843,0.0481500061907,0.691241886456
0.299430996334,0.367308773187,0.129044899747,0.204215330733
0.266866445067,0.276701590546,0.136114179539,0.320317784848
0.296298980273,0.0697671419292,0.133938493477,0.499995384321
0.295791535508,0.26308614931,0.224953841233,0.216168473949
0.355734124223,0.170879888273,0.192590266243,0.280795721261
0.270346350708,0.366826555116,0.0160419339024,0.346785160274
0.269868475278,0.37147930344,0.218542593995,0.140109627287
0.488094476402,0.183432447255,0.209244446038,0.119228630304
0.178005219557,0.245483349583,0.246484800813,0.330026630047
0.0274557512165,0.304492078275,0.331247485491,0.336804685018
0.0361190048409,0.765026947123,0.160661239633,0.0381928084032
0.724669887309,0.106035114329,0.0833239212518,0.0859710771095
0.221086101932,0.408200288248,0.0479898298437,0.322723779976
0.0610863768514,0.13110494463,0.524008463892,0.283800214627
0.119392934657,0.16992563446,0.356656298025,0.354025132858
0.370846495931,0.00828950210445,0.34025701148,0.280606990485
0.232767973606,0.297532618012,0.273620309373,0.196079099009
0.0825964850035,0.317378266638,0.380533338171,0.219491910188
0.21836401831,0.233046395736,0.454093185364,0.0944964005906
0.0500750686206,0.235454566196,0.368497886364,0.34597247882
0.606997372398,0.229009209558,0.00904564514107,0.154947772903
0.339523192164,0.193177438101,0.284608410458,0.182690959276
0.283729895022,0.33131660591,0.0646960238842,0.320257475184
0.402314039799,0.166081703198,0.12107989357,0.310524363433
0.227803485202,0.318319390698,0.368471633704,0.0854054903965
0.143522088772,0.393051387101,0.246864992627,0.2165615315
0.621350234824,0.066869919838,0.0865002808421,0.225279564496
0.0168422010971,0.247161090228,0.247943705815,0.48805300286
0.399593734661,0.165725737586,0.0841063488338,0.35057417892
0.213259887515,0.391198722565,0.216291401246,0.179249988674
0.241643345877,0.111730623311,0.415646766122,0.230979264691
0.305382444159,0.404169284683,0.151414083397,0.139034187761
0.0542316623773,0.360653794138,0.158749472268,0.426365071217
0.369007924382,0.244676795901,0.105742994135,0.280572285582
0.00438374811263,0.489522247965,0.33407775315,0.172016250773
0.454371434153,0.476430919052,0.0204646961779,0.0487329506166
0.0472520351506,0.441450351998,0.174389967388,0.336907645463
0.116963256512,0.213506801341,0.311602313667,0.35792762848
0.298044816269,0.00222632035687,0.314322185503,0.385406677872
0.116401426416,0.335007440964,0.36803396278,0.18055716984
0.334380268809,0.00602724935025,0.347144404887,0.312448076954
0.22757749294,0.0484610817591,0.258725655551,0.465235769749
0.126047383035,0.396938028095,0.462117120289,0.0148974685818
0.267239911644,0.0210068208824,0.223500087427,0.488253180046
0.394275693535,0.117896886421,0.0345477160651,0.453279703979
0.305884075354,0.125342947157,0.214202033287,0.354570944202
0.0620227031504,0.410059797832,0.35162237404,0.176295124978
0.0856072175417,0.152223855523,0.497377950781,0.264790976154
0.174295719964,0.42399648348,0.178882741898,0.222825054658
0.366495906498,0.231349672681,0.401710890578,0.000443530243349
0.405870904682,0.060524442729,0.0270289901566,0.506575662432
0.0217964744007,0.474633376376,0.0073314535633,0.49623869566
0.253483194856,0.1898081324,0.287253455204,0.269455217541
0.414055386891,0.138724374029,0.407012617239,0.0402076218402
0.425136432317,0.39011138584,0.0882323473633,0.0965198344796
0.577250188461,0.00895603519397,0.196176101966,0.217617674379
0.303002417023,0.163193627736,0.21501865194,0.318785303301
0.097627503335,0.224712173687,0.439830752145,0.237829570833
0.209792008196,0.308223223446,0.2449632176,0.237021550757
0.072920827317,0.288838686466,0.291077225445,0.347163260772
0.360397553679,0.36069240732,0.0678296106613,0.21108042834