0.365574179539,0.213857089943,0.262962375841,0.157606354677
0.237965848871,0.199353633138,0.300086470468,0.262594047523
0.409861537648,0.0323299621635,0.138829594979,0.418978905209
0.0639450346538,0.296987630116,0.339290854945,0.299776480285
0.321612279529,0.0558072777433,0.226398525332,0.396181917396
0.223723129972,0.0600750301109,0.586152894055,0.130048945862
0.451902123186,0.18343240156,0.109733578206,0.254931897048
0.169020152076,0.271803577387,0.135683693863,0.423492576673
0.254420276751,0.336604369132,0.0928539217382,0.316121432379
0.29016846003,0.452795082514,0.148040043074,0.108996414382
0.0867137283003,0.122006098209,0.497386831567,0.293893341924
0.195207457721,0.250007404667,0.227728377072,0.327056760541
0.0312798947072,0.442022515827,0.518696401743,0.00800118772301
0.393702163177,0.00979443480336,0.207178198758,0.389325203262
0.355487741532,0.278371077654,0.203808910395,0.16233227042
0.11435462862,0.382659510697,0.161567142697,0.341418717986
0.346075271587,0.335523503294,0.153368785327,0.165032439792
0.457412343594,0.247845103915,0.0741852656993,0.220557286791
0.171918677294,0.105606123184,0.325866342767,0.396608856756
0.332563126677,0.223127710283,0.197467256309,0.246841906731
0.0902776717763,0.321151178108,0.229525528149,0.359045621967
0.076407836426,0.298016191308,0.442035035923,0.183540936342
0.422743804223,0.0814308686846,0.434300076086,0.0615252510057
0.200006427215,0.208117818697,0.524208521397,0.067667232691
0.282174875135,0.330775601357,0.00794184989168,0.379107673616
0.188774017207,0.181962320597,0.305195692903,0.324067969293
0.10618427707,0.384031980961,0.0226477220888,0.48713601988
0.0175182329121,0.446211391123,0.13298588452,0.403284491445
0.343516711647,0.246463722328,0.228354747208,0.181664818817
0.360045751002,0.205575899734,0.0561893327728,0.378189016491
0.00525666961566,0.275344444541,0.4258577697,0.293541116143
0.343053167268,0.261194058962,0.100429262704,0.295323511066
0.532348654498,0.00162693232537,0.292543240009,0.173481173167
0.0524233086926,0.469014700875,0.18563967922,0.292922311213
0.38163456019,0.212341824339,0.24503464492,0.16098897055
0.290172182373,0.0380303235186,0.38737897915,0.284418514958
0.153416135039,0.300406141228,0.365298371301,0.180879352432
0.061494671441,0.062687035106,0.499481939308,0.376336354145
0.152130311536,0.355447748166,0.045796298281,0.446625642018
0.395767856694,0.0994763134033,0.416216528216,0.0885393016864
0.204109128367,0.565368177288,0.222084607396,0.00843808694966
0.356944933612,0.343937337237,0.00727445278833,0.291843276362
0.424865518932,0.335985944042,0.0662070533462,0.172941483681
0.468821859662,0.394287365546,0.0931381430456,0.0437526317465
0.341592521458,0.0623108715188,0.370777677907,0.225318929116
0.18057125792,0.10143905421,0.336070525857,0.381919162014
0.00219879117264,0.378122091011,0.282708168853,0.336970948964
0.305500715828,0.238394687151,0.0368688647586,0.419235732262
0.369308632859,0.139202371404,0.262137506521,0.229351489216
0.141525114471,0.0692983450262,0.402518811237,0.386657729266
0.239397497749,0.0616933431144,0.0779510253423,0.620958133795
0.225112379266,0.38980442689,0.0195023195387,0.365580874304
0.00706134210618,0.171136458269,0.505678463043,0.316123736582
0.151564885538,0.423523829538,0.394196068262,0.0307152166619
0.0334707402083,0.326625391859,0.262283887847,0.377619980085
0.121504726446,0.256374678049,0.272859220022,0.349261375483
0.295260427967,0.0889576518336,0.20881657352,0.406965346679
0.231181727256,0.217075335098,0.471392462204,0.0803504754413
0.300876565681,0.141854471077,0.368045805264,0.189223157979
0.522638974145,0.239184221761,0.00655547288269,0.231621331211
0.0214335729618,0.41279658109,0.233701559918,0.332068286031
0.168883948698,0.109202132188,0.337815373332,0.384098545781
0.343894603577,0.24423164174,0.101796569264,0.310077185419
0.0704765581593,0.382774915521,0.515888204,0.0308603223192
0.344666310107,0.301887491802,0.0690885461016,0.284357651989
0.360824635666,0.160202036469,0.377818699181,0.101154628684
0.201889915715,0.170015161909,0.252559224273,0.375535698102
0.287857572676,0.122530068955,0.280856144533,0.308756213836
0.272691243438,0.268720840218,0.306648297276,0.151939619068
0.121121307442,0.707572373417,0.0681903132942,0.103116005847
0.349849000272,0.121043755512,0.189053272991,0.340053971224
0.315357598566,0.190448978412,0.330679822145,0.163513600876
0.264754426859,0.257790025211,0.205076239935,0.272379307994
0.136269208433,0.288534463135,0.178279817705,0.396916510727
0.278250045181,0.328415886244,0.239623298917,0.153710769658
0.343944512693,0.114616109096,0.183092790688,0.358346587522
0.505042433471,0.0805632444853,0.0620158716293,0.352378450414
0.323001139795,0.343734978712,0.0939697336604,0.239294147833
0.491077620071,0.0150631248283,0.129740054131,0.364119200969
0.532127361361,0.0229517294416,0.06383999918,0.381080910017
0.279289891292,0.133275636343,0.281927833696,0.305506638669
0.265761360505,0.150276147017,0.315309330493,0.268653161985
0.143466521994,0.459384297569,0.191008809611,0.206140370826
0.253423490377,0.218159117858,0.197166032488,0.331251359276
0.0408399447005,0.242446815189,0.471162448297,0.245550791813
0.230192649278,0.299266639956,0.189318939034,0.281221771732
0.364005726233,0.311234175374,0.307706669121,0.0170534292716
0.352512724489,0.200010230443,0.0171307152141,0.430346329854
0.31408649676,0.190024640557,0.311934230325,0.183954632358
0.0951105724237,0.535979319416,0.356967510162,0.0119425979975
0.0170149948201,0.249537033671,0.666411257007,0.0670367145021
0.321099266247,0.288571216741,0.288358880645,0.101970636367
0.504959848531,0.112359168531,0.206597945239,0.176083037698
0.436937237267,0.115266344636,0.369295558242,0.078500859855
0.169906509407,0.24465364773,0.343872880536,0.241566962327
0.283353428747,0.487080847666,0.054438963213,0.175126760374
0.273496407037,0.0347525546265,0.337161686198,0.354589352139
0.225481103133,0.487350887261,0.105420119153,0.181747890453
0.357628011737,0.190255399442,0.139089854567,0.313026734254
0.231105394287,0.376875945073,0.135228967532,0.256789693109
0.0931763625548,0.280593606943,0.454438982196,0.171791048306
0.154297220733,0.0389916540374,0.0970043508606,0.709706774368
0.040616227172,0.542657922291,0.0433326697374,0.3733931808
0.440616106735,0.21288376372,0.10036239546,0.246137734085
0.14236459632,0.28398964385,0.299868483701,0.273777276129
0.484500443817,0.0459242976463,0.266772514517,0.202802744019
0.0589345526488,0.319377230515,0.201935733793,0.419752483043
0.192696721596,0.145839718028,0.357715356361,0.303748204015
0.164079969031,0.302065601588,0.465330467551,0.0685239618303
0.162714290462,0.16104040035,0.393734537259,0.282510771929
0.398989510132,0.185943446082,0.07762450645,0.337442537336
0.20583964454,0.302266477023,0.244708872069,0.247185006367
0.147754184337,0.0553534400285,0.359292576559,0.437599799076
0.583632120013,0.112799041828,0.0774230078066,0.226145830353
0.0553222258982,0.169230108311,0.369344790535,0.406102875256
0.309659584386,0.101537232412,0.227593941894,0.361209241307
0.109983486322,0.432897503271,0.0936694098837,0.363449600524
0.422332780118,0.174474117387,0.1102840193,0.292909083195
0.152691192074,0.407149213345,0.110682439336,0.329477155245
0.320348821485,0.211808397896,0.277581696218,0.1902610844
0.410545361947,0.208824237917,0.194737404682,0.185892995454
0.42212290913,0.387913154375,0.145773589302,0.0441903471929
0.320079735345,0.402706236569,0.103709108488,0.173504919597
0.0690536546593,0.297227574037,0.345848223079,0.287870548225
0.421224847042,0.0138946547685,0.315493793383,0.249386704807
0.362831366631,0.423903221312,0.0588959850453,0.154369427012
0.293143782413,0.382344576953,0.106413862099,0.218097778535
0.219330048861,0.345425702483,0.0334595284843,0.401784720172
0.223336497991,0.20734671216,0.25472972247,0.314587067379
0.237390142805,0.146140449703,0.310005327632,0.30646407986
0.261284204704,0.0143216536644,0.532267762907,0.192126378725
0.184582772365,0.441826650676,0.0155786332945,0.358011943664
0.0575471705685,0.0986263292074,0.688815551712,0.155010948512
0.354964938763,0.312917684654,0.229419017922,0.10269835866
0.134102190975,0.316286105163,0.196030156897,0.353581546965
0.110504773461,0.362248048124,0.263070790638,0.264176387778
0.304616893174,0.234947393811,0.336764157139,0.123671555876
0.00811914664542,0.499282061911,0.411669682024,0.0809291094204
0.347951719563,0.462205445136,0.0649064271609,0.12493640814
0.116994011294,0.356044738685,0.0386177668782,0.488343483143
0.420128750398,0.496333894941,0.0415995693335,0.0419377853278
0.247212222765,0.436365716695,0.264788704537,0.0516333560024
0.209589026905,0.303618445621,0.27068814911,0.216104378363
0.393962325974,0.345224765212,0.165393696827,0.0954192119861
0.153900158297,0.207488378949,0.122989030822,0.515622431932
0.168561416269,0.431460676848,0.18647880893,0.213499097953
0.328514843125,0.100240758294,0.206382716438,0.364861682142
0.169508808758,0.375621996123,0.202911683887,0.251957511232
0.0464903759296,0.340636010863,0.28888274348,0.323990869727
0.182450584264,0.3560323795,0.317556045999,0.143960990238
0.370301855738,0.317783363303,0.161970403255,0.149944377704
0.375952661349,0.158153471891,0.11967930814,0.346214558621
0.179616235092,0.180051409494,0.323100249184,0.317232106229
0.44271863133,0.0519777962699,0.180392530558,0.324911041842
0.00370770761582,0.113033909781,0.661261131718,0.221997250885
0.0449626463518,0.238144623554,0.353894995215,0.362997734879
0.128940974286,0.128379845776,0.348745973461,0.393933206477
0.361159914993,0.188958002234,0.193150210951,0.256731871822
0.235697349996,0.0781770320205,0.328581004382,0.357544613601
0.234279399503,0.507149177864,0.00532135533518,0.253250067297
0.284069982011,0.171628128453,0.295080185476,0.24922170406
0.274959000664,0.0761579989133,0.358068154391,0.290814846032
0.0807926362899,0.485092214636,0.345243525312,0.0888716237626
0.156002541796,0.137650985604,0.292820517476,0.413525955124
0.430368441681,0.275134126136,0.249836329227,0.0446611029558
0.295524638368,0.281335914919,0.235497320693,0.187642126019
0.132208511071,0.248047332557,0.355956790296,0.263787366076
0.241129525841,0.119486684427,0.512723138295,0.126660651437
0.00509985007529,0.35488747912,0.456028296457,0.183984374348
0.227882377668,0.356047206963,0.242254553986,0.173815861383
0.0243685328948,0.432054597667,0.235961242753,0.307615626684
0.325600146854,0.295842819914,0.262106157181,0.11645087605
0.0592257846217,0.234773548144,0.345041652528,0.360959014706
0.0904192551077,0.71638994529,0.0127126289834,0.180478170619
0.0742334446108,0.0332939527472,0.39705198341,0.495420619232
0.3121049244,0.294203016582,0.213556698257,0.18013536076
0.277272179573,0.367155534463,0.156921169657,0.198651116306
0.00835777926013,0.285051721015,0.385122126175,0.32146837355
0.22732591848,0.293378106104,0.149079610995,0.330216364421
0.222752278074,0.261620532337,0.289333684664,0.226293504925
0.467483495985,0.233625538976,0.195462323985,0.103428641054
0.341697920511,0.223451207784,0.0767695511549,0.35808132055
0.362213488108,0.244771715985,0.26849782205,0.124516973858
0.263864846435,0.163709437446,0.317054334363,0.255371381756
0.00682261377352,0.67489984047,0.104211527835,0.214066017921
0.0170221157419,0.261544474811,0.420636829763,0.300796579684
0.262006978186,0.321735903218,0.348696339494,0.0675607791019
0.322579396721,0.0337935419551,0.337878982185,0.30574807914
0.00716777870191,0.0152513974082,0.316122034209,0.661458789681
0.124927699015,0.229738227816,0.264602022164,0.380732051005
0.0733379833491,0.187263615242,0.389465841005,0.349932560404
0.356330176798,0.0563881732668,0.327003232444,0.260278417491
0.369824573865,0.388211687466,0.073234525366,0.168729213303
0.0246972502345,0.348950686721,0.162671855508,0.463680207536
0.467399574599,0.0436750548396,0.208006719287,0.280918651274
0.316036201223,0.369227604632,0.200351904728,0.114384289417
0.243653253776,0.291129297432,0.31285762317,0.152359825622
0.444070015671,0.158710874859,0.308344500949,0.0888746085208
0.286555037792,0.450894647198,0.161625358299,0.100924956711
0.483371578625,0.16245090084,0.25128588944,0.102891631094