0.315316240404,0.0548853111692,0.271038507547,0.35875994088
0.0641772712425,0.450710009322,0.463403455044,0.0217092643913
0.283504739395,0.231606985808,0.185074768847,0.29981350595
0.640664427215,0.221352137007,0.131826312143,0.00615712363459
0.157922008754,0.264929723699,0.313306492786,0.263841774761
0.182173217181,0.334698004169,0.149545597031,0.333583181619
0.0778619052548,0.56113118954,0.277775706355,0.0832311988502
0.119639427235,0.416118661776,0.108579023914,0.355662887075
0.381357446814,0.226221040889,0.0536126673419,0.338808844955
0.368367735496,0.065021494144,0.0918911299415,0.474719640418
0.263054256139,0.250152571222,0.119977937132,0.366815235507
0.139114264621,0.163138695873,0.189427310749,0.508319728756
0.142884401277,0.494278339274,0.127038627924,0.235798631525
0.224686235307,0.455422724473,0.113420586433,0.206470453787
0.19720076757,0.26661230233,0.306266681197,0.229920248903
0.205577280331,0.155348568138,0.0730251686303,0.566048982901
0.334080578129,0.252689994939,0.314232731242,0.0989966956903
0.392262462194,0.0988423113296,0.028852691226,0.48004253525
0.367787121334,0.121561687943,0.482921711098,0.0277294796251
0.354926391541,0.303203236033,0.0983053968804,0.243564975545
0.286004601528,0.150795129484,0.271460546091,0.291739722897
0.00567923756199,0.317821892534,0.312925051197,0.363573818707
0.240535543738,0.180946110851,0.224768752779,0.353749592632
0.47455033611,0.0900647324723,0.289787919612,0.145597011807
0.0311834669751,0.556331633005,0.356412501247,0.0560723987723
0.168454267554,0.229833458668,0.274707248792,0.327005024986
0.197695956095,0.319058219795,0.3806051001,0.102640724011
0.0162158700507,0.401547857863,0.354096947351,0.228139324735
0.311461963256,0.299620346069,0.0043366540957,0.384581036579
0.308855301544,0.0871704238605,0.263570175328,0.340404099267
0.253543153824,0.31193165164,0.0771870480871,0.35733814645
0.307038590269,0.257169715616,0.124768961206,0.311022732909
0.280679680062,0.250680088653,0.174257960965,0.294382270321
0.00302878398119,0.140824972991,0.58564547738,0.270500765647
0.0999113445533,0.467095303923,0.284835806075,0.148157545449
0.489804800936,0.028892297861,0.0753730945567,0.405929806646
0.359758677076,0.208389620467,0.200415550268,0.231436152189
0.311569988956,0.156396431569,0.321535672421,0.210497907055
0.549502627926,0.271047561333,0.167297878521,0.0121519322193
0.14041104214,0.260058415218,0.387921349041,0.211609193601
0.0295363552894,0.258353101599,0.387019950821,0.325090592291
0.0363919673644,0.104050302222,0.327206689559,0.532351040854
0.286007770795,0.143106807248,0.290031682397,0.280853739561
0.42314052297,0.207702859839,0.230495692904,0.138660924288
0.242575432356,0.309152841486,0.14047084691,0.307800879248
0.319421825577,0.269460055136,0.227411831066,0.183706288222
0.424364777629,0.164088119362,0.0800689866944,0.331478116314
0.350435732635,0.216073794674,0.151017712615,0.282472760076
0.467138008547,0.349718877298,0.0594836474303,0.123659466724
0.101673994748,0.381394782329,0.405333854504,0.11159736842
0.122808520076,0.333154247743,0.249298743672,0.294738488508
0.126732327586,0.257869184342,0.311764961455,0.303633526617
0.19839411117,0.234000926858,0.216745136909,0.350859825063
0.227368755845,0.0284498618652,0.364144313688,0.380037068601
0.248413091456,0.128141139477,0.343395100846,0.280050668221
0.415593076013,0.222077339084,0.35308240173,0.00924718317243
0.270991169483,0.273751479495,0.185679360841,0.269577990181
0.0216772657806,0.30336587192,0.344733816791,0.330223045509
0.347536766774,0.374471836336,0.233489731386,0.0445016655041
0.358653789126,0.38390362823,0.0504907446364,0.206951838008
0.402487304256,0.0150044864495,0.176770489104,0.405737720191
0.189598228513,0.605445462682,0.0503702979393,0.154586010866
0.285750234484,0.407018344889,0.106520740539,0.200710680088
0.193371309522,0.248955329218,0.403160960966,0.154512400293
0.236195697667,0.270793140479,0.113451165068,0.379559996786
0.743722413045,0.0876987353483,0.00710350811203,0.161475343495
0.286788894857,0.266378131213,0.354161439736,0.0926715341939
0.155501399977,0.275169532813,0.0598961332418,0.509432933969
0.347753696631,0.0898691870187,0.21273301526,0.349644101091
0.0459647164737,0.362138464408,0.295339397384,0.296557421734
0.297758003665,0.391281118616,0.00646597060867,0.304494907111
0.186906952574,0.341794369726,0.0289915222385,0.442307155462
0.09716651547,0.389973434093,0.230746059251,0.282113991186
0.381538269541,0.209874276999,0.294098175016,0.114489278444
0.136200999424,0.355144255256,0.0845045445402,0.42415020078
0.0558118391625,0.288092337785,0.442836306327,0.213259516725
0.00216578168102,0.146221101917,0.33560233711,0.516010779292
0.306353959441,0.159200356431,0.345428081993,0.189017602134
0.133489835747,0.376405320354,0.382035019385,0.108069824513
0.367599402215,0.232026788865,0.282160587641,0.118213221279
0.315104170534,0.284899893389,0.131694611168,0.268301324909
0.173054230373,0.305688295383,0.26127585141,0.259981622834
0.136572410822,0.239428799464,0.420277182427,0.203721607286
0.062048823985,0.0749297568631,0.52400215635,0.339019262802
0.00611863146225,0.194516494068,0.66348590181,0.135878972659
0.196075075146,0.357117937989,0.217339492248,0.229467494617
0.143534927757,0.265225182118,0.279953671414,0.311286218712
0.352403318907,0.0907353387318,0.0981960981199,0.458665244241
0.368999220305,0.385653118449,0.0212479180343,0.224099743212
0.0707486315202,0.148621501692,0.541026524177,0.239603342611
0.547223696244,0.117646939535,0.206779813952,0.128349550269
0.285511830379,0.124208860233,0.400021102468,0.190258206921
0.128094999456,0.307164588611,0.240966008061,0.323774403872
0.350234922288,0.11460879952,0.185700498844,0.349455779348
0.431212090409,0.217696247836,0.0231950428724,0.327896618883
0.0696637714593,0.432594139285,0.102751127975,0.39499096128
0.38919494628,0.330188605737,0.265436304814,0.0151801431692
0.262995718664,0.0853322336133,0.340294531461,0.311377516261
0.287977964479,0.319790374333,0.116983838634,0.275247822554
0.10833517453,0.335667655665,0.19179274324,0.364204426565
0.0440224264429,0.237613526202,0.5275900636,0.190773983755
0.236369249166,0.506606594961,0.0504043403774,0.206619815495
0.093141533573,0.0936405358033,0.4782827366,0.334935194024
0.445616026201,0.331455477335,0.146011504132,0.0769169923316
0.0455998373687,0.167668373928,0.430021636821,0.356710151882
0.306167369269,0.00796529459673,0.278377512819,0.407489823315
0.226850376961,0.435986221395,0.0263322223933,0.31083117925
0.312522661256,0.385221082871,0.179285959954,0.12297029592
0.23756347111,0.278316696787,0.120717267676,0.363402564426
0.185515591313,0.45765066401,0.199905460632,0.156928284044
0.466492553169,0.0478889099839,0.483563354403,0.00205518244484
0.282111292688,0.258199392346,0.350731070336,0.108958244629
0.0194615406255,0.297622452218,0.429512155464,0.253403851693
0.231728034811,0.143287927159,0.32398120498,0.301002833049
0.329627900637,0.281871180641,0.266036776102,0.122464142621
0.133554649411,0.395897744268,0.0659627797453,0.404584826576
0.0754620539379,0.248330796748,0.248910433596,0.427296715718
0.174668177644,0.338694117562,0.42363210898,0.0630055958134
0.269024067585,0.289310846926,0.320106431492,0.121558653996
0.389567140266,0.0725262066162,0.150741047146,0.387165605972
0.192141932429,0.295067351552,0.268181828321,0.244608887698
0.324532272344,0.208906646197,0.262267001204,0.204294080255
0.314761896014,0.319310182147,0.208414796283,0.157513125556
0.0411589426032,0.122341976015,0.247524341556,0.588974739826
0.0031165608604,0.435874117089,0.440958631019,0.120050691031
0.284552175377,0.564674840507,0.0634900308537,0.0872829532624
0.0515138818912,0.378121884272,0.344341404672,0.226022829165
0.265139223468,0.130332628374,0.591022163487,0.0135059846706
0.584213150276,0.114240999881,0.268249768005,0.0332960818387
0.0760841048579,0.370037425583,0.22300168667,0.330876782889
0.0724991449487,0.285485063909,0.55332071353,0.0886950776126
0.187986579173,0.273429518883,0.333366287269,0.205217614675
0.302937650267,0.10206185962,0.241618730521,0.353381759593
0.353392189327,0.371605798232,0.200648227249,0.0743537851932
0.343829808933,0.143924219083,0.277366099632,0.234879872352
0.228983561734,0.170216644499,0.234389854024,0.366409939742
0.330778079187,0.0447648061114,0.234550020203,0.389907094499
0.272615690735,0.324552177423,0.120837604195,0.281994527647
0.320637589274,0.050871789016,0.301582477615,0.326908144094
0.281328611875,0.239884229075,0.354440910195,0.124346248855
0.233241849538,0.213933831563,0.327530177357,0.225294141542
0.294255169742,0.271769082651,0.316124830985,0.117850916622
0.175631329299,0.334482772179,0.142296039349,0.347589859172
0.400428738919,0.312479330212,0.0509879569538,0.236103973915
0.078262221498,0.204151903568,0.514856006351,0.202729868583
0.0776042683871,0.246524810375,0.341793455397,0.334077465841
0.124188431801,0.252093005308,0.312615956038,0.311102606853
0.217492700271,0.39544507857,0.053499290103,0.333562931056
0.290383931428,0.0522386408596,0.429384695655,0.227992732057
0.0222625698945,0.446656000166,0.0638455252274,0.467235904712
0.0589751098665,0.621790361329,0.135516345418,0.183718183387
0.238243172665,0.32073188729,0.308754907589,0.132270032455
0.230762252977,0.411205779946,0.31809012725,0.0399418398275
0.221086494605,0.423578533081,0.0530806881622,0.302254284152
0.425095737085,0.353272041018,0.108495711663,0.113136510234
0.115613534488,0.594305355011,0.0774873635349,0.212593746965
0.212816724734,0.0878321116486,0.225692757842,0.473658405775
0.0839190099324,0.463646088831,0.397248571329,0.0551863299071
0.386464443834,0.362207387163,0.173933714589,0.0773944544147
0.150375408516,0.254021910777,0.260330275399,0.335272405308
0.0476108190152,0.371552679108,0.435080022883,0.145756478994
0.215178826326,0.129065561746,0.318115621565,0.337639990364
0.0796367239943,0.334423151851,0.253267031948,0.332673092207
0.0819829552945,0.364610977326,0.497257225175,0.0561488422046
0.288094124164,0.281161339507,0.199738643634,0.231005892695
0.0874730944584,0.320930211763,0.0814505174209,0.510146176358
0.0743180145895,0.20355571237,0.601902658921,0.120223614119
0.102694936458,0.569838379571,0.202015990777,0.125450693193
0.187735045499,0.430146779125,0.0196327907848,0.362485384591
0.301348682139,0.245576008399,0.0746315360597,0.378443773402
0.313316269112,0.0772846355912,0.09058452359,0.518814571707
0.473966778996,0.0451760003386,0.0118754811023,0.468981739563
0.0736403899164,0.342879063278,0.44073528355,0.142745263255
0.281537475337,0.279908607944,0.366124862988,0.0724290537311
0.397221801252,0.118246860484,0.113595501032,0.370935837232
0.195853019752,0.262434178094,0.238727710069,0.302985092085
0.14121407424,0.520183527338,0.212204980841,0.126397417581
0.295517840354,0.100025233438,0.272310276854,0.332146649354
0.135776893232,0.32152644162,0.262547710013,0.280148955135
0.196668551776,0.332376144641,0.352167090906,0.118788212677
0.359760945338,0.365245961885,0.0478657160301,0.227127376747
0.028537521908,0.0061496307841,0.297202684146,0.668110163162
0.20439949287,0.327346110973,0.330330762304,0.137923633853
0.346786694746,0.247521953057,0.388653075646,0.0170382765517
0.0243770605741,0.00232831909027,0.517471234288,0.455823386047
0.0760036549732,0.338532371034,0.248974144306,0.336489829687
0.195030670775,0.17723965294,0.371320448192,0.256409228093
0.0763055786606,0.140938506313,0.370812121244,0.411943793782
0.245982639468,0.250380583971,0.109866801226,0.393769975335
0.437929049911,0.209323759112,0.0701918210741,0.282555369904
0.401798804264,0.338821263418,0.195789839488,0.063590092831
0.241665368384,0.479253624431,0.0621382823962,0.216942724789
0.255734252005,0.090005019192,0.365990537554,0.288270191249
0.172148559096,0.302826717728,0.15436996908,0.370654754095
0.151553988667,0.666556081516,0.107340049691,0.0745498801264
0.21081924912,0.166315679112,0.398262127395,0.224602944373
0.176720855563,0.253162029222,0.183763462551,0.386353652664
0.393852291681,0.37025492637,0.046922626795,0.188970155154
0.437085174627,0.173781781522,0.123339445861,0.26579359799
0.293166592088,0.281352084767,0.0957630476386,0.329718275507