0.133341034619,0.333381608874,0.52427165291,0.00900570359669
0.472164523298,0.0821165113256,0.352415876922,0.0933030884541
0.36609938476,0.0603784304856,0.362340252017,0.211181932737
0.130915026669,0.112167450089,0.399378308735,0.357539214508
0.470897565204,0.180240604058,0.0018861011853,0.346975729553
0.369459736716,0.341922336147,0.0692591394978,0.21935878764
0.434784491468,0.0882709573293,0.121248543721,0.355696007481
0.205848330365,0.307959008224,0.192442944267,0.293749717144
0.309731539048,0.437228143741,0.00633289935953,0.246707417851
0.352314981862,0.0427084281853,0.375314797601,0.229661792352
0.0852779929125,0.470568637576,0.0280789913597,0.416074378152
0.432990044064,0.138497185827,0.202935549365,0.225577220744
0.306458136821,0.194591757161,0.264685968593,0.234264137425
0.122655908173,0.0461158472468,0.38948136689,0.441746877691
0.0870665828192,0.300558666721,0.3062487865,0.30612596396
0.359395645337,0.0761330000997,0.157889515619,0.406581838944
0.46842115255,0.130173435392,0.14280733775,0.258598074308
0.426834426063,0.211852377033,0.0726898377492,0.288623359155
0.17538582466,0.340656038559,0.217157527473,0.266800609309
0.0519404691684,0.399245716253,0.370385486329,0.17842832825
0.367285990883,0.0990265531298,0.360364162919,0.173323293068
0.102820529969,0.263174376864,0.506631139492,0.127373953676
0.261364588641,0.0529773887159,0.3211378242,0.364520198444
0.15842784241,0.309136557168,0.29615253883,0.236283061592
0.101694202865,0.548164502272,0.311433606081,0.0387076887821
0.537261210179,0.0554760580261,0.0631738528137,0.344088878981
0.184429718513,0.177592647299,0.323765952373,0.314211681815
0.165081284315,0.368328691353,0.185390562142,0.28119946219
0.107633606284,0.351718505633,0.41819758257,0.122450305513
0.228268890841,0.556931235138,0.192615910412,0.022183963609
0.405794540986,0.453942178928,0.13200880649,0.0082544735957
0.0810053535016,0.310791178157,0.437650132578,0.170553335764
0.402136505966,0.0774082645047,0.296861350523,0.223593879006
0.0272495340346,0.470712336329,0.199263415357,0.30277471428
0.261817957117,0.20198984584,0.359410379349,0.176781817693
0.360469842758,0.112430864251,0.109248785941,0.41785050705
0.140002336122,0.331217643873,0.129472163088,0.399307856916
0.249283947381,0.156749016599,0.344846724162,0.249120311858
0.286899718063,0.310854803715,0.290893430217,0.111352048005
0.148498937328,0.0818051795965,0.420459435046,0.34923644803
0.45015652514,0.0941741961341,0.340812844168,0.114856434558
0.249654259085,0.350239508202,0.0414278273538,0.358678405359
0.120662842478,0.237111677114,0.4166071521,0.225618328308
0.0401548989854,0.34641689353,0.390689852284,0.2227383552
0.516104889646,0.0406416323918,0.217927635928,0.225325842035
0.363331913786,0.384241854821,0.0120983405079,0.240327890886
0.490074039017,0.146173337168,0.348235216329,0.0155174074854
0.546493426762,0.238186756178,0.154085059278,0.0612347577815
0.326899370538,0.210619782057,0.142141608413,0.320339238993
0.425244041979,0.0479684676223,0.190410329294,0.336377161105
0.0623377717437,0.0160638198255,0.277379611913,0.644218796518
0.416196781783,0.149801229754,0.146837113491,0.287164874972
0.269349636531,0.284431127484,0.193649410181,0.252569825805
0.0056290959838,0.181341196432,0.358282478201,0.454747229383
0.339797742066,0.293509512242,0.0697473006589,0.296945445033
0.169015081805,0.439406487287,0.343078736409,0.0484996944983
0.273521480968,0.210292244577,0.330001995967,0.186184278487
0.159043281482,0.0438904572591,0.401593889895,0.395472371364
0.0411452158039,0.170732106459,0.441378930012,0.346743747725
0.059832028446,0.391008801556,0.175640321736,0.373518848262
0.0457154394864,0.350715854699,0.273904221117,0.329664484697
0.228530452497,0.406651306759,0.316767531911,0.0480507088329
0.412495982803,0.298400379964,0.110707657313,0.17839597992
0.319332573208,0.0530777927185,0.448680705722,0.178908928351
0.258590703868,0.321415844358,0.15712161629,0.262871835483
0.24988481056,0.256333269273,0.143834143984,0.349947776184
0.294632015199,0.247362576298,0.181848749397,0.276156659106
0.457064736951,0.113999216719,0.224029334067,0.204906712264
0.204021900056,0.296821563336,0.330572379052,0.168584157557
0.516563786057,0.146989880574,0.184635057532,0.151811275837
0.314541022157,0.173571520982,0.0840590208673,0.427828435994
0.20528355903,0.548744357977,0.122806574365,0.123165508629
0.0569574282209,0.333788823115,0.261346606082,0.347907142583
0.290015120503,0.449337160105,0.0462680296512,0.214379689741
0.304423269681,0.223142439295,0.00055836028081,0.471875930743
0.0714280848462,0.592999738202,0.310620900402,0.0249512765503
0.205985516802,0.0810461657569,0.124320174659,0.588648142783
0.138701769147,0.43387844048,0.191177424906,0.236242365467
0.0617788711861,0.393132511438,0.347795037985,0.197293579391
0.114530210284,0.134277772832,0.261936558284,0.4892554586
0.435095685284,0.155949032009,0.363996242031,0.0449590406763
0.0931201284371,0.2956170406,0.0148701821074,0.596392648855
0.243261757966,0.21986259383,0.34151425424,0.195361393963
0.425047394731,0.268011187754,0.24736052204,0.0595808954743
0.285166213811,0.304577966319,0.137045703616,0.273210116255
0.2399520725,0.154027761672,0.27122612177,0.334794044058
0.252958520641,0.493935735307,0.182953553175,0.0701521908773
0.00654904805586,0.369333266475,0.352684852927,0.271432832541
0.708492431119,0.173229816301,0.0697466981243,0.0485310544558
0.253049985379,0.0627828610712,0.126623789803,0.557543363747
0.291810103165,0.126775727959,0.320903154135,0.260511014741
0.0546200925304,0.316037770644,0.288973129285,0.340369007541
0.119196396177,0.493633590688,0.385138045335,0.00203196779995
0.220573351656,0.418246006277,0.3542787838,0.00690185826581
0.355066809159,0.12224551384,0.100257890996,0.422429786005
0.340824211455,0.2866269751,0.151335993172,0.221212820273
0.185963568628,0.286509613791,0.214202985162,0.313323832419
0.0106252788966,0.252302834617,0.34912092747,0.387950959016
0.272061594,0.385541244871,0.162690647256,0.179706513873
0.234409451832,0.106936290135,0.622752218683,0.0359020393508
0.262940712211,0.207334769381,0.18846445643,0.341260061977
0.139891008472,0.300294913805,0.501804680556,0.0580093971667
0.260007677203,0.190132115066,0.273188099471,0.27667210826
0.238309292774,0.262399928311,0.249660278362,0.249630500553
0.042558596471,0.324026243396,0.0503518928,0.583063267333
0.224588753369,0.184372026767,0.478605198084,0.11243402178
0.315477297636,0.190229024334,0.281575128086,0.212718549945
0.219156686443,0.28491010254,0.215462164884,0.280471046133
0.0336487555599,0.400966122064,0.184877167512,0.380507954864
0.553745288465,0.00491330203288,0.212955684949,0.228385724554
0.0758201632447,0.283081849145,0.365744064913,0.275353922698
0.194254696568,0.253686783245,0.0846493802684,0.467409139919
0.317290166762,0.115451287798,0.393711481311,0.173547064129
0.242855424324,0.335507580456,0.165828317325,0.255808677895
0.450154981155,0.206736630912,0.106328247518,0.236780140414
0.272014718347,0.258710537342,0.283034528263,0.186240216048
0.277959635,0.164977289327,0.239769337428,0.317293738245
0.156510155918,0.408882817962,0.282571125674,0.152035900447
0.0836049974243,0.126869605718,0.321468191677,0.468057205181
0.320090240854,0.282593436337,0.0697350994787,0.327581223331
0.220270878114,0.204034590521,0.286231872968,0.289462658398
0.266292324259,0.533095374387,0.124071175592,0.0765411257627
0.408915252824,0.354382485241,0.0914265929524,0.145275668982
0.198080525485,0.184160302835,0.301901025297,0.315858146383
0.288432779707,0.154493624382,0.296070847082,0.261002748828
0.187287764032,0.310883693278,0.296765438258,0.205063104432
0.380747839662,0.143349616146,0.445679673114,0.030222871079
0.324644200717,0.194066960114,0.243461614547,0.237827224621
0.431313844802,0.131388320974,0.221305100909,0.215992733314
0.429703439302,0.100115214965,0.000439011371507,0.469742334361
0.0715298004039,0.179325920629,0.275884447795,0.473259831172
0.353074403308,0.0464470582441,0.00852908779671,0.591949450651
0.47024887247,0.158684154726,0.0981731908961,0.272893781908
0.131461844393,0.364886170787,0.443575376512,0.0600766083084
0.203666580424,0.229142089586,0.535604819808,0.0315865101822
0.106413927652,0.183111004353,0.203108958335,0.50736610966
0.120953537919,0.572266996242,0.0390109129723,0.267768552866
0.186497427063,0.0869031934058,0.389291890219,0.337307489312
0.336889478848,0.255816097225,0.342582408271,0.0647120156553
0.111921306986,0.074841902932,0.345258844439,0.467977945644
0.385676195966,0.10707657819,0.177153119242,0.330094106602
0.388351594127,0.174848371014,0.324464135519,0.112335899341
0.265490847978,0.331764928194,0.173286812187,0.22945741164
0.0554496337528,0.257745838273,0.105573473639,0.581231054335
0.261881575482,0.303643570907,0.417684225653,0.016790627959
0.00323713176083,0.465693900553,0.264582840526,0.266486127161
0.437964506565,0.134545777307,0.301679157697,0.125810558431
0.363360011187,0.211555629015,0.0657319187287,0.35935244107
0.283927348816,0.19658145055,0.316851875303,0.202639325332
0.185912243179,0.20899812939,0.280897715533,0.324191911898
0.2758561433,0.191245556304,0.247465139909,0.285433160487
0.202113001756,0.155883378476,0.370674122348,0.27132949742
0.0968164810221,0.326383901384,0.326571605976,0.250228011618
0.25607440278,0.517811804996,0.188833835089,0.0372799571341
0.0495550220071,0.223421967223,0.301318872731,0.425704138039
0.301570335018,0.0580748842958,0.639343411192,0.00101136949404
0.157108424714,0.330607512669,0.416177719001,0.0961063436152
0.309105410253,0.106128335659,0.511464574549,0.0733016795382
0.14571208943,0.451192565038,0.339450716951,0.0636446285814
0.0910483626091,0.441408627125,0.30499659211,0.162546418156
0.459049011909,0.0698676352089,0.461669313897,0.00941403898503
0.277086856933,0.318882655047,0.387432597748,0.0165978902713
0.0796402016333,0.375236014927,0.19984251151,0.34528127193
0.374037711687,0.369179521934,0.0635216892096,0.193261077169
0.313319942662,0.235299680548,0.125784015543,0.325596361247
0.0720851165402,0.303216235321,0.226314530126,0.398384118013
0.126376571506,0.140064428972,0.104222376083,0.629336623439
0.131486554173,0.272756445344,0.25085153763,0.344905462853
0.201788565395,0.45940899961,0.313693611718,0.0251088232769
0.0534242697491,0.338447942115,0.361980897387,0.246146890749
0.448921655838,0.189826345165,0.349402371943,0.0118496270534
0.228292357819,0.131796006435,0.128389548583,0.511522087163
0.45523910276,0.280773084846,0.11682177393,0.147166038465
0.280799958928,0.0207248330048,0.257697209276,0.440777998791
0.228120357061,0.264322773965,0.128668381189,0.378888487785
0.0707250783708,0.301283341929,0.188965528763,0.439026050938
0.341226054036,0.102946067683,0.408656426833,0.147171451448
0.286820720451,0.0530801077628,0.303788931929,0.356310239858
0.271582423874,0.223398400425,0.0980128306628,0.407006345039
0.143035541852,0.0505981263993,0.41582097123,0.390545360519
0.426600831357,0.417301937409,0.141931806236,0.0141654249973
0.0525142017192,0.108017781977,0.435757402553,0.403710613751
0.468927511717,0.249997927807,0.252302945024,0.0287716154531
0.0786780211092,0.239690579128,0.341805103427,0.339826296335
0.295852299089,0.17952477106,0.265387264412,0.259235665438
0.050564671986,0.0575002054615,0.381158732884,0.510776389668
0.0474478657973,0.715489273915,0.220151376332,0.0169114839557
0.331505688095,0.2482139467,0.0580076925325,0.362272672673
0.157786405338,0.0574817846194,0.373717199166,0.411014610877
0.132808735001,0.265938307096,0.346855928455,0.254397029449
0.173051930434,0.579304124062,0.0629106011566,0.184733344347
0.256325044135,0.429446898632,0.290603877183,0.0236241800499
0.160414533615,0.236609671933,0.326481132317,0.276494662134
0.451612176648,0.0326892425109,0.387333439856,0.128365140985
0.00906487404134,0.379280566207,0.426748716253,0.184905843499
0.373579660861,0.217886035869,0.340166148805,0.0683681544655
0.211320746963,0.729518792911,0.000288298477712,0.0588721616483
0.343192648501,0.0664168493776,0.284232144504,0.306158357617
0.297777188615,0.293060224621,0.324466031422,0.0846965553418
0.0221543161505,0.340349042221,0.267912599021,0.369584042608