0.204297822663,0.280597414045,0.308332704011,0.206772059281
0.249550316169,0.00778345906199,0.37302455901,0.369641665759
0.293402708333,0.298211224535,0.261667770782,0.146718296351
0.196639838787,0.287613574627,0.305997420435,0.209749166151
0.213187085321,0.14523448848,0.267357232992,0.374221193207
0.366798020133,0.223168598938,0.158121251265,0.251912129664
0.262771655794,0.229035795253,0.418785928444,0.0894066205087
0.199914049386,0.483188034177,0.241682050042,0.0752158663946
0.570663183282,0.235897586879,0.0330971695824,0.160342060257
0.132728414926,0.569159576259,0.0867346562961,0.211377352519
0.329087089069,0.217404925399,0.214125494674,0.239382490857
0.130382115165,0.275110897935,0.405407986043,0.189099000856
0.582466687748,0.075234915598,0.0199636273452,0.322334769309
0.23832378298,0.386097033149,0.22480693874,0.150772245132
0.207863884605,0.389406068872,0.323938976249,0.0787910702747
0.215753091961,0.219847147867,0.26069694979,0.303702810383
0.214225894974,0.288398089444,0.234137247678,0.263238767904
0.0428421742311,0.310336410103,0.178783919035,0.468037496631
0.205629697768,0.311446709303,0.151465693244,0.331457899685
0.158957238393,0.425706501814,0.344422286706,0.0709139730873
0.424346166928,0.375055006225,0.184029975646,0.0165688512012
0.203908298932,0.229148052253,0.212040040096,0.354903608719
0.236664267662,0.369885931937,0.197830369541,0.19561943086
0.18256018125,0.230690906481,0.463092305524,0.123656606745
0.178307602108,0.117959596104,0.310528031834,0.393204769954
0.299443219536,0.36201568879,0.0396278863848,0.29891320529
0.0877079491799,0.210056198459,0.118221884756,0.584013967605
0.195024728511,0.246808429571,0.309369414422,0.248797427496
0.20974708554,0.34112365424,0.189286275552,0.259842984668
0.261322561029,0.287073694783,0.372691103381,0.0789126408077
0.291661113221,0.0394380396529,0.348509695938,0.320391151188
0.31270675745,0.467258795711,0.0723162018272,0.147718245012
0.335443614963,0.387598381563,0.0957747960657,0.181183207409
0.314596418961,0.170531782695,0.295801658671,0.219070139672
0.245617808882,0.255007656305,0.202478823139,0.296895711674
0.289205393003,0.343780112341,0.0935292251911,0.273485269464
0.408381892494,0.351925715924,0.0863431844083,0.153349207174
0.235274315916,0.114467091591,0.532886316743,0.11737227575
0.42091539682,0.16466234476,0.0631644580866,0.351257800333
0.0478753648451,0.19402665574,0.615488897968,0.142609081447
0.306859035691,0.407459798896,0.255392792952,0.030288372461
0.0751900796807,0.401559665181,0.467508183284,0.0557420718546
0.00777566266611,0.485136258673,0.452511508527,0.0545765701341
0.128683664087,0.484805548125,0.109313421559,0.277197366229
0.161921022584,0.188853313168,0.530503871812,0.118721792436
0.379001645666,0.163226803522,0.42504477487,0.0327267759412
0.13022669345,0.159167540799,0.34027453286,0.370331232891
0.0350637244474,0.291597749659,0.262894228528,0.410444297366
0.189408382753,0.34046627373,0.0959363529349,0.374188990582
0.136420584839,0.0201571806241,0.372945596884,0.470476637653
0.339563174777,0.0708444261652,0.453556159402,0.136036239656
0.293596143394,0.46336493429,0.05115960418,0.191879318135
0.430647273098,0.113078748534,0.0721519463621,0.384122032007
0.324867688396,0.344786492402,0.195999766539,0.134346052663
0.327374405509,0.133807795254,0.195111166876,0.343706632361
0.290076569211,0.364371757023,0.321145079936,0.0244065938294
0.0988826350783,0.252434116976,0.242142435913,0.406540812033
0.0806292719809,0.149156479592,0.397689010832,0.372525237596
0.0824337486755,0.192018074174,0.300746966364,0.424801210786
0.0923425991345,0.308915232345,0.360721414118,0.238020754403
0.276936184182,0.473703080846,0.249207784791,0.000152950181006
0.209864768884,0.426737141823,0.203168961015,0.160229128279
0.0349077141493,0.302052130789,0.414736088178,0.248304066884
0.445045929819,0.21793609871,0.0915604087355,0.245457562735
0.0879741849071,0.359701110949,0.439153322332,0.113171381812
0.0623006434411,0.222506181589,0.531692004387,0.183501170582
0.352380161683,0.14685642966,0.310830177129,0.189933231528
0.177327839139,0.202406730433,0.219977814993,0.400287615435
0.207287847226,0.104248653634,0.416693820906,0.271769678234
0.172791500968,0.366045379173,0.230709657245,0.230453462614
0.182611746044,0.0461341893828,0.294064633944,0.47718943063
0.0363130156276,0.248307753316,0.686185121065,0.029194109991
0.334677442254,0.462572836065,0.00787932809831,0.194870393583
0.391430167595,0.00804585311203,0.169299351923,0.431224627369
0.095074374646,0.0139010654048,0.708194957276,0.182829602674
0.274368753763,0.37925824472,0.200353704199,0.146019297318
0.552752173433,0.0107078564986,0.357035221915,0.0795047481532
0.325204530013,0.263709281188,0.339696767726,0.0713894210728
0.123024474457,0.457902324562,0.361671281542,0.0574019194394
0.239344393104,0.263755052141,0.31875847601,0.178142078745
0.0267417835168,0.166295888056,0.520055196754,0.286907131674
0.390619263581,0.184124795196,0.00527293583763,0.419983005386
0.307156661198,0.236601948156,0.270534384131,0.185707006515
0.25236258898,0.279879368038,0.238514413898,0.229243629085
0.162941572299,0.371159291414,0.383186959098,0.0827121771897
0.185357970112,0.415231751385,0.0177553430525,0.38165493545
0.291364036469,0.489331108845,0.0409816741539,0.178323180533
0.30836375501,0.0182616251604,0.51151480527,0.161859814559
0.492474243319,0.0993903187916,0.39113593837,0.01699949952
0.294983973954,0.19831095571,0.00345080667526,0.50325426366
0.358576000601,0.281936948867,0.114546175802,0.24494087473
0.349600564308,0.202619411447,0.275186583741,0.172593440504
0.589158333909,0.115226066358,0.120220331658,0.175395268075
0.145124231566,0.541387261636,0.180541473144,0.132947033655
0.280438573124,0.248590056357,0.190573007757,0.280398362762
0.11838629013,0.102545490968,0.391076502146,0.387991716756
0.220124342446,0.237034233768,0.303404990116,0.23943643367
0.25498052621,0.379841309294,0.0396469512686,0.325531213227
0.32815150688,0.175685075572,0.260524572916,0.235638844632
0.175902865795,0.355952411489,0.270873877069,0.197270845647
0.508733618897,0.212160666283,0.250681277372,0.0284244374479
0.13217812927,0.323333402473,0.26013940504,0.284349063217
0.279925703099,0.238961625173,0.0851414191289,0.395971252598
0.18830632157,0.368144774287,0.397775112512,0.045773791631
0.311970409788,0.0701137946202,0.330760774377,0.287155021215
0.182263976031,0.20558608099,0.236346060079,0.375803882899
0.0193002388675,0.213883565543,0.504455232384,0.262360963205
0.277202969473,0.223456822385,0.306897152206,0.192443055936
0.320268165696,0.122134716124,0.175573594676,0.382023523505
0.192852641166,0.492957465548,0.102513295466,0.21167659782
0.269244659957,0.177023580515,0.338353533873,0.215378225655
0.241310898368,0.330132422013,0.161563879725,0.266992799895
0.216198276413,0.278912549194,0.152631115661,0.352258058733
0.366830902055,0.122798056075,0.284087863461,0.226283178409
0.0426753592827,0.285263214749,0.402671867887,0.269389558081
0.0548230529132,0.745841984317,0.10040263613,0.0989323266398
0.197963582641,0.134725585164,0.39794592526,0.269364906934
0.552306638533,0.0112997181235,0.0872135583688,0.349180084975
0.0727463250471,0.431220470804,0.187994508116,0.308038696033
0.258916819347,0.275672578956,0.264885065688,0.20052553601
0.371765767823,0.125286718666,0.380151558518,0.122795954994
0.449607152042,0.44893741411,0.0719021852851,0.0295532485627
0.264760835524,0.170055634271,0.393525056875,0.17165847333
0.0370112952397,0.0197774341381,0.665560023766,0.277651246856
0.286634155694,0.0399624328305,0.409271439504,0.264131971971
0.0941468692718,0.225260442672,0.364411331825,0.316181356231
0.300657573145,0.238693131691,0.35352963253,0.107119662634
0.205837193957,0.413041336228,0.270555406867,0.110566062948
0.356416094167,0.303018174323,0.235605471132,0.104960260378
0.48849008742,0.185841616722,0.131217592406,0.194450703453
0.276992846854,0.0145190764043,0.509229724484,0.199258352258
0.324596715777,0.0792780705333,0.457469789272,0.138655424418
0.325693001605,0.124131654637,0.0814199230946,0.468755420663
0.0776176788992,0.290616306433,0.312955308426,0.318810706242
0.276698119609,0.174910485326,0.208823484149,0.339567910916
0.397487046852,0.0623911804919,0.351871993944,0.188249778712
0.0528515492439,0.548849614023,0.141540687917,0.256758148817
0.294231169198,0.394035865049,0.0641344439806,0.247598521773
0.276907426946,0.45153514508,0.173889416952,0.0976680110225
0.00683729908244,0.238279960181,0.371944939013,0.382937801724
0.12657489448,0.168186113991,0.32942692203,0.375812069499
0.371258351876,0.324330671471,0.0535282616932,0.250882714959
0.341549784411,0.231898321235,0.0868278019041,0.33972409245
0.206625859335,0.170956036314,0.533557918718,0.0888601856327
0.256133475095,0.18517031126,0.205371903677,0.353324309967
0.341501321091,0.316943289936,0.0435906624167,0.297964726556
0.0497491013381,0.474628643781,0.025377935374,0.450244319507
0.129115709222,0.280170448145,0.277487325388,0.313226517245
0.0760536415021,0.336816051271,0.265894497411,0.321235809817
0.0704055622823,0.236033662804,0.231057127543,0.462503647371
0.132014243303,0.333204443664,0.264320391243,0.27046092179
0.0422253622392,0.233636145856,0.311983909042,0.412154582863
0.131992335015,0.412960171421,0.377590314358,0.0774571792062
0.118076827018,0.230050545089,0.371846322534,0.280026305358
0.399837287688,0.227582992664,0.0776717019789,0.294908017669
0.344769196352,0.180774992222,0.264071345594,0.210384465832
0.0296391950078,0.268190023511,0.406336687959,0.295834093522
0.294593174858,0.404862615149,0.0225662226034,0.277977987389
0.551840715087,0.0582196543754,0.323280708644,0.0666589218935
0.199485797323,0.358993499038,0.226641150393,0.214879553245
0.452192101533,0.0458474875498,0.0509922406185,0.450968170299
0.146412490139,0.16857219501,0.40136571655,0.283649598301
0.145968201513,0.367177048364,0.138529777427,0.348324972696
0.330758075274,0.148461061233,0.436950884852,0.0838299786407
0.240783627854,0.120412460717,0.305075176627,0.333728734803
0.122604258183,0.340328410455,0.184406000888,0.352661330475
0.199596507472,0.177177268232,0.462370142725,0.160856081571
0.0782783048035,0.161016510358,0.149672500908,0.611032683931
0.551347965983,0.438486208407,0.00362144546846,0.00654438014091
0.187798178629,0.334235945438,0.304634749467,0.173331126466
0.246125117531,0.0647361854312,0.340043100723,0.349095596315
0.347768103621,0.191287287242,0.398044665595,0.0628999435416
0.389156373608,0.237992769156,0.0614112702789,0.311439586957
0.146784774608,0.539135046534,0.217985852681,0.0960943261778
0.287171150389,0.158740202457,0.226327141771,0.327761505383
0.334066906422,0.0842310624289,0.2302749405,0.351427090649
0.207211194125,0.208863185358,0.254391336193,0.329534284324
0.195513974082,0.392630268959,0.177115997602,0.234739759357
0.202456298747,0.0906743027173,0.402937162888,0.303932235648
0.286222305647,0.278648115192,0.38319321343,0.0519363657303
0.399772261438,0.130335842497,0.299807342977,0.170084553088
0.442472336485,0.29193509625,0.0110763350678,0.254516232198
0.307567147046,0.180190044752,0.125885990031,0.38635681817
0.00487886303378,0.0459999586378,0.87915812579,0.0699630525387
0.0210717040761,0.39004543475,0.325362142362,0.263520718813
0.278783942047,0.27452619736,0.320552647421,0.126137213171
0.0855173285111,0.112664934036,0.51999813601,0.281819601443
0.166904652949,0.254854634492,0.0350734917772,0.543167220782
0.11715685254,0.413588294329,0.102777649589,0.366477203542
0.315685254749,0.0372140083175,0.468123386531,0.178977350403
0.190119178808,0.280936358148,0.150868130652,0.378076332392
0.210414284432,0.322748215389,0.239112415312,0.227725084867
0.467473307532,0.239066055016,0.108941760097,0.184518877355
0.144139045461,0.097507781246,0.356178102691,0.402175070602
0.437845644782,0.0837787470152,0.432433840556,0.0459417676472
0.319414746505,0.261725561864,0.315580426487,0.103279265144
0.523137078448,0.11419767709,0.351117207643,0.0115480368183
0.326875265406,0.156697211104,0.183281317968,0.333146205523
0.249339255123,0.320040926958,0.259694719204,0.170925098715
0.253098129564,0.195520005099,0.26268127883,0.288700586508