0.301480283587,0.397412268484,0.062598117983,0.238509329945
0.0361921773823,0.420944070851,0.0652740669174,0.477589684849
0.351636664998,0.0498693026382,0.225610622848,0.372883409515
0.23957943693,0.385657044941,0.0976047296674,0.277158788462
0.0812156149481,0.145593074049,0.533271476651,0.239919834351
0.406047734606,0.144427622201,0.30530467846,0.144219964732
0.0573894090668,0.409290773099,0.0761564288472,0.457163388987
0.245314694187,0.262262582591,0.395061644788,0.0973610784341
0.276085811641,0.129140861027,0.254109954515,0.340663372817
0.254587901989,0.134755256013,0.424915350784,0.185741491214
0.275197827316,0.271871608538,0.241093202642,0.211837361504
0.285278166795,0.202845018735,0.265165767624,0.246711046846
0.145993310176,0.398201315227,0.24621080554,0.209594569057
0.244703927452,0.267160236062,0.211545613743,0.276590222743
0.365624809716,0.147966043714,0.110177231155,0.376231915415
0.0667145269957,0.52650709419,0.038297262832,0.368481115982
0.324203360538,0.104943779174,0.184743070511,0.386109789778
0.192237720762,0.151442443371,0.0603204629874,0.59599937288
0.237581688557,0.315630117314,0.0878379212994,0.35895027283
0.342069207193,0.231403041681,0.118583953817,0.307943797309
0.350007792037,0.173158081997,0.214998177871,0.261835948094
0.444680630133,0.0487069488503,0.301235372708,0.205377048309
0.43620434978,0.237649863047,0.152892397025,0.173253390148
0.159842621357,0.154303313715,0.387729737289,0.298124327639
0.402045650208,0.00850948983985,0.0638969106713,0.52554794928
0.41229002144,0.159193620659,0.34827684019,0.0802395177105
0.210851246812,0.478404456345,0.074379059473,0.23636523737
0.400355547261,0.124409795135,0.35827873591,0.116955921695
0.0252300866739,0.329196980054,0.213930140845,0.431642792427
0.298572790925,0.058621628051,0.267784326262,0.375021254762
0.349973861211,0.288516883549,0.00156141716899,0.359947838071
0.427254969968,0.246742033163,0.222759459449,0.10324353742
0.186369991436,0.224646886831,0.564613991197,0.0243691305362
0.233813460698,0.298308379182,0.181048930303,0.286829229817
0.256066940249,0.241094990539,0.234415082897,0.268422986316
0.288975572368,0.228362864676,0.214385988309,0.268275574647
0.385803646961,0.308684461971,0.182720941327,0.12279094974
0.663386770514,0.171802051679,0.0781505277106,0.0866606500964
0.199468230884,0.0789417333784,0.410877014885,0.310713020852
0.446401098723,0.318967695635,0.147161258807,0.087469946835
0.142880072567,0.430700113309,0.19288068898,0.233539125144
0.243764057677,0.157002439393,0.188296372429,0.410937130502
0.281643357994,0.105030570794,0.428259242704,0.185066828508
0.312693992624,0.15140136119,0.328258806137,0.20764584005
0.0179280400332,0.572021587517,0.156769553111,0.253280819339
0.0481176183213,0.50490564064,0.228194622199,0.21878211884
0.324195051127,0.13520807038,0.369109590302,0.171487288191
0.351149003864,0.391077801391,0.216113604435,0.0416595903102
0.371452560572,0.360309566694,0.0151533120738,0.25308456066
0.184818127822,0.24696271532,0.339427417973,0.228791738885
0.301628232268,0.110214889692,0.578794087258,0.00936279078135
0.171162181959,0.336577280397,0.174749401775,0.317511135869
0.239179952393,0.0511461238462,0.36472402983,0.344949893931
0.0236310651961,0.073397806666,0.546918954211,0.356052173927
0.213147485776,0.194432649376,0.109439315596,0.482980549252
0.360947150542,0.227040745524,0.407863135519,0.0041489684144
0.199870217522,0.309147177816,0.0894289959703,0.401553608692
0.334943434291,0.0715207537515,0.249531528783,0.344004283175
0.30378385511,0.348184101,0.300724243586,0.0473078003044
0.143205023459,0.398875084689,0.422205142302,0.0357147495505
0.180941194647,0.215648596414,0.303780834522,0.299629374417
0.377695845758,0.362153856454,0.00248811954889,0.257662178239
0.121489473851,0.171495903331,0.521694432869,0.185320189949
0.163911042029,0.171150540997,0.313994822907,0.350943594067
0.0779074284465,0.17223239523,0.422349675191,0.327510501132
0.255551961619,0.327596459452,0.0154996150595,0.401351963869
0.350945244613,0.0752240674507,0.290669380141,0.283161307795
0.189545007256,0.342886378401,0.221001415015,0.246567199328
0.250076257669,0.2587225207,0.326046211456,0.165155010175
0.102368145273,0.338828552719,0.215692429556,0.343110872452
0.0872734267889,0.410346098314,0.147523037203,0.354857437693
0.252611002911,0.272310887693,0.210404945642,0.264673163754
0.467459039343,0.195188384438,0.236934556865,0.100418019355
0.416340849654,0.220988627833,0.327705313501,0.0349652090122
0.584490124186,0.227069849053,0.133296823891,0.0551432028694
0.308461277863,0.224427774317,0.365566411689,0.10154453613
0.339177643728,0.236601829674,0.215929669196,0.208290857402
0.0971761619325,0.364881223978,0.372363551608,0.165579062481
0.102019265035,0.416924773604,0.300465424504,0.180590536857
0.340130001143,0.111316092304,0.299264259174,0.249289647379
0.12152999667,0.120090960103,0.310552786322,0.447826256905
0.0247091698784,0.300909913331,0.114930624633,0.559450292157
0.279550938225,0.282920715097,0.13704582676,0.300482519917
0.250987534507,0.377741172636,0.00219309291593,0.369078199941
0.336616680044,0.529138101115,0.00761658716845,0.126628631673
0.277242634367,0.289533858357,0.296634326904,0.136589180371
0.00382373133253,0.616659482881,0.227705782403,0.151811003384
0.442121495731,0.367679671834,0.0132723681133,0.176926464321
0.260265166843,0.230115567803,0.229304551157,0.280314714197
0.114606159932,0.143079098056,0.529348667775,0.212966074237
0.0541196599734,0.418077389188,0.460351942274,0.0674510085647
0.109804134475,0.777351836581,0.100859501982,0.0119845269618
0.263882808973,0.279080365675,0.136110671426,0.320926153927
0.45000321426,0.101176830552,0.299808780064,0.149011175124
0.258806354762,0.261316067541,0.188514992571,0.291362585126
0.484492300888,0.0505806029089,0.24346368601,0.221463410193
0.227463620604,0.200053789046,0.234499397941,0.337983192409
0.192196775823,0.204513565534,0.459242490479,0.144047168164
0.471200764515,0.150150087436,0.146720422701,0.231928725348
0.137901921045,0.442256627513,0.368057722517,0.0517837289256
0.223175608084,0.446309599478,0.164371522428,0.166143270011
0.0123953904916,0.513371538787,0.423680925639,0.0505521450824
0.138561988185,0.0380076747354,0.262304598135,0.561125738945
0.133462716144,0.0647291615399,0.0109039070262,0.79090421529
0.41021584381,0.196340163592,0.390694353955,0.00274963864304
0.283798853376,0.300643316311,0.181387848093,0.23416998222
0.312124004364,0.0635318061582,0.415453416049,0.208890773429
0.360329606602,0.154115054694,0.254945670236,0.230609668468
0.386702755741,0.243296290559,0.145909710693,0.224091243007
0.162272462386,0.401790916719,0.218396606936,0.21754001396
0.0414441919612,0.391230286468,0.543342016648,0.0239835049233
0.269299219006,0.151039880432,0.209248974172,0.370411926389
0.211501648571,0.339569326415,0.0572551793269,0.391673845687
0.301639689724,0.215391284619,0.279801511071,0.203167514586
0.033915156568,0.383591523948,0.332061035906,0.250432283578
0.172393502586,0.146624564858,0.289327407399,0.391654525157
0.0738143820702,0.271705834214,0.467594041123,0.186885742593
0.583147893734,0.0276031798088,0.0868434037403,0.302405522717
0.314899601402,0.386002389917,0.25999579955,0.0391022091303
0.2430189446,0.155483457557,0.303059898402,0.298437699441
0.32776396221,0.0290161394599,0.324219546904,0.319000351426
0.144986755177,0.0445468439513,0.191072016092,0.619394384779
0.266176665488,0.287053807169,0.17718360665,0.269585920693
0.157992891765,0.548644815133,0.263822416818,0.0295398762845
0.211218180251,0.143156892958,0.307627956478,0.337996970313
0.235359272413,0.368368550373,0.301458132601,0.0948140446133
0.619104544102,0.300779800933,0.0780594715561,0.00205618340836
0.232487042859,0.379551046771,0.00462261964513,0.383339290725
0.346243000591,0.134469609418,0.419264485412,0.100022904579
0.237437670101,0.0276286183479,0.26530762041,0.469626091141
0.261941686088,0.0866350953317,0.304310831118,0.347112387463
0.00382487339223,0.432986998272,0.391731056014,0.171457072321
0.316855177967,0.30797796052,0.355815246734,0.0193516147789
0.317567230369,0.334101197481,0.26148211662,0.0868494555295
0.463828621763,0.312717791748,0.0158478900538,0.207605696436
0.319527649172,0.236347482592,0.108656021947,0.335468846288
0.328143289304,0.342373667347,0.169044007077,0.160439036273
0.254348731113,0.306308414725,0.197721660697,0.241621193464
0.123324231404,0.228358560784,0.313403010893,0.334914196919
0.388571900343,0.344158903588,0.199120115085,0.0681490809839
0.132372375178,0.330116226501,0.395725558871,0.141785839449
0.141273791665,0.24350565788,0.520753529303,0.0944670211512
0.725257693193,0.0771052519006,0.117435521231,0.0802015336753
0.355598175997,0.268535446508,0.314387917174,0.0614784603218
0.275033647508,0.273372432523,0.0225992598268,0.428994660143
0.423242438408,0.32512296538,0.191194738608,0.0604398576036
0.173152963415,0.132009531331,0.356718404911,0.338119100343
0.38800433252,0.264197057765,0.169140235224,0.178658374491
0.171636191778,0.352066817719,0.11705895377,0.359238036733
0.421676457314,0.235229743154,0.158093807518,0.184999992014
0.269990415648,0.448905905729,0.0597623720354,0.221341306587
0.39664194505,0.319459935129,0.0327415223402,0.251156597481
0.312356020332,0.358407808377,0.217858087117,0.111378084175
0.383581061134,0.243150815111,0.173555117753,0.199713006002
0.31454882118,0.183279034134,0.046648107831,0.455524036856
0.574724884552,0.0473196098322,0.314686021659,0.0632694839569
0.0674040016835,0.102080830775,0.540691372315,0.289823795227
0.0646558177064,0.0855832484702,0.254770838422,0.594990095402
0.364157856822,0.157903227916,0.33334206041,0.144596854852
0.11503495901,0.378878549747,0.387634140015,0.118452351228
0.295152161325,0.0822927904441,0.35366129287,0.268893755361
0.321901195306,0.0906122539489,0.261084692505,0.32640185824
0.258865251095,0.495967236551,0.143604400648,0.101563111706
0.281061799211,0.293264769942,0.0981662412134,0.327507189633
0.604631465087,0.227532049206,0.0499970179514,0.117839467756
0.0873550811204,0.412908118713,0.305570043586,0.19416675658
0.00338950861902,0.405997016217,0.262611323343,0.32800215182
0.104502123587,0.248406052345,0.324092144254,0.322999679813
0.327178765275,0.298943563731,0.177585451854,0.19629221914
0.287969889222,0.3063313696,0.1263036078,0.279395133378
0.248270794004,0.265788568802,0.163579409529,0.322361227664
0.362156479721,0.191670101031,0.444464848877,0.00170857037055
0.390307006718,0.374178009274,0.0857713685412,0.149743615467
0.253224755595,0.0779470227636,0.299496209094,0.369332012547
0.0381453472604,0.307328915668,0.32269408808,0.331831648991
0.199945649324,0.380806173357,0.321388463328,0.0978597139917
0.37357708499,0.352819058721,0.0142485557946,0.259355300494
0.199671361184,0.363973005526,0.00927614523433,0.427079488056
0.040998623055,0.200475255951,0.297375802208,0.461150318785
0.243638340518,0.479998751499,0.0641483377793,0.212214570204
0.315641931514,0.0300437610405,0.361192791378,0.293121516067
0.105781918908,0.480188031405,0.0172751615751,0.396754888111
0.28489918046,0.321565983777,0.211003186666,0.182531649097
0.0212932892581,0.219130628727,0.577718970956,0.181857111059
0.402424664104,0.405272298314,0.162767832371,0.02953520521
0.0380583490086,0.70662172633,0.0779381646127,0.177381760049
0.297062803759,0.190671545672,0.264765456752,0.247500193816
0.0451226173818,0.339406517109,0.382727887642,0.232742977867
0.480933158994,0.309604981035,0.201405780758,0.00805607921338
0.129126821615,0.73091930282,0.0643461753537,0.0756077002111
0.302249258604,0.29233388266,0.0759550899835,0.329461768753
0.173641551825,0.383117726455,0.282420003313,0.160820718406
0.0260267679092,0.16102958604,0.412121757279,0.400821888771
0.296824722088,0.421555560564,0.0139882261217,0.267631491226
0.211341429138,0.242329999897,0.326953149938,0.219375421026
0.401581523372,0.0103327206893,0.308603493198,0.279482262741
0.228103916252,0.542061549782,0.211298897309,0.0185356366569
0.312103244635,0.255266115296,0.155679752206,0.276950887864
0.485697507115,0.312490490996,0.163840179089,0.0379718228004
0.36725871132,0.222891877943,0.237252889591,0.172596521145