0.277565841732,0.307514979692,0.269193809577,0.145725368999
0.00558365675346,0.359712394096,0.392235367387,0.242468581763
0.285621768635,0.39052484294,0.31162953963,0.0122238487948
0.0501538290319,0.445268495889,0.363546226066,0.141031449013
0.102393753426,0.616324656725,0.0264641962172,0.254817393633
0.289349956352,0.532769712685,0.130087188823,0.0477931421402
0.596577724196,0.0238325463382,0.251733465891,0.127856263575
0.587638792651,0.116488270756,0.123839733894,0.172033202699
0.232673056987,0.304642221186,0.343389217057,0.11929550477
0.314733296394,0.0934065349963,0.263450996337,0.328409172273
0.232364510947,0.277113674423,0.237399845276,0.253121969354
0.318914609654,0.115465831608,0.107310748333,0.458308810405
0.335622492402,0.0911893922298,0.316921483985,0.256266631383
0.274636142626,0.134892403564,0.236600566977,0.353870886833
0.228613332498,0.352356223605,0.130168145707,0.28886229819
0.373306004248,0.189211338489,0.382995909973,0.0544867472904
0.276530213048,0.340427520821,0.199593179226,0.183449086905
0.375178143611,0.334689994928,0.192713322647,0.097418538814
0.392185116053,0.170411608924,0.372542128735,0.0648611462888
0.100545788414,0.251168074514,0.458364002744,0.189922134328
0.280743170766,0.412635254102,0.173281304586,0.133340270547
0.278741146348,0.258845066256,0.291060942184,0.171352845211
0.210241336276,0.182762515734,0.231905923528,0.375090224462
0.619798356427,0.0629887682507,0.301645677016,0.0155671983062
0.002868817761,0.347794276133,0.317571602016,0.33176530409
0.356345499474,0.0949291525513,0.302212723497,0.246512624477
0.322958811717,0.111551909586,0.391352693487,0.17413658521
0.0495604774703,0.22869842371,0.338489930973,0.383251167847
0.147095643262,0.175719266261,0.386588462528,0.290596627948
0.0670062938623,0.290113354282,0.376073868123,0.266806483732
0.177587470733,0.363329221145,0.0768706650838,0.382212643037
0.174301047074,0.26343228102,0.175322997189,0.386943674717
0.558333019049,0.0177462597123,0.0722731585577,0.351647562681
0.146353026181,0.173875172049,0.463921572845,0.215850228925
0.349023112096,0.00435181512795,0.301177805961,0.345447266816
0.0191024796273,0.551534739859,0.33261719823,0.0967455822839
0.447114225448,0.139197460892,0.115377517421,0.298310796239
0.082119507057,0.294700651126,0.221343265253,0.401836576564
0.260781084094,0.222354873023,0.220023012973,0.296841029911
0.0796165635138,0.268789039434,0.476009208865,0.175585188187
0.0851048176904,0.310015366555,0.226520492555,0.378359323199
0.336606180127,0.0932703054379,0.480902037357,0.0892214770774
0.0980163865138,0.308478161919,0.296138350437,0.297367101131
0.323822944459,0.211405226427,0.292767152047,0.172004677067
0.0627296926336,0.462820092307,0.215062534818,0.259387680241
0.207135612982,0.27169399827,0.474679103898,0.0464912848503
0.102875624424,0.191312047217,0.559139304818,0.14667302354
0.143977051883,0.181418838222,0.321703371522,0.352900738373
0.344290236233,0.280024989134,0.0391224628786,0.336562311755
0.191837036834,0.232246679864,0.271631472847,0.304284810455
0.16560883664,0.544367349972,0.157484988369,0.132538825019
0.324915594435,0.277113343347,0.104400284114,0.293570778105
0.43437483046,0.0471217898807,0.247272359197,0.271231020461
0.0934573945307,0.572298255214,0.211206100838,0.123038249417
0.230572821334,0.148139644275,0.375238771509,0.246048762882
0.308833570883,0.123388089228,0.277676930361,0.290101409527
0.641268543291,0.149416302126,0.0333799842547,0.175935170328
0.337030727454,0.432661431412,0.0555120252454,0.174795815888
0.243032439144,0.250877210483,0.223431210267,0.282659140105
0.019006658476,0.113283230916,0.370596299353,0.497113811255
0.302336363433,0.307480250549,0.174334001508,0.21584938451
0.101101359657,0.426052379657,0.0746846708554,0.398161589831
0.0874311456552,0.367550483033,0.0589579346596,0.486060436652
0.229825775226,0.213790535296,0.220743835523,0.335639853954
0.329644966577,0.362570454455,0.1976401542,0.110144424767
0.436852165562,0.367121004551,0.0125998187383,0.183427011149
0.138816121715,0.131877077582,0.458377660835,0.270929139868
0.325418800959,0.314984424825,0.305471014647,0.0541257595693
0.322630199023,0.357688981871,0.163495835976,0.156184983131
0.351122132081,0.383802027076,0.198610878382,0.0664649624607
0.374147168042,0.246746828539,0.368104677416,0.0110013260027
0.513911735754,0.409999431935,0.0416244202627,0.0344644120477
0.00447702890665,0.118354270122,0.650825758807,0.226342942164
0.270873184034,0.330461593159,0.233626673489,0.165038549318
0.363682603258,0.119760567737,0.140964847583,0.375591981422
0.146878431339,0.377922153016,0.36677716659,0.108422249055
0.316942076865,0.398654839267,0.265479701851,0.0189233820168
0.163806887142,0.205273656136,0.41995678744,0.210962669283
0.530397499029,0.0834647506643,0.290679377139,0.095458373168
0.0486478232494,0.407268062002,0.0731031821041,0.470980932645
0.33899770671,0.266452009433,0.248517483472,0.146032800386
0.28198712312,0.237219136577,0.140310423387,0.340483316916
0.14061258421,0.385831608488,0.261910356281,0.211645451021
0.231407984694,0.141847342429,0.286489984731,0.340254688145
0.114692649486,0.0624197006828,0.330798866982,0.49208878285
0.0826304229739,0.344799694639,0.254635778059,0.317934104328
0.00979825932313,0.220109824683,0.273095638683,0.496996277311
0.188025100417,0.579940945532,0.0148206149196,0.217213339131
0.1924619812,0.334110577602,0.285638575013,0.187788866185
0.375243166242,0.182885233183,0.33400726886,0.107864331715
0.406975127082,0.0254429504123,0.230280172648,0.337301749858
0.256409749731,0.0860772905387,0.514235436372,0.143277523358
0.0866361787494,0.130272526421,0.316899330541,0.466191964288
0.380417750352,0.251173034763,0.338858338478,0.0295508764064
0.165284756625,0.269959310802,0.103704364302,0.461051568271
0.323377055464,0.340231499616,0.0729971704829,0.263394274437
0.413573504831,0.296853915803,0.213062758407,0.0765098209588
0.450947901598,0.0249739686086,0.422183998446,0.101894131347
0.0391975880316,0.23081849747,0.352729366681,0.377254547817
0.0689171065316,0.0476629514452,0.465618345362,0.417801596661
0.236477446103,0.496996213633,0.133619637825,0.132906702439
0.331064789106,0.169320067276,0.259267690937,0.240347452681
0.247431841219,0.258572475207,0.379887353571,0.114108330004
0.471831647961,0.058741859036,0.423626482791,0.0458000102118
0.247785573076,0.372437965186,0.0377587410339,0.342017720704
0.204938315523,0.385978700563,0.376305669423,0.032777314491
0.367036818625,0.280804761506,0.27449918285,0.0776592370193
0.281148518264,0.387466818691,0.23749952388,0.0938851391645
0.0242325542853,0.481647628648,0.421341339217,0.0727784778502
0.35661069574,0.171428880111,0.268425644714,0.203534779435
0.0239403885478,0.427058530791,0.203439266404,0.345561814258
0.143837324796,0.249477778128,0.281570225298,0.325114671778
0.33910972931,0.0842937848363,0.321331426397,0.255265059457
0.369889837838,0.462186481971,0.0496027666922,0.118320913499
0.311731006855,0.0152195046536,0.580223692807,0.0928257956839
0.107466439751,0.223682351628,0.332754767115,0.336096441506
0.592564986256,0.0746328438083,0.00640374203352,0.326398427902
0.317683685152,0.349488316389,0.0583417578302,0.274486240628
0.342978310952,0.222752481938,0.390248414815,0.0440207922951
0.437915297292,0.127737945529,0.179810511369,0.254536245811
0.265646516296,0.317612529232,0.30072776555,0.116013188923
0.251337067501,0.216303514849,0.281618685184,0.250740732466
0.320901573701,0.415159973269,0.070620616571,0.193317836459
0.245808534488,0.181604499578,0.347481942049,0.225105023885
0.451667500645,0.0877154937892,0.132378205728,0.328238799838
0.0045805930646,0.0448965253954,0.421742548354,0.528780333187
0.288580229258,0.255307196651,0.140489526176,0.315623047914
0.198729125565,0.11620573065,0.289335093707,0.395730050078
0.273946360831,0.0393312033377,0.423964793029,0.262757642802
0.194714617494,0.105347020801,0.490921322408,0.209017039296
0.150730444239,0.331494407303,0.133579745789,0.38419540267
0.375477498559,0.29738081468,0.111291075484,0.215850611277
0.191639497276,0.0641024756165,0.304200195456,0.440057831651
0.247221833856,0.185914896291,0.318464110105,0.248399159748
0.320993535542,0.296558994564,0.0520735565451,0.330373913349
0.026017515233,0.313883032111,0.203037622162,0.457061830493
0.0940726612589,0.231936029848,0.379888428461,0.294102880432
0.299637655806,0.258535333259,0.171879576001,0.269947434934
0.112697995183,0.240070868454,0.230847356509,0.416383779854
0.308364384254,0.328298218757,0.0615369412132,0.301800455776
0.196549209678,0.28634486157,0.209951588669,0.307154340083
0.502129981744,0.101278632967,0.217347898483,0.179243486806
0.0435442294166,0.26278427875,0.413186843419,0.280484648415
0.0913494897069,0.418861046867,0.442366717205,0.0474227462212
0.100110300484,0.0945768044914,0.461555136576,0.343757758448
0.172612601202,0.371220291445,0.102546981313,0.35362012604
0.336678539207,0.335626481366,0.234409388723,0.0932855907033
0.486701678887,0.127737339049,0.113767899711,0.271793082352
0.288598890756,0.390880952948,0.0695695921829,0.250950564112
0.282550439579,0.362748764108,0.00261261141289,0.352088184901
0.0470713196215,0.253910816497,0.351442200208,0.347575663673
0.0543930288124,0.275135404561,0.432433777193,0.238037789434
0.0796285447316,0.070498016598,0.253132327444,0.596741111226
0.0495205004685,0.385671728866,0.288173462595,0.276634308071
0.0547214126628,0.294146863036,0.333159827214,0.317971897088
0.0246499979324,0.140734793508,0.675903428528,0.158711780032
0.323732148524,0.146858040664,0.196200010785,0.333209800026
0.110544106174,0.307686160657,0.294626333216,0.287143399952
0.168501014117,0.070925444295,0.334973424262,0.425600117325
0.255414003549,0.328156807759,0.349193174796,0.0672360138958
0.132872397088,0.144310316828,0.478024239387,0.244793046696
0.179231906569,0.342195395035,0.277751306875,0.200821391521
0.282009841114,0.0567894283512,0.265260833484,0.395939897052
0.442522688671,0.107308690417,0.086015815735,0.364152805177
0.258622282517,0.386407813579,0.06339638117,0.291573522734
0.207920133304,0.312016054025,0.199999351458,0.280064461213
0.43451246028,0.0693244661988,0.385924734089,0.110238339433
0.326046849658,0.29566015981,0.10346883014,0.274824160393
0.0215906727313,0.354822501648,0.238884764839,0.384702060782
0.3430696509,0.203433728258,0.196751200832,0.256745420011
0.258868060042,0.305447332419,0.0750468149614,0.360637792578
0.313978489131,0.217702182282,0.451255755374,0.0170635732131
0.325053086883,0.278812138575,0.113427368671,0.28270740587
0.253448365048,0.497021372209,0.0303482145616,0.21918204818
0.197295905947,0.608908104769,0.111547930988,0.0822480582964
0.155863889133,0.526104802148,0.210349907456,0.107681401262
0.153571926083,0.261814624998,0.415878222057,0.168735226862
0.364212458878,0.0866086825685,0.384644927007,0.164533931546
0.08263654199,0.314778502907,0.0488102681903,0.553774686912
0.201139433814,0.289375493773,0.246779282682,0.262705789731
0.303743815627,0.260109087896,0.245685979458,0.19046111702
0.224885021924,0.187182108062,0.258404582144,0.32952828787
0.0788015452166,0.287330712815,0.339831049443,0.294036692525
0.333210467188,0.197053916936,0.313171567717,0.156564048159
0.196242700672,0.0817215952716,0.224064756893,0.497970947164
0.0153349923316,0.0159795885546,0.365072236233,0.60361318288
0.276013007024,0.392154918832,0.201330925234,0.130501148909
0.0618002077651,0.0111968670582,0.523024352705,0.403978572471
0.31033610772,0.0765993761033,0.319427021696,0.293637494481
0.2030530657,0.201066684724,0.282665422453,0.313214827123
0.300228046726,0.173670780445,0.299629365842,0.226471806987
0.0207435430763,0.190461475225,0.469109927269,0.319685054429
0.11681339848,0.248051057138,0.288126630801,0.34700891358
0.227646234352,0.241379005089,0.282674915991,0.248299844568
0.0313453457311,0.288286994181,0.254637909985,0.425729750103
0.491078828805,0.159717422744,0.224415343627,0.124788404824
0.0161621288536,0.33667420862,0.622482515794,0.024681146732
0.0762204074719,0.147379644597,0.419088349461,0.35731159847
0.179101270376,0.134128112759,0.414694975942,0.272075640923
0.208495242104,0.230649355764,0.0495732835181,0.511282118614