0.197274849508,0.0831253837036,0.324768639993,0.394831126796
0.0634455858861,0.273348200253,0.245005145112,0.418201068749
0.478481035787,0.066751152888,0.0604064114104,0.394361399914
0.329821627788,0.290235982721,0.223720396688,0.156221992803
0.311331710024,0.243302925454,0.346508804774,0.0988565597484
0.250612376291,0.326166287305,0.344988376937,0.0782329594671
0.238427910876,0.413250704085,0.208921688007,0.139399697032
0.295057741812,0.285387791202,0.25367186329,0.165882603696
0.311902502304,0.300394769083,0.202962456479,0.184740272134
0.222667271751,0.0621228660717,0.223173193531,0.492036668646
0.152364132475,0.393971554412,0.124389515943,0.329274797171
0.168814248281,0.223317831458,0.199998286003,0.407869634257
0.158054608818,0.0990738583284,0.68743677506,0.0554347577935
0.200715238639,0.370882122557,0.0737990768931,0.354603561911
0.306322734498,0.160117241688,0.263456930958,0.270103092856
0.499839515562,0.0421859495909,0.043510247736,0.414464287111
0.263660072604,0.192497983761,0.172472812564,0.371369131071
0.22433570563,0.469229498834,0.295913913896,0.01052088164
0.21374226723,0.414100132571,0.248270046237,0.123887553962
0.17586422826,0.221903933813,0.397083804484,0.205148033443
0.0664213384205,0.337213176386,0.258720495447,0.337644989747
0.0531942826856,0.325650774349,0.460672546868,0.160482396098
0.340662041389,0.192748816446,0.316738455948,0.149850686217
0.244706944879,0.255458117577,0.270945895817,0.228889041726
0.406482403399,0.0540801004134,0.137245568694,0.402191927494
0.458495229353,0.280585692958,0.0688290219748,0.192090055714
0.463604653704,0.0504239921309,0.451500385521,0.0344709686437
0.270159509824,0.273766494041,0.372143752038,0.0839302440963
0.333498812699,0.0838546052626,0.494042067885,0.0886045141538
0.359718176781,0.514647122295,0.0543739826567,0.0712607182672
0.515885725017,0.00272559465762,0.064994520145,0.416394160181
0.155912386823,0.22805336321,0.558093574134,0.0579406758331
0.244540918721,0.267281115203,0.374989807813,0.113188158263
0.37341985429,0.309544613202,0.195428054624,0.121607477884
0.251080128054,0.0752848554348,0.298373427717,0.375261588794
0.355593024339,0.108794749895,0.396209678537,0.139402547229
0.543200090805,0.112422755509,0.232486648493,0.111890505193
0.523095320791,0.22318884432,0.22528934054,0.0284264943496
0.239694614305,0.445792584986,0.305828769367,0.00868403134193
0.190585919473,0.207941327972,0.501127907184,0.100344845371
0.132410768773,0.361231477954,0.255122640118,0.251235113155
0.291820448494,0.0710721572913,0.186612260795,0.45049513342
0.146285034572,0.260561809326,0.381436675224,0.211716480879
0.236523310014,0.415643411176,0.153552398616,0.194280880193
0.0773338286137,0.222695872081,0.349249703431,0.350720595874
0.150964605719,0.0644747064549,0.627251197622,0.157309490204
0.499494466837,0.186366124583,0.0777174847486,0.236421923831
0.370878585615,0.315065986306,0.0594176974762,0.254637730603
0.321652242486,0.12679742331,0.367003004587,0.184547329617
0.207518089151,0.426304267682,0.332379039346,0.0337986038211
0.24662860545,0.328954073961,0.142765797435,0.281651523153
0.461096599741,0.117564633743,0.367372802521,0.0539659639959
0.647906465618,0.00921456843376,0.122167706902,0.220711259047
0.188188099329,0.144468929442,0.3490343726,0.318308598629
0.267183867421,0.458628396024,0.106909817059,0.167277919497
0.290077675973,0.139915001901,0.204615733499,0.365391588626
0.064716155727,0.932434293086,0.00231027333515,0.000539277851554
0.388488073406,0.384811382125,0.17772392908,0.0489766153882
0.203398325616,0.123065036795,0.194504316979,0.47903232061
0.275484034022,0.161706025047,0.292392130927,0.270417810003
0.271135005485,0.267778167128,0.302391995618,0.158694831769
0.362594961134,0.127329766628,0.34325544163,0.166819830609
0.13800315447,0.244732322574,0.220940218158,0.396324304798
0.459151321278,0.424970398804,0.0163974194824,0.0994808604354
0.550941542644,0.28165046439,0.0295099420405,0.137898050926
0.0893843434616,0.0265128215623,0.615331537773,0.268771297203
0.198308434464,0.0240456464552,0.364799891579,0.412846027503
0.27087786975,0.0103868134186,0.0799142440862,0.638821072745
0.392379589195,0.32088169941,0.0698543367436,0.216884374652
0.327905875392,0.139210106321,0.259601189193,0.273282829093
0.547048443403,0.0316486804387,0.350217955985,0.0710849201727
0.0371849561199,0.452228020308,0.24630175239,0.264285271181
0.24247648621,0.195013881981,0.278306385272,0.284203246537
0.555512592265,0.18753222112,0.010824385755,0.24613080086
0.255072718501,0.0849253985558,0.454615456201,0.205386426742
0.260393629693,0.477575018337,0.202287991526,0.0597433604441
0.169079111285,0.119633742487,0.454573264577,0.256713881652
0.243729054825,0.13576053279,0.535688865772,0.0848215466124
0.226591256377,0.230908719064,0.439776402471,0.102723622088
0.219924627877,0.253037869764,0.251647367577,0.275390134781
0.256234135668,0.101245381284,0.390872823975,0.251647659073
0.163182796077,0.27279872373,0.50818266259,0.055835817603
0.282488182874,0.145005795132,0.00410489557904,0.568401126415
0.356885511047,0.180423138404,0.0614755908037,0.401215759745
0.126542179874,0.250301005631,0.308761182753,0.314395631742
0.102108338725,0.399101100514,0.422350394554,0.0764401662074
0.142437792992,0.292040219576,0.325463448809,0.240058538623
0.0552293065674,0.17003895628,0.236475329012,0.538256408141
0.280943016687,0.324067909698,0.127982849815,0.267006223799
0.298637626994,0.403883404665,0.10891476577,0.188564202571
0.338279204664,0.243412780913,0.262081582729,0.156226431694
0.419843489242,0.124673954361,0.407114077601,0.0483684787962
0.105434567141,0.0217462205442,0.749737447878,0.123081764437
0.176319305355,0.115914043876,0.340031215973,0.367735434796
0.290549418885,0.309740221829,0.0773998803338,0.322310478952
0.296792592533,0.481704168866,0.00202045043615,0.219482788165
0.370536569288,0.357870577295,0.0808828624651,0.190709990952
0.246321344251,0.32903805208,0.185259726881,0.239380876788
0.406087959057,0.0539080381592,0.176747182733,0.363256820051
0.211160465281,0.2219727667,0.306437784226,0.260428983793
0.250425970627,0.265317686606,0.261493975696,0.22276236707
0.269741069546,0.340900673754,0.284575986344,0.104782270355
0.228427214439,0.113833636064,0.434099370182,0.223639779315
0.0102228474098,0.228261608252,0.467397777594,0.294117766745
0.336535221859,0.261721915524,0.255896257921,0.145846604696
0.321384064222,0.261227978354,0.16415151752,0.253236439903
0.0574564558859,0.00439936176669,0.350103129751,0.588041052596
0.0934493574996,0.568598743639,0.230674886843,0.107277012019
0.270288159846,0.239428859726,0.094375614392,0.395907366036
0.038903651631,0.313343034874,0.317199872121,0.330553441374
0.224776243675,0.219395963594,0.167567005485,0.388260787246
0.391905251291,0.112503385976,0.113903901272,0.381687461461
0.386733665039,0.142020504585,0.231669302662,0.239576527713
0.283691521334,0.293413463641,0.420463516418,0.00243149860694
0.245033496478,0.22967179369,0.275968557584,0.249326152248
0.371700587649,0.0403493610224,0.349394052966,0.238555998362
0.30574117999,0.280686575402,0.00537775362106,0.408194490987
0.276537942648,0.356174172925,0.359687589562,0.00760029486438
0.426629270051,0.244304866452,0.250662151925,0.0784037115722
0.428563483451,0.0320033367427,0.275839545972,0.263593633834
0.378230907633,0.0174140161908,0.384866620002,0.219488456174
0.130493604146,0.270695452393,0.572864749627,0.0259461938334
0.137114906519,0.0497824037671,0.577510202238,0.235592487476
0.357808884174,0.268375069431,0.369578849853,0.00423719654287
0.425693761284,0.022808445407,0.243858468058,0.307639325251
0.423565575371,0.0273446443503,0.302088723381,0.247001056898
0.130387205221,0.0558618580874,0.491529221333,0.322221715358
0.158158358314,0.174671395968,0.437536034542,0.229634211177
0.352305002769,0.349475828485,0.0164605785671,0.281758590179
0.261159848305,0.178671838603,0.407784690851,0.152383622241
0.211538854081,0.19075687477,0.218149804891,0.379554466258
0.0194371703991,0.125185448982,0.322797279556,0.532580101062
0.19470103159,0.237560797116,0.520455025513,0.047283145781
0.380907722199,0.142941295722,0.0701049712242,0.406046010855
0.123966509415,0.369656147618,0.169390696416,0.336986646551
0.156205738009,0.30863080591,0.0633101413548,0.471853314727
0.374706296592,0.260071466225,0.0178021003055,0.347420136878
0.223253698251,0.368045683973,0.276601342598,0.132099275178
0.198721690627,0.349466772061,0.289865457269,0.161946080043
0.0706933463449,0.216616401992,0.667055490086,0.0456347615772
0.0130633801943,0.514834975758,0.197346718575,0.274754925473
0.0918109318783,0.291044845846,0.192719349978,0.424424872298
0.565066134016,0.0744488631308,0.104368022972,0.256116979881
0.0412708070344,0.421841866674,0.0920271159483,0.444860210343
0.237507419548,0.165006862334,0.283883734039,0.31360198408
0.334972361055,0.106034772374,0.309290517199,0.249702349373
0.512486242711,0.316114898392,0.0230031591892,0.148395699707
0.269599586228,0.222636878022,0.250824033086,0.256939502664
0.306784833051,0.229646928908,0.340055075573,0.123513162468
0.0398720578098,0.481885562986,0.0657185425933,0.412523836611
0.228258366564,0.417043464887,0.344523048478,0.0101751200702
0.289753501969,0.301068855907,0.353421005966,0.0557566361586
0.123647036185,0.375535288986,0.281870095426,0.218947579403
0.187020639552,0.146729084266,0.26937861393,0.396871662252
0.305749757858,0.375336454494,0.0120853454611,0.306828442187
0.070158285896,0.212528870953,0.291766187063,0.425546656088
0.404079465206,0.0855536705855,0.0807728831625,0.429593981046
0.369808974601,0.146448314326,0.293289370938,0.190453340136
0.108766653048,0.35336301156,0.377671846532,0.16019848886
0.43819926277,0.263443638428,0.23326291581,0.0650941829918
0.150277022796,0.397779865405,0.344769260977,0.107173850822
0.227379179844,0.487408746707,0.041128427023,0.244083646425
0.359524788637,0.0201953778885,0.336819634667,0.283460198808
0.147920757165,0.450269973194,0.140716807249,0.261092462392
0.479877400312,0.0396170703501,0.445529335774,0.0349761935633
0.116116875589,0.399530509468,0.298642243081,0.185710371862
0.29692320577,0.245140299699,0.142581995341,0.31535449919
0.146672307913,0.284029676805,0.170267345399,0.399030669883
0.190420638478,0.297354525728,0.242332455198,0.269892380596
0.126720032411,0.311658670922,0.178818965528,0.382802331139
0.178176278411,0.325171796104,0.367107071193,0.129544854292
0.374439483617,0.10516259522,0.251002121886,0.269395799277
0.283715347885,0.260330242213,0.208359903939,0.247594505963
0.368706713008,0.279905407527,0.276006066607,0.0753818128575
0.319335011877,0.316054974286,0.313061808694,0.0515482051428
0.030234837355,0.317253226424,0.441906471432,0.210605464789
0.119070112177,0.482691394059,0.20730761652,0.190930877243
0.115494849565,0.28491781097,0.324198924869,0.275388414596
0.486541693903,0.0169841228527,0.36647053389,0.130003649354
0.218775309398,0.192682785978,0.284068470525,0.304473434099
0.167000344028,0.34144921245,0.306939920477,0.184610523045
0.118520773307,0.0918661902783,0.420494234423,0.369118801991
0.247207388991,0.27304273074,0.283795713995,0.195954166274
0.32304779184,0.0887260939127,0.507141314432,0.0810847998156
0.0757773732257,0.138329681947,0.530044941726,0.255848003102
0.129901114912,0.157992599605,0.458946215836,0.253160069646
0.677945579819,0.0832361888718,0.0545959232423,0.184222308067
0.359055458967,0.306598765312,0.233649888447,0.100695887274
0.296710217283,0.063082790328,0.353199782594,0.287007209796
0.0764135354857,0.526379401866,0.132605937417,0.264601125231
0.0797261531278,0.255956345415,0.188026316409,0.476291185049
0.088438159889,0.268971938342,0.314294901198,0.32829500057
0.344955836239,0.108644844229,0.366541355556,0.179857963976
0.25148238671,0.273229226953,0.341564585635,0.133723800701
0.115282014742,0.579543669182,0.0318607638887,0.273313552188
0.0386058894262,0.513717775961,0.0374182144272,0.410258120186
0.243758146011,0.541015707107,0.0805001193483,0.134726027534
0.138248514467,0.602346644987,0.102650921853,0.156753918693
0.0430631126376,0.48599816284,0.394759269599,0.076179454924
0.150945708462,0.599257191195,0.0847328987105,0.165064201632