0.0183011283074,0.27210354118,0.307146896274,0.402448434238
0.385159396041,0.330463439221,0.196139324302,0.0882378404361
0.231083126609,0.294150901515,0.160451077442,0.314314894434
0.0716124494192,0.631064030736,0.0822068439297,0.215116675915
0.136083487582,0.394822630305,0.355479916245,0.113613965868
0.0298305729877,0.445730247102,0.519280684009,0.00515849590139
0.277193933362,0.179090549258,0.19517907288,0.3485364445
0.30176412609,0.280879590114,0.316940290516,0.10041599328
0.10858377245,0.343360375142,0.407776104338,0.14027974807
0.329528487424,0.177509303117,0.168792496682,0.324169712777
0.0498731356243,0.234765619429,0.362532752029,0.352828492917
0.278504499931,0.315424552179,0.194933638005,0.211137309885
0.374061702072,0.231788788783,0.351047505814,0.0431020033309
0.217145733628,0.392507095664,0.0405637821831,0.349783388525
0.337122169916,0.0764955073072,0.461337897385,0.125044425392
0.345841686335,0.0722629899837,0.507434490948,0.0744608327333
0.173934112663,0.108645011396,0.323925712097,0.393495163844
0.411744961659,0.273552838706,0.22753711528,0.0871650843554
0.559229248659,0.062195750058,0.30802530611,0.070549695173
0.154509256276,0.446693727173,0.0755607386611,0.32323627789
0.307441989027,0.312561925806,0.367665840562,0.0123302446044
0.160962898087,0.0856478419435,0.441757952903,0.311631307067
0.152475537911,0.369091713624,0.198797031378,0.279635717087
0.256623176081,0.271848002716,0.360794303232,0.110734517971
0.35958756109,0.0933122176262,0.153456292083,0.393643929201
0.613720764734,0.0981164054689,0.143896484051,0.144266345745
0.2895843926,0.170918258361,0.316261446404,0.223235902636
0.344505933521,0.26227273943,0.327014649916,0.0662066771334
0.1208008565,0.289071165654,0.358308385376,0.231819592471
0.389550199781,0.187554652036,0.218374416239,0.204520731945
0.25373010484,0.131356047698,0.0242170398539,0.590696807609
0.0329742794746,0.37703275581,0.203824428707,0.386168536009
0.49203467143,0.13001703564,0.306267622575,0.071680670355
0.212919821906,0.225782377081,0.393047369666,0.168250431347
0.210181176593,0.206022264701,0.302712252392,0.281084306314
0.10379143801,0.350236113435,0.389308289493,0.156664159062
0.245638133014,0.18432029198,0.119784158481,0.450257416525
0.276860021993,0.0339379150914,0.281014035781,0.408188027135
0.242461525282,0.381992675612,0.367624911852,0.00792088725433
0.159787790816,0.344042387748,0.156277362807,0.339892458629
0.13218351333,0.175780423463,0.281244856075,0.410791207133
0.382647638056,0.158197231056,0.385593318495,0.0735618123934
0.311761141549,0.425808125885,0.104811476706,0.15761925586
0.115431638523,0.451906743773,0.123452338507,0.309209279196
0.4094117793,0.248614269521,0.170444799145,0.171529152034
0.199183969909,0.302916064198,0.239666391255,0.258233574638
0.171839795615,0.300363438096,0.264855290186,0.262941476103
0.370614973175,0.343747850806,0.0821330138909,0.203504162129
0.358250866045,0.396532119776,0.117488441938,0.12772857224
0.0493544054623,0.300640491215,0.376705737953,0.273299365369
0.149916695158,0.393618922316,0.153219601233,0.303244781293
0.30997166676,0.324699801596,0.293953944173,0.0713745874705
0.184573093907,0.0893677491214,0.66449732356,0.0615618334117
0.0504511449286,0.413232141819,0.440432910964,0.0958838022877
0.0752220549727,0.259674321897,0.31947271085,0.345630912281
0.216404425236,0.217930576543,0.2184070639,0.347257934321
0.101824045405,0.217503477879,0.214441573628,0.466230903087
0.200209014797,0.339015919746,0.0907414407956,0.370033624661
0.38468084363,0.0712951518828,0.29553198998,0.248492014507
0.427670544159,0.182660439558,0.144590664346,0.245078351937
0.237528607455,0.398673594235,0.108805812237,0.254991986072
0.4493905869,0.172567404975,0.0141270578359,0.363914950289
0.0858249717719,0.0300151006503,0.236453556994,0.647706370584
0.137207191791,0.381148147448,0.346314755471,0.135329905289
0.413671738964,0.271540935697,0.283647820025,0.0311395053133
0.396722336343,0.152745007587,0.388732047938,0.0618006081319
0.39883802227,0.221288568491,0.277548017883,0.102325391356
0.211608334965,0.468853924954,0.16723707578,0.152300664301
0.447947230077,0.0663639721881,0.240901989723,0.244786808011
0.0499454054416,0.0807395863123,0.351517913454,0.517797094792
0.145445182587,0.355384346309,0.26614971724,0.233020753864
0.0797092184399,0.388099793159,0.306966091291,0.22522489711
0.321637238917,0.131149376931,0.273971543052,0.2732418411
0.396993767265,0.119696108143,0.48079426364,0.00251586095184
0.277916394144,0.339040995253,0.381382568979,0.00166004162458
0.25653863354,0.323809250693,0.114929618778,0.30472249699
0.421622624887,0.103050312566,0.385974774653,0.0893522878945
0.263257120951,0.226971281352,0.277447563622,0.232324034074
0.0403700710205,0.270731035922,0.293192839672,0.395706053386
0.0374781070411,0.297870808183,0.304055476549,0.360595608227
0.220491219048,0.419971788695,0.262389372131,0.0971476201261
0.308140620028,0.125022978415,0.249508778048,0.317327623509
0.142693068537,0.204787709257,0.296907762901,0.355611459305
0.338882570497,0.300031636012,0.091032182129,0.270053611362
0.115728918696,0.0949284914741,0.441799673456,0.347542916374
0.236666734536,0.34318581185,0.0909206326804,0.329226820933
0.505978923425,0.389695710536,0.0905868520816,0.0137385139568
0.317215217668,0.196949927971,0.173315959254,0.312518895106
0.446226173478,0.189984986903,0.175617217168,0.18817162245
0.159334070867,0.259561225969,0.235705168455,0.345399534709
0.0806310792608,0.421989206441,0.104699089926,0.392680624372
0.154926593943,0.343110609962,0.376806120408,0.125156675688
0.525429322376,0.085281887213,0.125397808774,0.263890981637
0.404563010422,0.0987985484963,0.46407249914,0.0325659419418
0.414441170674,0.103842276478,0.264674164741,0.217042388107
0.0537200521664,0.325859006129,0.462431414186,0.157989527519
0.12488431142,0.379597416646,0.0676045867738,0.427913685161
0.314056855006,0.195105536898,0.177351050219,0.313486557876
0.020550431438,0.275734223687,0.241335211886,0.46238013299
0.236518874673,0.357368727713,0.398976203607,0.00713619400784
0.100399119869,0.404165353427,0.297537037427,0.197898489276
0.241632799263,0.37158193321,0.333846998624,0.0529382689029
0.000133790021372,0.575900612324,0.000284480180428,0.423681117474
0.399976648227,0.0382019553746,0.180958413385,0.380862983014
0.197503974282,0.228802368684,0.293896044657,0.279797612377
0.349644733076,0.249894975415,0.0552712044303,0.345189087079
0.3788294497,0.0817120934595,0.151752929313,0.387705527527
0.299108212808,0.499395089141,0.0582229004225,0.143273797629
0.196992506434,0.123569460628,0.38754945475,0.291888578188
0.214188456308,0.23054053996,0.324950133731,0.230320870001
0.522019837293,0.130189508078,0.261054560526,0.0867360941032
0.306531176191,0.0523557470041,0.216086260646,0.425026816159
0.33558609281,0.00876818853319,0.411184234211,0.244461484446
0.182218204663,0.334240059868,0.343181290147,0.140360445322
0.100023713661,0.516911994039,0.29970484445,0.0833594478502
0.235972440336,0.0808664872544,0.312011424423,0.371149647987
0.168817066544,0.305064763457,0.314144154233,0.211974015766
0.336688581566,0.269387297537,0.266425457672,0.127498663226
0.0904826234636,0.4501701354,0.393123339994,0.0662239011428
0.0482433585285,0.410559763121,0.47253458808,0.0686622902698
0.222904863485,0.0758098818573,0.55281849044,0.148466764218
0.0665099407666,0.230353608949,0.449349639932,0.253786810352
0.161407701465,0.526883926391,0.126232265624,0.185476106519
0.0542586861381,0.566748753169,0.140011763388,0.238980797305
0.0198077040323,0.199093249868,0.526110307451,0.254988738649
0.198204566395,0.50698070774,0.0698594757698,0.224955250096
0.0069966998602,0.447204161455,0.0377707602098,0.508028378475
0.494114844299,0.336981461568,0.135405204078,0.0334984900537
0.384531462358,0.139917209198,0.231241963871,0.244309364573
0.343256953292,0.186839205178,0.469832237048,7.16044827389e-05
0.32958204799,0.223837624988,0.0733022598093,0.373278067212
0.159645604071,0.133372824273,0.386697216977,0.320284354679
0.309577862842,0.160638840144,0.359537766781,0.170245530233
0.201195753502,0.592572208969,0.139975321294,0.0662567162343
0.272826825129,0.203792173718,0.204221385396,0.319159615756
0.00539539887303,0.5726985619,0.210718789844,0.211187249383
0.101372593675,0.277954299832,0.342891821884,0.277781284609
0.188074191762,0.348175209352,0.172217580277,0.291533018609
0.249784817199,0.305846166225,0.273469827481,0.170899189096
0.430496774406,0.245537656856,0.287465679912,0.0364998888262
0.217622739478,0.288197977373,0.269340421409,0.224838861741
0.282528410112,0.277095079478,0.0193413568057,0.421035153605
0.482700687395,0.417775469214,0.00464642075387,0.0948774226374
0.240813586387,0.202019906784,0.307187372945,0.249979133883
0.177313302875,0.283405662749,0.245066136504,0.294214897872
0.472405191454,0.270417263941,0.0220526687443,0.235124875861
0.232773542163,0.104850806272,0.438858892649,0.223516758915
0.407925132711,0.0564730423897,0.533322230922,0.00227959397769
0.423153812298,0.0989618218314,0.38237922238,0.0955051434898
0.332316465575,0.258791587659,0.135976700095,0.272915246671
0.341402849833,0.321502687501,0.181548204131,0.155546258535
0.269637167185,0.151902850727,0.439059699426,0.139400282662
0.227798352888,0.0906318519478,0.339642869272,0.341926925892
0.280336937648,0.0204365598683,0.176457280532,0.522769221952
0.287348417979,0.0534467733014,0.325311252364,0.333893556356
0.164532836651,0.564244853755,0.0303094294135,0.240912880181
0.213951162895,0.261924143947,0.342000583593,0.182124109565
0.24662066898,0.159325542727,0.198245282885,0.395808505407
0.211323491045,0.264198549861,0.120049847962,0.404428111132
0.278597104932,0.660405267615,0.056031232073,0.00496639537962
0.138867995755,0.35077134378,0.217182116302,0.293178544164
0.255841473751,0.475892332792,0.112531068287,0.15573512517
0.150582488205,0.141177724138,0.231772174482,0.476467613176
0.309236426912,0.293148513719,0.177940594369,0.219674465
0.0605361007934,0.23014779571,0.374774548334,0.334541555163
0.328470645944,0.0916679934923,0.452832755797,0.127028604767
0.229797177125,0.0821816898122,0.242010252093,0.44601088097
0.221685451949,0.318394183063,0.273852013294,0.186068351693
0.140018078194,0.447495533976,0.0408782444035,0.371608143427
0.30908513709,0.0033615313494,0.329893896007,0.357659435554
0.011907657962,0.559073411548,0.0728419676134,0.356176962877
0.22079702795,0.373097603406,0.389356268802,0.0167490998422
0.357419487901,0.327853063605,0.0839824203337,0.23074502816
0.389617805926,0.120852452225,0.431725705809,0.0578040360399
0.369583513691,0.26668541631,0.302425000831,0.0613060691683
0.010465745926,0.379316169573,0.00301589389761,0.607202190604
0.0264594388977,0.158275209467,0.273987372664,0.541277978971
0.402836461265,0.368798019016,0.0207611214565,0.207604398263
0.186504586824,0.0922609589713,0.45063437484,0.270600079364
0.273482617686,0.244093451193,0.229450707068,0.252973224054
0.197106748964,0.215837550031,0.333848463598,0.253207237407
0.236757768314,0.377374864982,0.0107638735358,0.375103493168
0.0616317862904,0.433112775406,0.0907383766823,0.414517061621
0.231358376156,0.408798276749,0.084594960426,0.275248386669
0.457210953266,0.459102411989,0.0394138535255,0.0442727812196
0.380976107051,0.31489385779,0.105107888283,0.199022146877
0.24196237359,0.0646439000905,0.666888683081,0.0265050432391
0.106052988199,0.431303392926,0.130359683219,0.332283935655
0.363680911551,0.148153611666,0.476781507318,0.0113839694651
0.497655591524,0.222953528187,0.275865485386,0.00352539490241
0.467531655954,0.287762760416,0.0473682434481,0.197337340182
0.0832761158295,0.438647753921,0.222945516593,0.255130613657
0.408365600051,0.273907242769,0.258102459894,0.0596246972865
0.266058044347,0.382032670495,0.334779507992,0.0171297771659
0.529875550738,0.0467026498714,0.159233908028,0.264187891363
0.250982773102,0.171588879516,0.441089810771,0.136338536611
0.241110851448,0.229072457544,0.250385360118,0.27943133089
0.223532909574,0.224546094309,0.395216575117,0.156704420999
0.272149955562,0.241001945942,0.292589785907,0.194258312589
0.252617390685,0.292518855822,0.0849196270238,0.36994412647