0.426903665162,0.354726912624,0.191105200116,0.027264222098
0.31929587441,0.249647942544,0.114966553088,0.316089629959
0.186694265516,0.36776559712,0.0524583847476,0.393081752617
0.0966301529906,0.245299192876,0.590459560196,0.0676110939375
0.00569977599883,0.26466218981,0.396263569857,0.333374464335
0.389817894078,0.0147767032452,0.240442137789,0.354963264888
0.0925654155355,0.245279733811,0.392422808104,0.269732042549
0.395050346592,0.122713542215,0.137912347801,0.344323763391
0.359602055698,0.0326676407324,0.184087336718,0.423642966852
0.593093327815,0.270677553631,0.0596932408074,0.0765358777468
0.0508944049394,0.4590808795,0.472491150303,0.0175335652567
0.0887554650236,0.297096103418,0.396464797761,0.217683633797
0.27867394486,0.197947621039,0.177587431747,0.345791002354
0.416934849166,0.174587882934,0.374219050459,0.0342582174409
0.432115227342,0.193124190455,0.32977136366,0.0449892185427
0.282908462363,0.355065930669,0.302843486795,0.0591821201742
0.310556826172,0.284343231481,0.299337446689,0.105762495658
0.408383679653,0.330143744131,0.00486597805345,0.256606598163
0.418555704266,0.049999881099,0.434441705777,0.097002708858
0.376746098012,0.00491160725758,0.343806479754,0.274535814977
0.282294902273,0.0375244283165,0.465773555577,0.214407113833
0.330985472064,0.457966565226,0.0373785951921,0.173669367518
0.441984444832,0.259200156503,0.187123188314,0.111692210351
0.234072773345,0.28255171007,0.207346898931,0.276028617653
0.233639232305,0.420663075104,0.260211271508,0.0854864210832
0.267258255276,0.125861890512,0.249453016811,0.357426837401
0.327630953653,0.330422876479,0.283431187026,0.0585149828418
0.0483306118492,0.328251386272,0.195159749008,0.428258252871
0.384902938263,0.111754768629,0.18099602442,0.322346268688
0.293635407495,0.285652802645,0.173909355035,0.246802434824
0.0482412124333,0.212178091204,0.294397587624,0.445183108738
0.231942136089,0.230515569686,0.382248995805,0.155293298421
0.182924439753,0.189784467003,0.292617372302,0.334673720942
0.0671638230705,0.41761612066,0.0798143003354,0.435405755934
0.0714574340918,0.416498590907,0.235958597237,0.276085377764
0.236535511103,0.227035379487,0.136344608111,0.400084501299
0.353520216835,0.101516456936,0.184736194079,0.36022713215
0.188002188145,0.290188790691,0.262854652609,0.258954368556
0.452074695911,0.320872010137,0.209745377022,0.0173079169306
0.335003722726,0.16546690061,0.384351012935,0.115178363729
0.118879694952,0.289862992964,0.419882802872,0.171374509213
0.222636695494,0.427576693488,0.316034935299,0.0337516757195
0.42547327803,0.156560891034,0.061944803025,0.356021027911
0.267689429099,0.139339448359,0.105778383368,0.487192739174
0.199744587897,0.302586132539,0.352815666346,0.144853613218
0.38938118582,0.138810349813,0.397781096819,0.0740273675483
0.189387303001,0.0766333236785,0.155051016545,0.578928356776
0.340188008019,0.216000827885,0.190825132199,0.252986031896
0.237312651906,0.2412517438,0.215975355542,0.305460248752
0.00265048894032,0.355445905419,0.279764779084,0.362138826556
0.0317333890335,0.0841509877941,0.363283601321,0.520832021851
0.274573915572,0.0654941898595,0.395788158338,0.264143736231
0.364979332014,0.353024827175,0.0328230476168,0.249172793195
0.275447673536,0.269567869999,0.263722385508,0.191262070957
0.174003012913,0.3234731907,0.0689955569103,0.433528239477
0.251418773288,0.16700069723,0.353225173076,0.228355356405
0.272461311934,0.0964469826893,0.357108571141,0.273983134235
0.0521228995474,0.340542659677,0.135776938883,0.471557501893
0.322784801371,0.122998755376,0.0796290539496,0.474587389304
0.359058252954,0.269541985063,0.302772332108,0.0686274298763
0.186423625031,0.355296663497,0.433276915169,0.0250027963028
0.217669536432,0.24942926661,0.180296535502,0.352604661455
0.348328492096,0.0632521929235,0.296896604841,0.291522710139
0.0875194228573,0.0942770348483,0.149561335913,0.668642206382
0.207730115669,0.282026621379,0.139822824481,0.370420438471
0.245395648359,0.331537612737,0.217607144928,0.205459593976
0.407242813137,0.234347401163,0.0536545647484,0.304755220952
0.201434271412,0.0975787336267,0.426630729685,0.274356265277
0.408814409888,0.104290249673,0.370749747855,0.116145592584
0.402742842236,0.297029301053,0.0845473520063,0.215680504705
0.221890681827,0.204572973503,0.0971917175113,0.476344627159
0.415245736364,0.0161142247466,0.415689900913,0.152950137977
0.323772424303,0.420133323468,0.219677468566,0.0364167836627
0.177705957806,0.0730117082891,0.219220635786,0.53006169812
0.335587499962,0.0120478169561,0.440887158881,0.211477524201
0.0974278830384,0.00244687486789,0.574827793183,0.325297448911
0.328061374326,0.3574879217,0.237585427473,0.0768652765013
0.319281551135,0.290806039677,0.174195739281,0.215716669907
0.0908983578236,0.389032496339,0.51383049397,0.00623865186775
0.371541427121,0.161676923634,0.293610065868,0.173171583378
0.525192894909,0.18209062523,0.126091806666,0.166624673196
0.458031338704,0.292553725283,0.050022141599,0.199392794413
0.0219547752219,0.461799511181,0.129865901972,0.386379811625
0.221509869253,0.327211344752,0.348793218304,0.102485567691
0.0117514392849,0.478246555377,0.417088905061,0.092913100277
0.17128717769,0.174724846985,0.244743004627,0.409244970698
0.167950601912,0.274981163387,0.381007583533,0.176060651169
0.268524422884,0.262801215369,0.223858687367,0.24481567438
0.0523497736257,0.263090883718,0.58317719228,0.101382150376
0.246476036911,0.3246242018,0.375389774183,0.0535099871068
0.185458251819,0.32714245185,0.36658850759,0.120810788741
0.345557922226,0.270852470285,0.0987073130183,0.284882294471
0.184150855981,0.172649518732,0.0631798939159,0.58001973137
0.373689892968,0.251506630242,0.370941188712,0.0038622880782
0.453637838371,0.0945924308392,0.0112458305088,0.440523900281
0.0721249303535,0.308170775508,0.362641274776,0.257063019362
0.428035045845,0.17259077036,0.072389774827,0.326984408968
0.603103895025,0.0420198914399,0.295837353406,0.059038860129
0.429180488368,0.299762572157,0.0619756571567,0.209081282318
0.527398962707,0.0656521514558,0.0590366607185,0.347912225119
0.181998866784,0.136777957012,0.29582215861,0.385401017593
0.197234195402,0.255836268622,0.0309373389281,0.515992197049
0.217162164714,0.228091797597,0.00724689694732,0.547499140741
0.305771981997,0.0115831558644,0.335874312751,0.346770549387
0.0140389389361,0.348492166172,0.304965743794,0.332503151098
0.264256479435,0.136394422573,0.30192886116,0.297420236832
0.23548998013,0.0540983073544,0.304008609431,0.406403103085
0.339142416261,0.165972440561,0.403884581259,0.0910005619197
0.0464911141578,0.198273127195,0.662733866758,0.092501891889
0.431225218117,0.343181703967,0.0383645267872,0.187228551129
0.22552522649,0.143324073028,0.30365137838,0.327499322102
0.270564720907,0.114731884667,0.267211611079,0.347491783347
0.173491446471,0.397252386934,0.095710016559,0.333546150036
0.0561836184652,0.0695249478899,0.371259732061,0.503031701584
0.199721267899,0.258920281333,0.103301402814,0.438057047954
0.397946675123,0.395815275095,0.0946434303533,0.111594619429
0.286059330986,0.457193896586,0.194032917544,0.0627138548835
0.21916994671,0.251500334775,0.256452227793,0.272877490723
0.0446107147182,0.419190479272,0.191150096831,0.345048709179
0.114940401369,0.192174917209,0.287378533153,0.405506148269
0.0982535420414,0.483174306074,0.341258673585,0.0773134782994
0.329010728748,0.179090712048,0.292059577856,0.199838981348
0.259167149795,0.161762292268,0.431314672253,0.147755885684
0.763601652229,0.0388436384679,0.161489417788,0.0360652915145
0.129850590723,0.387017033579,0.0721130191869,0.411019356511
0.305020351332,0.167943443418,0.280025459227,0.247010746024
0.309887382692,0.0528065190593,0.32957977802,0.307726320228
0.343262592142,0.332101926463,0.0614923876972,0.263143093698
0.355183563309,0.295282417761,0.30971779447,0.0398162244599
0.0284406016327,0.287756078846,0.39932482579,0.284478493731
0.345363552229,0.00992478219705,0.569427408036,0.0752842575373
0.0143491208574,0.234556258617,0.374126348434,0.376968272092
0.276065254885,0.258415239303,0.164809641088,0.300709864724
0.43528012419,0.062320911337,0.177538464015,0.324860500458
0.0520898737645,0.342042961027,0.244103041351,0.361764123858
0.511141756232,0.0425973044562,0.0179245502104,0.428336389102
0.393266476947,0.143834888797,0.325206580267,0.137692053988
0.120103336184,0.460179252436,0.0992401573228,0.320477254057
0.313799168908,0.445014261514,0.116909316579,0.124277252999
0.0718235203853,0.462253167127,0.274373374101,0.191549938387
0.275702098916,0.505823607313,0.0704982824579,0.147976011313
0.177511246483,0.183023087731,0.286132977182,0.353332688604
0.298215296265,0.253681422591,0.1812580523,0.266845228843
0.27918324592,0.0274886765858,0.529355002839,0.163973074655
0.0638978534403,0.0800133485968,0.463586197448,0.392502600515
0.283614914166,0.3466352355,0.139108179496,0.230641670838
0.000771970617981,0.18574354427,0.461965187487,0.351519297626
0.0817378257195,0.213150729352,0.163904848969,0.541206595959
0.473076538004,0.175512809906,0.0941582393572,0.257252412733
0.243234274263,0.0695407658621,0.368917346612,0.318307613263
0.156271560439,0.378524525947,0.387882601447,0.0773213121676
0.173678033947,0.168056249987,0.488697415876,0.16956830019
0.0607931273035,0.108132862474,0.315052642029,0.516021368193
0.389499380241,0.0237520000604,0.432996030863,0.153752588836
0.71094981939,0.202990656096,0.0140454643638,0.0720140601506
0.270565710281,0.0873355831309,0.297485162319,0.344613544269
0.317701112955,0.170164617473,0.191617451827,0.320516817745
0.197195158755,0.190360420431,0.40523882621,0.207205594603
0.290674463163,0.304654223656,0.137054026687,0.267617286494
0.431154905395,0.235642126381,0.23145969449,0.101743273735
0.292694319821,0.266593644578,0.257563644444,0.183148391157
0.0938282575951,0.489230506873,0.0638268956431,0.353114339888
0.313375451001,0.253527934206,0.427695944273,0.0054006705207
0.230784176059,0.172226555449,0.271688670293,0.3253005982
0.21131687613,0.0492867339016,0.469149957857,0.270246432112
0.0421573593775,0.283685641133,0.396906841506,0.277250157984
0.197062632366,0.422631515938,0.0565206716874,0.323785180008
0.19347220551,0.628641255243,0.00153391941843,0.176352619828
0.0986540869756,0.42986567219,0.148206169769,0.323274071066
0.111284262773,0.335967024884,0.208037549936,0.344711162407
0.447050496963,0.464292632624,0.0542927720774,0.0343640983357
0.401877708463,0.353690538985,0.100103936431,0.144327816121
0.21970752295,0.318673276749,0.214891369351,0.24672783095
0.302221787616,0.184232100485,0.368892036567,0.144654075331
0.183515281132,0.260094704582,0.0344661886833,0.521923825603
0.114578091812,0.216976294032,0.404932451676,0.26351316248
0.485446945016,0.0520485447065,0.254747041881,0.207757468397
0.135509602139,0.435663599908,0.292241336321,0.136585461633
0.112091635224,0.333492508889,0.379552866381,0.174862989506
0.358166449519,0.265454014115,0.201316803242,0.175062733124
0.234759645418,0.33742735977,0.171493713433,0.25631928138
0.262195964947,0.356567627455,0.327285501589,0.0539509060096
0.0541739670013,0.396469608473,0.156150847783,0.393205576743
0.0806554807414,0.226544217648,0.374181778151,0.31861852346
0.183833526659,0.183537589747,0.169393026681,0.463235856913
0.0967918790791,0.495341187842,0.057779276311,0.350087656768
0.310576956043,0.349871754646,0.153543040873,0.186008248438
0.0895088790411,0.334951699491,0.248447204763,0.327092216704
0.175480466911,0.383509344481,0.0724284740682,0.36858171454
0.188556256032,0.16331366693,0.395161487628,0.25296858941
0.0536670330286,0.131649765499,0.459412275545,0.355270925928
0.192220854454,0.189130018968,0.283330596381,0.335318530197
0.346451807775,0.264942833971,0.364477989042,0.024127369212
0.116277905232,0.28494801159,0.362265156835,0.236508926344
0.0355377023416,0.157026909914,0.543022409561,0.264412978183
0.533640100273,0.31491392596,0.0331259856917,0.118319988075
0.224693138593,0.267636499091,0.288994360747,0.218676001568
0.0208825018659,0.256125488365,0.355368841163,0.367623168607
0.146507146812,0.142349730941,0.690625912537,0.0205172097102
0.395811213267,0.357521631422,0.1811704738,0.0654966815099