0.367412899072,0.113712455626,0.207387038491,0.31148760681
0.218335297725,0.0838120199818,0.356190183754,0.341662498539
0.351296546389,0.416879450607,0.0413593184035,0.190464684601
0.389347291262,0.0876791479629,0.233012345274,0.289961215501
0.384733161923,0.113488812261,0.245878242712,0.255899783104
0.260980839979,0.278274333629,0.337883811657,0.122861014735
0.127796580199,0.338984848258,0.151634716086,0.381583855457
0.27256978741,0.256665359866,0.378538645245,0.0922262074794
0.0495943417802,0.567439576874,0.284192520551,0.0987735607944
0.31546572573,0.146184440946,0.453642321143,0.0847075121807
0.235998345736,0.0949014852447,0.184179187096,0.484920981923
0.369197960828,0.111731731701,0.163762443555,0.355307863915
0.3546882268,0.0239804885079,0.508389884957,0.112941399735
0.569340313946,0.063314091194,0.198545195546,0.168800399313
0.348602961373,0.277468142214,0.0563233874499,0.317605508963
0.225303180033,0.373505685205,0.314958606462,0.0862325282996
0.0760105354893,0.0756694241902,0.64101350321,0.207306537111
0.535942367196,0.0847814613504,0.335080809141,0.0441953623121
0.0851736293003,0.309110187314,0.41572365555,0.189992527836
0.326734647466,0.291559491618,0.156796813155,0.22490904776
0.0146326950454,0.00359081112126,0.846858340271,0.134918153562
0.262543410642,0.346343536827,0.210123402287,0.180989650243
0.131275260188,0.072564879326,0.454796067473,0.341363793013
0.111696866312,0.339360616737,0.362533615714,0.186408901237
0.252642643743,0.303873334911,0.224069564944,0.219414456402
0.213914018515,0.29418696837,0.300486420606,0.191412592509
0.140091011287,0.375034955373,0.131569519762,0.353304513578
0.448650638978,0.113942099148,0.225805750767,0.211601511107
0.391226631492,0.255777599054,0.285628531704,0.0673672377496
0.122905776989,0.471130087106,0.297189696541,0.108774439364
0.23097589957,0.299459813957,0.0882432122583,0.381321074214
0.25640929052,0.124930493468,0.321796030089,0.296864185924
0.0284762847132,0.385546190786,0.195095711569,0.390881812932
0.117548359047,0.348087836419,0.168692490197,0.365671314337
0.209136323451,0.330394099446,0.374205986564,0.0862635905386
0.0533543487629,0.194082733352,0.220817272013,0.531745645872
0.0394016263074,0.0976644067223,0.309272538306,0.553661428665
0.159438717767,0.320316305951,0.398348869871,0.12189610641
0.357137596949,0.362267256312,0.226291273012,0.0543038737268
0.142982371417,0.244571858347,0.26875267183,0.343693098406
0.0668727126126,0.354266775471,0.483434535863,0.0954259760534
0.277109828061,0.0541831359963,0.348554976345,0.320152059598
0.0817375740962,0.30066344059,0.252800708504,0.36479827681
0.264423440327,0.275889643088,0.158644771443,0.301042145142
0.303166489753,0.401689927939,0.0275197255154,0.267623856793
0.0734887765878,0.369909863778,0.0744115927503,0.482189766884
0.444542647138,0.0165106230133,0.351835708409,0.18711102144
0.189993732936,0.251508323458,0.439009214581,0.119488729025
0.283392918657,0.394097729092,0.0713361589393,0.251173193312
0.169550123758,0.235335018152,0.209277539737,0.385837318352
0.0639845983406,0.148428303881,0.708119665705,0.0794674320733
0.188851600759,0.347553487136,0.0604588946327,0.403136017473
0.344724670067,0.370621119099,0.0592242234428,0.225429987391
0.00763838259398,0.587121346537,0.20194110982,0.203299161049
0.506209698458,0.200189233635,0.276545789143,0.0170552787637
0.183055959161,0.262503506728,0.285647144331,0.268793389779
0.27157103913,0.301682033266,0.129569940811,0.297176986793
0.177226389678,0.0886806536179,0.404562929971,0.329530026733
0.46519248186,0.197703151427,0.316572537684,0.0205318290288
0.40404816402,0.0331243103739,0.42256764949,0.140259876116
0.195970161001,0.254518173464,0.316974024343,0.232537641192
0.197811743828,0.340965407421,0.248055057608,0.213167791143
0.146529234046,0.356913371357,0.340631381111,0.155926013486
0.215610530783,0.222793810428,0.295785260739,0.265810398049
0.174759793355,0.0642679906493,0.400655651491,0.360316564505
0.107148324082,0.310851916854,0.327816188702,0.254183570363
0.0935357007053,0.305977475205,0.301833204704,0.298653619385
0.398430721235,0.192362371464,0.335333588096,0.0738733192055
0.25631145216,0.146954821646,0.293160598555,0.303573127639
0.15788764745,0.186242233605,0.288946437562,0.366923681383
0.0856258318992,0.467882788334,0.220380585841,0.226110793926
0.339377888321,0.268628769622,0.309585209303,0.0824081327545
0.303805806987,0.053782487114,0.390944959634,0.251466746264
0.311912823634,0.366276301221,0.223603184277,0.0982076908679
0.0387979285668,0.0884303047263,0.482646605757,0.39012516095
0.299118367495,0.213100424424,0.154209073386,0.333572134695
0.265452341295,0.0817260239532,0.285120551665,0.367701083087
0.179882365477,0.0578452942315,0.444145363082,0.31812697721
0.0220716511846,0.401577097605,0.280229663962,0.296121587249
0.137482625863,0.353650374755,0.294662235208,0.214204764174
0.323237482932,0.36764460482,0.125800724578,0.183317187669
0.381280542901,0.203003867439,0.280385185028,0.135330404632
0.196575695503,0.493634081395,0.140784044288,0.169006178815
0.298834417336,0.376286427038,0.0377382816559,0.28714087397
0.330693303723,0.343357577463,0.155046420002,0.170902698812
0.373457309792,0.252378552033,0.143986579784,0.230177558391
0.623215255512,0.20842873704,0.11333257875,0.0550234286979
0.138589548093,0.539130774761,0.0932058385528,0.229073838594
0.119069390044,0.0995612647837,0.27481202996,0.506557315213
0.32152488769,0.100278065314,0.353429997792,0.224767049205
0.119708864648,0.136642728587,0.319139280492,0.424509126273
0.0436416258323,0.455998299573,0.293719284777,0.206640789818
0.35922713839,0.258827632331,0.253185951676,0.128759277603
0.333780957779,0.422926700984,0.182054580361,0.0612377608756
0.432382592635,0.289393575084,0.0596011849051,0.218622647375
0.309195088608,0.248549448449,0.136761749411,0.305493713532
0.0907627004594,0.419413282237,0.208221299214,0.28160271809
0.317517167852,0.0810405960968,0.219547410291,0.38189482576
0.0979952788925,0.336382912,0.393699197247,0.17192261186
0.247613520514,0.23550601847,0.443601767875,0.0732786931409
0.0330695035538,0.186999143414,0.22962781818,0.550303534851
0.0771017844546,0.120326006773,0.203026681853,0.59954552692
0.414659777172,0.328790576633,0.003884439923,0.252665206273
0.191367296634,0.195844669032,0.26060197582,0.352186058514
0.195849888675,0.0726214017672,0.412934140581,0.318594568977
0.464793267116,0.240137218471,0.116581018787,0.178488495626
0.240085043185,0.305475493331,0.321349059806,0.133090403678
0.225877104079,0.554926021962,0.0317304045186,0.18746646944
0.372537656506,0.235394778518,0.244997114154,0.147070450822
0.505203600328,0.271557443348,0.162716163951,0.0605227923726
0.363376394967,0.180054851141,0.349505463668,0.107063290223
0.324966204428,0.160070713338,0.327208010338,0.187755071896
0.266505182661,0.547407932428,0.150576357331,0.0355105275797
0.2793382338,0.128426082982,0.134983316888,0.45725236633
0.0779133534253,0.498166057474,0.415685972064,0.00823461703683
0.20031927541,0.310937859064,0.332476255651,0.156266609875
0.410961995119,0.21639061563,0.0871675111968,0.285479878054
0.43115882761,0.104221661189,0.338963851329,0.125655659872
0.701939353058,0.00597935263902,0.0145130858329,0.27756820847
0.265809071418,0.296179102844,0.185448244295,0.252563581443
0.477876330569,0.238157461136,0.123998414366,0.15996779393
0.0853295671915,0.392206444643,0.477764798911,0.0446991892545
0.0649446916304,0.267086991417,0.386162475778,0.281805841174
0.150131561946,0.376945726768,0.0186600633545,0.454262647931
0.306747241742,0.274149141164,0.160615181847,0.258488435247
0.328842611575,0.291952048508,0.0965294735155,0.282675866402
0.217766810227,0.14265580648,0.346181983557,0.293395399737
0.223403089629,0.197953563711,0.308985426858,0.269657919802
0.162692151443,0.23493461875,0.32178417863,0.280589051177
0.0554078805354,0.343294528832,0.0538679190823,0.547429671551
0.199932668414,0.377906808107,0.0958057902765,0.326354733203
0.092153256347,0.36587009623,0.475735594168,0.0662410532556
0.276337740184,0.28462317253,0.296736106131,0.142302981155
0.324093662998,0.381757854458,0.210231851491,0.0839166310527
0.150930039155,0.503727804544,0.119350893043,0.225991263257
0.227978402624,0.274326393884,0.226256142761,0.271439060731
0.406642232924,0.356764479137,0.0537017469984,0.182891540941
0.176830406851,0.0467853792112,0.419127067102,0.357257146836
0.307209653261,0.232000864395,0.18738407413,0.273405408213
0.356707403949,0.174009536773,0.294921298439,0.174361760839
0.458476693922,0.0959462812591,0.123899625701,0.321677399117
0.315442219256,0.187370293137,0.337831168992,0.159356318614
0.32981381316,0.406108194401,0.206174564885,0.0579034275535
0.03939899754,0.209573722066,0.405295746716,0.345731533679
0.0912720456586,0.296956320161,0.106841346524,0.504930287657
0.317930740215,0.30514223928,0.0705164763739,0.30641054413
0.0972515458288,0.433223218113,0.446831063021,0.0226941730376
0.395811910153,0.204447963909,0.375916466096,0.0238236598429
0.0346610279514,0.375128938725,0.286707455291,0.303502578032
0.304380875435,0.249354734342,0.226346417385,0.219917972838
0.28988971766,0.0140535944692,0.0147151867865,0.681341501084
0.182376391626,0.139546077043,0.188021397061,0.49005613427
0.189668654084,0.145205225012,0.325217545835,0.339908575069
0.375243651139,0.252118771115,0.341127637813,0.0315099399326
0.0211080508947,0.0168410698608,0.510355127062,0.451695752182
0.18990548485,0.303870346601,0.344041365476,0.162182803073
0.313985475384,0.229503144233,0.302628813871,0.153882566511
0.560154616243,0.271252227679,0.025502458642,0.143090697437
0.253259132163,0.201875450057,0.450843806417,0.094021611363
0.337007808549,0.350805191389,0.0733999515462,0.238787048516
0.521710098914,0.406466606953,0.00799122727096,0.0638320668617
0.362679584002,0.117803611552,0.198713961241,0.320802843206
0.258180713981,0.0368319990314,0.284887379948,0.42009990704
0.295122170151,0.2170571785,0.216911613208,0.270909038141
0.128955525331,0.440398746909,0.0678605069413,0.362785220818
0.0656378197059,0.261245466987,0.288347060776,0.384769652531
0.26823294986,0.108763607626,0.439395456682,0.183607985833
0.16459423738,0.245342759994,0.260679868997,0.329383133629
0.096946781724,0.0801537837778,0.462780765815,0.360118668683
0.42208532434,0.177649250168,0.0207685362428,0.379496889249
0.400124303003,0.136916446617,0.338896432085,0.124062818295
0.342880968173,0.141438555995,0.00109911088803,0.514581364944
0.423284505726,0.00615029257463,0.0724668162617,0.498098385438
0.1869007408,0.125097397481,0.370227110057,0.317774751662
0.307486789913,0.10700779631,0.30692068934,0.278584724437
0.675933205784,0.108497781429,0.162969877808,0.0525991349791
0.236414536432,0.19876205241,0.270662079316,0.294161331841
0.36414137163,0.412918931432,0.0947201434835,0.128219553454
0.304318566647,0.203501628483,0.176038007928,0.316141796941
0.177589390363,0.195879372021,0.430603518204,0.195927719412
0.150751960551,0.177864218496,0.224131263382,0.447252557571
0.289004104009,0.469095549634,0.0418144021262,0.20008594423
0.172717194148,0.308952039371,0.290960646745,0.227370119736
0.334892067052,0.0806924064776,0.343896801749,0.240518724721
0.129789779399,0.174566291347,0.467531847247,0.228112082007
0.3227634659,0.282058519537,0.0997945085548,0.295383506008
0.160553028561,0.0977568578784,0.404333420042,0.337356693519
0.0862312952929,0.0567185048728,0.333887221149,0.523162978685
0.160389116874,0.124923369118,0.342497351565,0.372190162444
0.0392625341855,0.304405617786,0.321364472261,0.334967375767
0.118719900374,0.276847239449,0.324495159873,0.279937700304
0.0315659588872,0.366529233683,0.318828160829,0.2830766466
0.125386448936,0.530584309571,0.0447340317968,0.299295209697
0.285159501309,0.338105849281,0.111455360867,0.265279288543
0.428693382852,0.0818368676352,0.138374334452,0.351095415062
0.333269564962,0.416361374393,0.112894721293,0.137474339353
0.284696231323,0.293736117493,0.24278489322,0.178782757964
0.160834529351,0.284509308754,0.38519508432,0.169461077574
0.28513510374,0.247575093508,0.165804416151,0.301485386601
0.0506744789553,0.358926551405,0.327369924544,0.263029045095