0.0566508108293,0.3848090915,0.396037626494,0.162502471176
0.213101521726,0.356857892997,0.404286195998,0.0257543892799
0.390734343531,0.11104173886,0.348550426808,0.149673490801
0.386736113176,0.243129696299,0.120366642912,0.249767547613
0.229479420144,0.217673247021,0.279414561559,0.273432771277
0.250638010351,0.639310984742,0.00173415332368,0.108316851583
0.296524113404,0.370763353872,0.257813921685,0.0748986110391
0.269729032038,0.332015330708,0.274050653818,0.124204983436
0.314441561615,0.232753323176,0.333523980961,0.119281134249
0.106924203354,0.298850148347,0.325266505687,0.268959142612
0.109832545457,0.328780480042,0.370766454135,0.190620520366
0.283013509364,0.274615204431,0.331500658696,0.11087062751
0.137958563942,0.379575615403,0.225921510812,0.256544309843
0.524780981061,0.0687440280721,0.210811147892,0.195663842975
0.287634765747,0.323314803371,0.228998550236,0.160051880646
0.242909621395,0.217428654673,0.282725713439,0.256936010493
0.235252594062,0.400976868034,0.297726848222,0.0660436896821
0.551670232888,0.0774863202671,0.349393910777,0.0214495360681
0.388240797557,0.333465222368,0.0809997071469,0.197294272928
0.341152728733,0.193694517087,0.373107274961,0.0920454792189
0.236110282052,0.297538480587,0.113566895249,0.352784342112
0.681111538164,0.0350481339268,0.247050027777,0.0367903001325
0.207915556169,0.175385734184,0.543544747664,0.0731539619828
0.0650830539488,0.162275076617,0.359695372787,0.412946496648
0.264720494612,0.187267845132,0.405589715971,0.142421944285
0.150846100827,0.609766671148,0.0493460800582,0.190041147967
0.187058750282,0.466961582033,0.251974868053,0.094004799632
0.523467699833,0.190360203994,0.141477374207,0.144694721965
0.147103326142,0.449599862586,0.1219022471,0.281394564172
0.0587747688884,0.431395683091,0.251013099041,0.25881644898
0.211313395122,0.165568488256,0.245082528909,0.378035587713
0.108428713898,0.33849569524,0.382162741524,0.170912849338
0.0486803732431,0.344523838317,0.318150810787,0.288644977653
0.248287724038,0.310306520582,0.230025893626,0.211379861753
0.363239892918,0.0121449669501,0.333996940396,0.290618199736
0.374466126436,0.0420345475286,0.33895249964,0.244546826396
0.0344864202762,0.0338194323219,0.450915468376,0.480778679026
0.0311276363979,0.231291469822,0.54152860768,0.1960522861
0.0396702963646,0.255458683878,0.445966731947,0.25890428781
0.406543018518,0.1339441578,0.00675520783096,0.452757615851
0.113642662091,0.424123413971,0.0886244785456,0.373609445393
0.0395006794959,0.589930593342,0.15455242363,0.216016303532
0.348435771194,0.229099876626,0.0536879929628,0.368776359217
0.0127714299577,0.352598213272,0.327086907246,0.307543449525
0.0122624027408,0.41427530629,0.182037820526,0.391424470443
0.156337199475,0.154528617662,0.347241625135,0.341892557728
0.289018726139,0.382192520284,0.0955651647083,0.233223588869
0.445535921509,0.404162951486,0.0976055331911,0.0526955938137
0.0228906220165,0.576167059271,0.0990079316303,0.301934387082
0.0479795368609,0.217796552655,0.416765197523,0.317458712961
0.379939725,0.331182596055,0.0789833334119,0.209894345534
0.334443761602,0.0447704623456,0.346308227201,0.274477548851
0.251865555256,0.138358128346,0.275361742854,0.334414573543
0.0211704741223,0.127656094234,0.208908692361,0.642264739283
0.0907749774035,0.438949776518,0.226648319288,0.24362692679
0.302886824947,0.300994957354,0.139753006567,0.256365211132
0.304410207105,0.270025244998,0.223569925611,0.201994622286
0.3119641498,0.212237125045,0.3014765479,0.174322177256
0.372263642484,0.233873994385,0.214569105248,0.179293257883
0.514654552584,0.281331947565,0.175774439872,0.0282390599785
0.0655622930203,0.328566315908,0.577698026649,0.0281733644232
0.393050273386,0.33213333878,0.037352613134,0.2374637747
0.337329678827,0.0246995530104,0.309115665039,0.328855103123
0.31243555777,0.468743741572,0.0542021496191,0.164618551038
0.02452774574,0.3943988939,0.257665848653,0.323407511707
0.470474819911,0.327170047149,0.187901110347,0.014454022594
0.179795087214,0.269753617929,0.192329226925,0.358122067932
0.27028685654,0.226608659547,0.277046829186,0.226057654727
0.261460008167,0.233516915863,0.113671573451,0.391351502519
0.350297386773,0.319283645895,0.0802973377261,0.250121629607
0.213661313937,0.215999468313,0.00140929560756,0.568929922143
0.235339815202,0.34640709132,0.149140617248,0.26911247623
0.262671838651,0.283596976403,0.125838775042,0.327892409904
0.328178069214,0.164576839307,0.203650118493,0.303594972986
0.197236922295,0.337205896607,0.0258169043907,0.439740276707
0.46289571308,0.281752999482,0.0734036613997,0.181947626038
0.15634276387,0.311740795501,0.18162169437,0.35029474626
0.130683292671,0.43415850132,0.155551016537,0.279607189472
0.164351867093,0.284660101257,0.325641015654,0.225347015996
0.415516860705,0.271893496713,0.215617203918,0.0969724386645
0.163278232046,0.191872494526,0.357180324174,0.287668949255
0.456846271405,0.0760682943756,0.370914064459,0.0961713697602
0.312147572436,0.322111996211,0.29595708123,0.0697833501231
0.438011558057,0.173587163669,0.0783979490334,0.31000332924
0.0527489821489,0.334795132895,0.294166070063,0.318289814893
0.394053853303,0.354666449477,0.246004550091,0.00527514712911
0.278786498594,0.476547889146,0.209799449397,0.0348661628635
0.198745551254,0.107616396925,0.495881956431,0.19775609539
0.121294271701,0.126923125211,0.471766549805,0.280016053282
0.405539701785,0.23964706847,0.272790731931,0.0820224978134
0.197922092894,0.299446732536,0.0798891642681,0.422742010302
0.461177245724,0.141994180692,0.088144518695,0.30868405489
0.305781043477,0.0322904234468,0.278914528836,0.383014004241
0.0243653177604,0.582987102345,0.333488401816,0.0591591780781
0.264638897689,0.185988803223,0.241944214438,0.30742808465
0.50480784222,0.128217999239,0.0157633178666,0.351210840675
0.268213869449,0.249490410073,0.228756587042,0.253539133435
0.14145158842,0.312130631434,0.32901154103,0.217406239117
0.276472448162,0.292478441883,0.20247124847,0.228577861484
0.3967983918,0.0603532602027,0.221626053543,0.321222294454
0.392014405047,0.157750245996,0.319157980979,0.131077367977
0.475336947036,0.0261669414423,0.45297800558,0.0455181059417
0.110945872704,0.26670121796,0.158847900243,0.463505009093
0.325096074956,0.392382641882,0.133110038934,0.149411244229
0.244835247299,0.275403880388,0.302163487813,0.1775973845
0.309472541232,0.157345446494,0.347489765675,0.1856922466
0.00304743802405,0.0651884847719,0.466434916545,0.465329160659
0.171259050874,0.248307293818,0.286531307712,0.293902347596
0.204482111048,0.341617410611,0.166074807423,0.287825670918
0.392676221125,0.19045932363,0.34467593404,0.0721885212057
0.00153419671632,0.211349035859,0.462568989921,0.324547777504
0.228933265367,0.338099145373,0.00287373818213,0.430093851078
0.11577791215,0.336883741202,0.154096119823,0.393242226825
0.359352483372,0.194656200438,0.232663284151,0.213328032039
0.208069826728,0.347381481759,0.307220621114,0.137328070399
0.242140485269,0.302088856194,0.0926282625544,0.363142395982
0.50617412867,0.171840635983,0.179146324319,0.142838911028
0.291471023873,0.179591330711,0.248144452577,0.28079319284
0.501589109251,0.219120217798,0.180692806089,0.0985978668623
0.0916740605214,0.243176665157,0.138839668346,0.526309605975
0.353293829007,0.0653090594527,0.544167979626,0.0372291319147
0.344244227885,0.0241727057991,0.346385404074,0.285197662242
0.353471763774,0.368630103162,0.22951801687,0.0483801161938
0.252253271512,0.218219316097,0.172978228052,0.356549184339
0.0569241075763,0.339150461796,0.257368497333,0.346556933295
0.265484342004,0.0919469180891,0.309199010729,0.333369729178
0.206371910439,0.0807814906154,0.231484133,0.481362465946
0.271465528635,0.335864645111,0.118869252233,0.273800574021
0.382291291838,0.118951585021,0.283644487522,0.21511263562
0.232780143965,0.180907035755,0.559198811532,0.0271140087479
0.0764862439159,0.270665455213,0.273203307878,0.379644992993
0.190222132458,0.266070653909,0.251138189346,0.292569024287
0.107454109359,0.18951028094,0.445345872336,0.257689737365
0.00852613776397,0.379528186597,0.311854106156,0.300091569483
0.308508358025,0.219555083245,0.312862102591,0.159074456139
0.172527486812,0.325388438165,0.309843901091,0.192240173932
0.325242949409,0.284882036528,0.172855321713,0.21701969235
0.304608295655,0.26224765874,0.306168130589,0.126975915016
0.144655546319,0.257119473796,0.284040098727,0.314184881158
0.209684569736,0.290247731767,0.252911653685,0.247156044812
0.293013905195,0.369573967352,0.182457417714,0.154954709739
0.237558212243,0.257001577987,0.241726207221,0.263714002549
0.176249265376,0.227406016251,0.278816790502,0.317527927871
0.0492918695609,0.325161362099,0.284044712856,0.341502055484
0.10101260712,0.213889915843,0.319232261263,0.365865215774
0.199524470055,0.317675068353,0.0955856909304,0.387214770662
0.109732593916,0.652793161015,0.104388464447,0.133085780622
0.0107738614084,0.38414478269,0.341991708907,0.263089646994
0.338626488616,0.330403773303,0.259252383237,0.0717173548441
0.251102342326,0.0283098164597,0.234904741783,0.485683099432
0.533833841293,0.0656099054874,0.387956385902,0.0125998673182
0.043023511402,0.0695972839686,0.469907715042,0.417471489588
0.19072728215,0.300742821431,0.22833850804,0.280191388379
0.0954323202952,0.400748576828,0.119218054316,0.384601048561
0.180392944845,0.208796992239,0.353324375615,0.257485687301
0.364734292609,0.0315433823045,0.479641720735,0.124080604351
0.327638824789,0.150359310768,0.154487405562,0.36751445888
0.169377094194,0.163927824033,0.127561718008,0.539133363765
0.345385285348,0.216324053476,0.2997289623,0.138561698876
0.454958393406,0.359992606,0.147681356235,0.0373676443597
0.100447168621,0.460791078189,0.239817498471,0.19894425472
0.214008553909,0.196511907321,0.0374491262722,0.552030412498
0.507883914022,0.0715595333309,0.288609285622,0.131947267026
0.0206682482063,0.174906186478,0.29321672468,0.511208840636
0.205302861104,0.338096135085,0.250187311651,0.20641369216
0.150209601872,0.0708809974531,0.219012434373,0.559896966302
0.455222544791,0.161026919126,0.266400694306,0.117349841777
0.352518286022,0.162655551044,0.0775141876284,0.407311975305
0.246325808028,0.290630171613,0.363439571417,0.099604448942
0.263975592461,0.107498057563,0.317657333115,0.310869016861
0.240388109445,0.239934743354,0.188592228084,0.331084919117
0.304494751788,0.508933854252,0.0940915865114,0.0924798074481
0.0905527178872,0.390842103649,0.251998753685,0.266606424779
0.0531953797814,0.0338902627136,0.38022488866,0.532689468845
0.401381827456,0.190448393575,0.0126335178975,0.395536261072
0.308151497692,0.258376304255,0.307609479814,0.125862718238
0.26765218109,0.201917248884,0.385569233653,0.144861336373
0.357729795797,0.299253749104,0.273146855618,0.0698695994803
0.361472835645,0.218601108643,0.0868421846317,0.33308387108
0.153216696104,0.266836842432,0.312046722622,0.267899738842
0.243397981605,0.351274848405,0.0951640778639,0.310163092126
0.215934694261,0.37476167757,0.144746532428,0.26455709574
0.224787213826,0.239500010595,0.347105910369,0.18860686521
0.31172929955,0.389485408128,0.288467760071,0.0103175322506
0.084271141256,0.0174799386313,0.297042320765,0.601206599348
0.220996161368,0.34217779156,0.126068274852,0.310757772219
0.508634511344,0.0279017829361,0.241535090646,0.221928615074
0.130647115139,0.168361452856,0.575846132833,0.125145299172
0.375341267801,0.241537815637,0.09101482014,0.292106096422
0.197278751429,0.139382925969,0.355556341228,0.307781981374
0.33142136919,0.445224923958,0.0851772917436,0.138176415108
0.23850453404,0.283221727731,0.289104150126,0.189169588103
0.0999075609289,0.42982644912,0.0674751064817,0.402790883469
0.432653533751,0.100539258997,0.440130587314,0.0266766199377
0.250186359314,0.0265172896879,0.398945462871,0.324350888127
0.123337254318,0.462988183576,0.0237382118049,0.389936350301
0.554754755105,0.0604985710039,0.151068291101,0.23367838279
0.00837401334667,0.434840194165,0.0632141081991,0.49357168429
0.0846818142672,0.276003881999,0.266250668313,0.37306363542
0.266601879259,0.442868488594,0.256044537945,0.034485094203