0.390839587282,0.222581060021,0.161135806895,0.225443545802
0.139117392939,0.118214074379,0.393405315669,0.349263217012
0.277687586195,0.353600383154,0.0517660089863,0.316946021665
0.337272983048,0.234768802888,0.166092260836,0.261865953228
0.372753275249,0.316785307536,0.0317226586389,0.278738758576
0.477953095457,0.0821561461058,0.0563764539746,0.383514304462
0.517385682092,0.156759848039,0.0606722054294,0.26518226444
0.274535046606,0.481441411103,0.0564020551261,0.187621487165
0.289744597487,0.13130682844,0.338000369517,0.240948204556
0.281591085737,0.240725165629,0.264322331525,0.213361417108
0.251922250605,0.255428124267,0.353000655749,0.139648969379
0.338918327914,0.245572115658,0.386657782174,0.028851774254
0.320115630489,0.0496227627321,0.48383578873,0.146425818048
0.128045496473,0.187093310679,0.20236539715,0.482495795698
0.317935005812,0.240453287103,0.136386860161,0.305224846924
0.182086926263,0.583376704522,0.225808710345,0.00872765886994
0.448407274847,0.300774778298,0.0535692705778,0.197248676278
0.086939200368,0.141003091756,0.375998389587,0.396059318289
0.190468411827,0.297011782063,0.267345325995,0.245174480114
0.217253572331,0.396705002705,0.159191579665,0.2268498453
0.231797018133,0.0366790644306,0.173149840326,0.558374077111
0.110908394391,0.277085103759,0.211340689453,0.400665812396
0.342382553916,0.298363042304,0.115518077263,0.243736326516
0.0566671275661,0.26727966671,0.43734275158,0.238710454144
0.244889794464,0.492893235736,0.168269883125,0.0939470866753
0.388646242936,0.360634535207,0.198914248274,0.0518049735833
0.30673063332,0.191595901729,0.41936736075,0.0823061042004
0.235250318556,0.00463214824105,0.383650030145,0.376467503058
0.311204100428,0.224856170624,0.31406659731,0.149873131638
0.0215211716252,0.289850377165,0.261953959031,0.426674492178
0.491455704511,0.354330979936,0.113074855279,0.0411384602737
0.33859990813,0.569230629255,0.00489933054268,0.0872701320725
0.420865546661,0.148418547928,0.118032056073,0.312683849338
0.255015693672,0.301429029205,0.00285964512,0.440695632003
0.566145210542,0.00790253049795,0.212557277601,0.21339498136
0.332735515471,0.0947783331546,0.277929760957,0.294556390417
0.535224861509,0.146161794122,0.0141404110471,0.304472933322
0.189101469096,0.292650464924,0.14788083626,0.37036722972
0.0284925345408,0.359238431929,0.528298876268,0.0839701572628
0.00883407196401,0.396403937541,0.42733234841,0.167429642086
0.338896405607,0.337399185164,0.110729106781,0.212975302448
0.418120704095,0.341594510015,0.121923390852,0.118361395038
0.268397307328,0.206725746305,0.00497235067139,0.519904595696
0.418799477681,0.0918492850528,0.113699461777,0.375651775489
0.462229030941,0.217566897118,0.24569914488,0.0745049270612
0.305981043897,0.23186083236,0.195526575237,0.266631548507
0.374208800961,0.194894652906,0.395671446226,0.0352250999077
0.388480057136,0.198841851776,0.0594832606847,0.353194830404
0.495659063675,0.161576034191,0.124360330813,0.218404571321
0.172971456769,0.345242323105,0.218170482156,0.26361573797
0.39962118973,0.0883718597704,0.305758248781,0.206248701718
0.283935128217,0.195521488506,0.204703854753,0.315839528524
0.469740981136,0.0878594523799,0.382557185816,0.0598423806678
0.0156786274218,0.355229590014,0.307764212976,0.321327569588
0.24990695139,0.23301725718,0.316622102404,0.200453689027
0.0075076334924,0.232953542871,0.543375364126,0.21616345951
0.0728593027438,0.0510832681418,0.336866142289,0.539191286825
0.305871402697,0.24405428999,0.429175401045,0.0208989062682
0.0612348591642,0.256442742277,0.368221642008,0.314100756551
0.0173522251825,0.176452242348,0.389374972334,0.416820560136
0.311734305454,0.28493061771,0.214266194257,0.189068882579
0.0808454062473,0.226398511496,0.367779068244,0.324977014013
0.0219001114654,0.341362717821,0.513241864575,0.123495306139
0.11703906578,0.268217763849,0.261742027905,0.353001142467
0.555854995411,0.110587438747,0.0735924402076,0.259965125635
0.200046574667,0.120195262841,0.544431684191,0.135326478301
0.114516548702,0.318785103801,0.253329428289,0.313368919208
0.0240272299661,0.63803036829,0.186226961512,0.151715440232
0.0136345523157,0.128266143606,0.665033499316,0.193065804762
0.0425134587339,0.552115223963,0.0908359249116,0.314535392391
0.0385981929911,0.305435968791,0.487802579309,0.168163258908
0.0108699260479,0.612987116704,0.202623366572,0.173519590676
0.0499963880148,0.382479726105,0.408137239379,0.1593866465
0.333797310384,0.148010372119,0.350803845661,0.167388471836
0.278571486108,0.276814422538,0.167679075979,0.276935015374
0.188052707434,0.114808209905,0.0468702478542,0.650268834806
0.526857198432,0.0664852985999,0.33598446488,0.0706730380873
0.569390700686,0.171799164534,0.0629169109288,0.195893223851
0.218265441973,0.301667776405,0.100160131815,0.379906649808
0.310674341951,0.357226198823,0.19867782746,0.133421631766
0.255879006096,0.366629343617,0.207632271216,0.169859379071
0.298527818638,0.148845662012,0.257940574554,0.294685944797
0.0817840095965,0.458608258438,0.00665195681718,0.452955775148
0.0903417475799,0.0286678635318,0.0208150401269,0.860175348761
0.313536647116,0.471411463155,0.129777556726,0.0852743330026
0.147719701171,0.611351574493,0.113639414303,0.127289310033
0.373797340796,0.275403714594,0.161717807549,0.189081137061
0.296154170645,0.35262050238,0.30754684048,0.043678486494
0.181787867514,0.267112130624,0.498216896251,0.0528831056116
0.345077620979,0.475853008293,0.174547685351,0.00452168537674
0.520723393198,0.169324544603,0.0405308050928,0.269421257107
0.363477589666,0.0916367485336,0.180042294866,0.364843366935
0.311893923624,0.185389103715,0.440865131175,0.0618518414866
0.360375325611,0.00387439002904,0.524706975053,0.111043309307
0.156390851034,0.266889821857,0.256043319581,0.320676007529
0.318431381908,0.0539091891332,0.587733010873,0.0399264180849
0.427853641363,0.193521080082,0.340926665715,0.0376986128403
0.331098416282,0.146973292924,0.151106689611,0.370821601183
0.249979139407,0.243979977844,0.338414889928,0.167625992821
0.468947179661,0.141743966515,0.161276984944,0.22803186888
0.293808095572,0.199215498777,0.370401578621,0.13657482703
0.114846616568,0.0564014230631,0.262509024499,0.56624293587
0.183312666432,0.245032153372,0.298209937286,0.27344524291
0.223682275915,0.216357675326,0.546461772524,0.0134982762354
0.367455560093,0.363397178862,0.183082203314,0.0860650577315
0.20467177513,0.20604096846,0.286735302031,0.302551954378
0.235888276001,0.192150731528,0.286644227287,0.285316765184
0.516510576162,0.0941673672042,0.167598571488,0.221723485146
0.175764282593,0.408517573865,0.326814556491,0.0889035870507
0.135330164459,0.0498756883622,0.405427976042,0.409366171136
0.0229422245669,0.526072043798,0.0915306762677,0.359455055368
0.480252164788,0.142302336662,0.199745331202,0.177700167347
0.187022679971,0.0190430571423,0.47962020852,0.314314054367
0.553071549883,0.0927881887061,0.175767420172,0.178372841238
0.225919780011,0.312909278291,0.391412270973,0.0697586707246
0.410386801196,0.0734239911587,0.370629144285,0.14556006336
0.392251123907,0.22888543075,0.361355461958,0.0175079833853
0.170125683415,0.14308072014,0.450878531957,0.235915064488
0.261835048335,0.312381693118,0.131581858465,0.294201400082
0.209089651187,0.00910210695231,0.258023790108,0.523784451752
0.323579252323,0.260400495848,0.172219510035,0.243800741794
0.413030422875,0.0473928508033,0.155035566263,0.384541160059
0.317414380362,0.158835917266,0.118633487725,0.405116214647
0.391278446258,0.249701307334,0.219407484832,0.139612761576
0.0606393682633,0.276149092979,0.203098546147,0.460112992611
0.310214620714,0.151207835856,0.347176051047,0.191401492382
0.123449514801,0.265927226543,0.401608378781,0.209014879875
0.228715082728,0.354056863327,0.255674939464,0.16155311448
0.188311142996,0.0531194465101,0.492127875845,0.266441534649
0.137166904573,0.194937364124,0.564260492348,0.103635238956
0.308545550039,0.396215628286,0.115846561251,0.179392260425
0.00439927099745,0.35220073072,0.269840335535,0.373559662748
0.26048946426,0.210817588407,0.244914299229,0.283778648103
0.261119024448,0.265577868844,0.193730854851,0.279572251857
0.232452507826,0.161742979937,0.567709077897,0.0380954343409
0.15850857097,0.327533909724,0.361953447951,0.152004071355
0.160391817546,0.0562900621152,0.32450349176,0.458814628579
0.332061838596,0.247546507758,0.179183347137,0.241208306509
0.0858499215711,0.114013300003,0.336965169288,0.463171609138
0.193662510153,0.13655184198,0.239272325167,0.4305133227
0.164771415762,0.28546818149,0.471637786506,0.0781226162413
0.450846160284,0.0761038761978,0.389655741809,0.0833942217101
0.0315862886713,0.476557362076,0.00185357005336,0.490002779199
0.278617981869,0.121188462303,0.311000884546,0.289192671282
0.392625613459,0.128532203944,0.403357016109,0.0754851664887
0.137814979605,0.324185340418,0.439808070922,0.098191609055
0.0727701369643,0.350618321686,0.385654808138,0.190956733211
0.0753523822962,0.497149794331,0.228994475003,0.19850334837
0.239107164481,0.0508654543188,0.0632752355863,0.646752145614
0.0528117589803,0.133999433313,0.104483874183,0.708704933524
0.00402818017732,0.361775400955,0.327506405491,0.306690013376
0.255202279177,0.148006805653,0.580223910075,0.0165670050956
0.158003950853,0.0824354940891,0.400297567674,0.359262987384
0.470000447676,0.286221341983,0.0089784073426,0.234799802998
0.0572113493681,0.123892154185,0.429552311162,0.389344185285
0.299579270158,0.00687503383193,0.358704337907,0.334841358103
0.0453214779429,0.293224024657,0.282774311771,0.378680185628
0.0967810142522,0.445938549172,0.207486860224,0.249793576352
0.0355252272328,0.294306287209,0.188290211932,0.481878273626
0.226877230133,0.103636103498,0.453079966175,0.216406700194
0.230405203521,0.259325860194,0.213712974731,0.296555961553
0.179403906505,0.34508733926,0.027225358215,0.44828339602
0.0529707593807,0.209617232948,0.592138999477,0.145273008193
0.26771747697,0.12412397777,0.124788815691,0.483369729569
0.400930783986,0.141041970016,0.286124481775,0.171902764223
0.411533790409,0.0513591934727,0.285715156385,0.251391859733
0.324081052734,0.141121130935,0.0545545897431,0.480243226588
0.38208362321,0.205579762047,0.216836565469,0.195500049274
0.129102922539,0.376947308885,0.0115440358774,0.482405732698
0.271740163902,0.298840339527,0.273275456847,0.156144039724
0.287176745217,0.359400377228,0.154939302392,0.198483575164
0.0924949320849,0.186302123398,0.422576723294,0.298626221223
0.271740179613,0.267284873217,0.414755582682,0.0462193644888
0.117471899964,0.140479387409,0.552427908511,0.189620804115
0.271013719775,0.148603521618,0.146612108525,0.433770650082
0.183754621514,0.51101363803,0.270687262098,0.0345444783581
0.233361123374,0.0683578398655,0.641868418523,0.0564126182369
0.233523242374,0.288007049164,0.192765978184,0.285703730277
0.309292266195,0.0164380792174,0.610920919277,0.0633487353113
0.398988042244,0.241060971117,0.0939119286024,0.266039058037
0.337827157398,0.28887109315,0.212906156109,0.160395593343
0.254406442316,0.232963016481,0.278335178386,0.234295362818
0.352926108352,0.257929442576,0.376835726304,0.0123087227675
0.313087361703,0.311754926442,0.268492668984,0.106665042871
0.148594300244,0.305743705944,0.35880283486,0.186859158953
0.27580089374,0.147591672959,0.154503262166,0.422104171135
0.399769761457,0.28103875475,0.102330263985,0.216861219808
0.0277338076855,0.418990071572,0.440191888119,0.113084232623
0.0486145885536,0.352187765676,0.0395362472476,0.559661398523
0.226959513919,0.147903125324,0.167668973904,0.457468386853
0.368376398128,0.0201098753265,0.118534309111,0.492979417434
0.217783383709,0.1507730902,0.172543562164,0.458899963928
0.0115369176897,0.583648988251,0.344080340083,0.0607337539766
0.231861289538,0.313852371114,0.172921229584,0.281365109764
0.0252531493968,0.0977664432358,0.321676638096,0.555303769271
0.166686387069,0.0491642502161,0.375841837994,0.408307524721
0.502446759402,0.0136689378334,0.0187742633275,0.465110039437
0.346909092175,0.275181856478,0.0455858458248,0.332323205523
0.504291731474,0.305981942403,0.183391112945,0.00633521317773
0.294255104861,0.190774285476,0.416781053363,0.0981895562995