0.381291461628,0.0864757581771,0.356475564444,0.175757215751
0.174081846411,0.701353656623,0.0600176247603,0.0645468722058
0.306489200161,0.038819970183,0.185252845949,0.469437983707
0.21155509689,0.407160965012,0.209326300163,0.171957637935
0.307155435602,0.395363879043,0.0652239188224,0.232256766533
0.127557380587,0.387552600558,0.196549574086,0.288340444768
0.398039779794,0.0319322893963,0.18273714773,0.38729078308
0.333067802135,0.253143961881,0.189411517794,0.22437671819
0.358057666536,0.300825704304,0.00405506204664,0.337061567114
0.216456576471,0.481544585821,0.204819190077,0.0971796476302
0.250461567586,0.728126447516,0.0128467173526,0.00856526754535
0.263851362573,0.300755592864,0.122069852711,0.313323191853
0.142799513549,0.403899066482,0.144743199583,0.308558220387
0.27717068121,0.276091316402,0.236210583552,0.210527418836
0.484337001265,0.00897026300611,0.213071438788,0.293621296942
0.307405715539,0.417580099065,0.272864486866,0.00214969853027
0.0617365245415,0.187642420916,0.22065293014,0.529968124403
0.0353030022674,0.219672506459,0.538160051751,0.206864439523
0.237346701151,0.132853639049,0.341544715404,0.288254944396
0.592589858846,0.149892531424,0.139048522415,0.118469087315
0.404583557239,0.176277243958,0.0794949272334,0.339644271569
0.390613188135,0.136369007372,0.00991411797193,0.463103686521
0.26099252319,0.0775597900328,0.326614561534,0.334833125243
0.348000806174,0.321659983811,0.236339186739,0.0940000232757
0.06975008422,0.535913150438,0.204811142433,0.189525622909
0.159745043703,0.312161955568,0.0884713137859,0.439621686943
0.36551223352,0.0496652426035,0.477335732403,0.107486791474
0.211373570319,0.261094804081,0.27980074589,0.24773087971
0.187658834667,0.179721574217,0.306241364343,0.326378226773
0.335612688675,0.259419990124,0.265339100642,0.139628220559
0.206897341174,0.275583894229,0.336518818051,0.180999946546
0.291415152555,0.447341578888,0.089445605971,0.171797662586
0.368871318426,0.374938008587,0.159411056859,0.096779616128
0.247687655883,0.223670816086,0.283270550617,0.245370977414
0.308267905331,0.272550485169,0.356115139166,0.0630664703341
0.298112828551,0.144553537169,0.247946063437,0.309387570843
0.469129812093,0.00537509653757,0.155135070233,0.370360021137
0.108881525473,0.337126036531,0.0387271099,0.515265328095
0.125393422214,0.179209828796,0.523409870041,0.171986878949
0.253590324844,0.297092107764,0.29882588803,0.150491679361
0.0982923500839,0.353860056741,0.391435234588,0.156412358587
0.0486572935334,0.258161143245,0.272506481197,0.420675082024
0.233764114595,0.421044516585,0.287135064282,0.0580563045383
0.169026325051,0.102197955134,0.547138951903,0.181636767911
0.426313578844,0.443325451156,0.0526603719015,0.0777005980984
0.449882335401,0.480223317933,0.0454654141419,0.0244289325235
0.270387903005,0.337020336539,0.162932258288,0.229659502169
0.287229665266,0.053145503402,0.42015338822,0.239471443112
0.186959097982,0.25447195988,0.156059103276,0.402509838862
0.117209203774,0.328166684989,0.251449306707,0.30317480453
0.269462062789,0.0851361448829,0.447496054726,0.197905737602
0.218968160955,0.118170229511,0.185175579375,0.477686030159
0.366018615943,0.1174710142,0.377099782609,0.139410587247
0.284075372501,0.25365215256,0.174189731773,0.288082743166
0.00292289688175,0.420503610067,0.192597241321,0.383976251731
0.243350200912,0.26054628401,0.282080671287,0.214022843791
0.406865557297,0.4009644822,0.150282219119,0.0418877413838
0.30478691862,0.375148029388,0.257943329715,0.0621217222769
0.307864503048,0.199794481114,0.192839970681,0.299501045158
0.2629853086,0.294828769495,0.229477441471,0.212708480433
0.368075725181,0.062195513305,0.105266546242,0.464462215273
0.26073023206,0.171205164933,0.330253583435,0.237811019572
0.5549564187,0.0780652175222,0.0505727574154,0.316405606362
0.225815783489,0.106386062744,0.639666412185,0.0281317415816
0.304151173137,0.172822612179,0.261824829427,0.261201385256
0.251163553452,0.199955628141,0.156660858571,0.392219959836
0.0580338535159,0.102634497327,0.403026525443,0.436305123714
0.290312586647,0.126532865129,0.302814415894,0.28034013233
0.312862072953,0.28128431461,0.015776911082,0.390076701355
0.310087915156,0.112011893248,0.357407597259,0.220492594336
0.213194340822,0.39984770587,0.203870905948,0.18308704736
0.101246604953,0.240335518509,0.380218968645,0.278198907892
0.146510091082,0.57186240517,0.140333046815,0.141294456933
0.0565209958995,0.361056229711,0.531580719717,0.0508420546727
0.409431832841,0.276260221422,0.0798084881994,0.234499457538
0.239339977173,0.173119209978,0.298833550923,0.288707261925
0.428061807283,0.419486819557,0.0821433796266,0.0703079935324
0.254712859364,0.206399495026,0.10387970247,0.43500794314
0.1138799338,0.543873235701,0.26513718113,0.0771096493692
0.432041009474,0.215277284285,0.23586846486,0.116813241382
0.130852835009,0.162960572559,0.271159546215,0.435027046218
0.451154091481,0.174658441218,0.01098301411,0.363204453191
0.241200606212,0.305145488776,0.108843732107,0.344810172905
0.0766178310923,0.328363432296,0.555718765213,0.0392999713986
0.201533302226,0.180102273555,0.335190483193,0.283173941026
0.0629027760191,0.315128807357,0.0768130378221,0.545155378802
0.278801504431,0.296249408911,0.0326342216558,0.392314865003
0.560711415616,0.184324361442,0.160103354328,0.0948608686139
0.296888469826,0.301098274402,0.275811184205,0.126202071567
0.4712521325,0.0215975259499,0.483712288597,0.0234380529537
0.482894424612,0.312159768648,0.0778925996199,0.12705320712
0.546402105267,0.0957551400807,0.295846233747,0.0619965209043
0.202865229672,0.564162170178,0.018291328615,0.214681271535
0.254189073655,0.204620628957,0.368338809279,0.172851488109
0.303908909808,0.571527686211,0.0863625760034,0.0382008279774
0.0789613803982,0.260601811044,0.436580813612,0.223855994946
0.278014979569,0.264103473716,0.160344988908,0.297536557808
0.24779997884,0.343687996932,0.136876461471,0.271635562757
0.0361089194174,0.288389607393,0.484456895566,0.191044577624
0.391418683913,0.240339587643,0.0727284841434,0.2955132443
0.335038707806,0.189365570956,0.281425911754,0.194169809483
0.213699630496,0.311935855355,0.123646383643,0.350718130506
0.234176126512,0.143764458299,0.244066503842,0.377992911347
0.185846217387,0.419604904182,0.0761596549084,0.318389223522
0.119267786304,0.330690489113,0.485805301813,0.0642364227701
0.165119286051,0.209946979298,0.426966533753,0.197967200898
0.134620799913,0.0955831415313,0.251814963004,0.517981095551
0.173524715883,0.145129113479,0.180723219967,0.50062295067
0.131566066526,0.219855894733,0.281812274336,0.366765764405
0.363724666938,0.0539527376518,0.169898373102,0.412424222308
0.138198641123,0.028941789813,0.45435154671,0.378508022354
0.335988769261,0.312923942068,0.0336756568879,0.317411631783
0.39821930812,0.0743650197219,0.261070017308,0.26634565485
0.150673638787,0.388821053687,0.0533599683753,0.407145339151
0.315445721165,0.335525600805,0.0573413605724,0.291687317457
0.388702300239,0.216481201196,0.125307983744,0.269508514821
0.322891211242,0.336727549,0.163440974737,0.17694026502
0.328154361887,0.0674173174742,0.302897992797,0.301530327841
0.3876511412,0.403934841574,0.0608175027467,0.14759651448
0.307861556404,0.277517205418,0.216118812377,0.198502425801
0.304419278185,0.204699627938,0.486680789904,0.0042003039732
0.188799175597,0.125253222151,0.364937360563,0.321010241689
0.273656668463,0.181971629008,0.155880038861,0.388491663668
0.354323880809,0.315942656675,0.109414131188,0.220319331329
0.312600087407,0.319014708186,0.0725615854273,0.295823618979
0.381282668509,0.163070389445,0.354801059548,0.100845882499
0.302156790742,0.108532987865,0.361319372968,0.227990848426
0.365240646863,0.314036551336,0.297040691593,0.023682110207
0.323725224555,0.263379602436,0.0782768805843,0.334618292425
0.156135481707,0.0720949698635,0.336817088304,0.434952460126
0.196039071954,0.423741553318,0.0459589054044,0.334260469324
0.266769425956,0.259667348735,0.301296032059,0.17226719325
0.203403138597,0.251582786019,0.337397598061,0.207616477323
0.531834633501,0.0346034037773,0.192911140359,0.240650822362
0.175640470418,0.342199352726,0.336847654292,0.145312522564
0.196974811855,0.167056009031,0.381350627475,0.25461855164
0.275922792981,0.541947272745,0.13510817198,0.0470217622932
0.341590896303,0.209378161685,0.368307441945,0.0807235000667
0.367368449799,0.363341926279,0.025688515275,0.243601108646
0.263844360982,0.300983331181,0.200014892953,0.235157414884
0.422863839842,0.169793944935,0.199732770988,0.207609444234
0.00774930113178,0.465640368975,0.447737150577,0.0788731793167
0.722644042905,0.0680616188005,0.0552679562574,0.154026382037
0.250422632785,0.26411146886,0.215229290629,0.270236607726
0.0988775238821,0.0345437250397,0.483439464339,0.383139286739
0.00335615974998,0.161594635348,0.643666979021,0.191382225881
0.347199792944,0.216187158595,0.302513706895,0.134099341566
0.634778840011,0.147472992088,0.166865818765,0.0508823491358
0.184029995734,0.519522092074,0.295647196764,0.000800715427656
0.249067641255,0.280402516398,0.201049778359,0.269480063989
0.418186690135,0.54754667087,0.00929022211949,0.0249764168756
0.227275576409,0.0774204991447,0.121078729927,0.57422519452
0.2604353179,0.171221366384,0.268723638922,0.299619676795
0.301448124021,0.391639119343,0.0587884023807,0.248124354255
0.332698869269,0.217433826281,0.125761174187,0.324106130263
0.338578384169,0.32715665574,0.333984199043,0.000280761048295
0.00763721571252,0.24240829347,0.175523256609,0.574431234208
0.323756089913,0.0943655582941,0.202113781305,0.379764570489
0.200423957377,0.103256002196,0.487865721862,0.208454318565
0.38182687051,0.467029483004,0.0663856232463,0.0847580232399
0.255145008035,0.379705891963,0.109741644902,0.255407455101
0.411553601355,0.0991309798624,0.392780526977,0.0965348918049
0.481434335683,0.228418007176,0.0423158745007,0.24783178264
0.28312942368,0.205890105253,0.29446243604,0.216518035027
0.25735756949,0.474909760251,0.0897792121376,0.177953458121
0.259834113974,0.419896975155,0.239969520791,0.0802993900797
0.130149413957,0.0791374576437,0.25604512649,0.53466800191
0.281929843394,0.332576414004,0.171187835428,0.214305907175
0.487157411748,0.163009070428,0.0377845482207,0.312048969603
0.394813686806,0.202590230693,0.0724285044954,0.330167578006
0.123421167215,0.4370091537,0.0207549133482,0.418814765737
0.164322224912,0.39152403168,0.314543590869,0.129610152539
0.367503880798,0.13841110172,0.086873085439,0.407211932044
0.295552230652,0.156009173431,0.222368428998,0.326070166919
0.35634739283,0.00952470615821,0.306185255256,0.327942645756
0.220032689307,0.183885612241,0.157751794837,0.438329903614
0.0754933404283,0.267806503274,0.361698559815,0.295001596482
0.214461628129,0.23731473156,0.304729352873,0.243494287438
0.303625387709,0.220178663336,0.353082992467,0.123112956488
0.428792619346,0.144658306885,0.00957945836414,0.416969615404
0.0897321825966,0.430577483308,0.361412285504,0.118278048591
0.156001066362,0.348482907174,0.354864293803,0.140651732662
0.270005909605,0.371174832495,0.0956259539914,0.263193303909
0.185086978731,0.131733739102,0.305794209046,0.377385073121
0.10152444532,0.0357423406798,0.106624419981,0.75610879402
0.311098810286,0.206992206672,0.0976439580583,0.384265024984
0.508094112371,0.128727834948,0.129192889852,0.233985162828
0.146951121493,0.310849160744,0.201954736595,0.340244981169
0.262214628443,0.195905902758,0.0781279573954,0.463751511403
0.293722969879,0.286484436243,0.278581196232,0.141211397646
0.0458049354856,0.293289943725,0.415583986273,0.245321134516
0.029833059383,0.42153883203,0.186834906487,0.361793202101
0.317698019392,0.0768844548021,0.285315709397,0.320101816409
0.517247773943,0.0345071977554,0.392279115826,0.0559659124765
0.0122877892741,0.276020449414,0.364932347504,0.346759413808
0.0592170427133,0.288526136198,0.414120500518,0.23813632057
0.0302677837593,0.134803612593,0.104145911978,0.730782691669
0.337914774592,0.11053117655,0.140322632371,0.411231416487
0.350685944285,0.332588941885,0.0273880694847,0.289337044346
0.307656074713,0.261801177447,0.221093826964,0.209448920876