0.137681306732,0.255059903361,0.326019399401,0.281239390505
0.289286682253,0.0992047714491,0.420129268914,0.191379277384
0.415527016033,0.466582972304,0.0320744011559,0.0858156105072
0.380984226067,0.100146521016,0.366286003294,0.152583249623
0.198195007039,0.430969580626,0.0274666110882,0.343368801247
0.0972382563147,0.28706017871,0.130536333448,0.485165231527
0.364851450922,0.285939628648,0.0853591363077,0.263849784122
0.333804199895,0.152994090131,0.352894587712,0.160307122262
0.256282308894,0.0120774615615,0.349723829514,0.38191640003
0.09930620462,0.398089302741,0.255007103217,0.247597389422
0.148600867039,0.38270829177,0.00703606210894,0.461654779082
0.204571585083,0.306401720857,0.444064249904,0.0449624441567
0.0275950942298,0.324647422469,0.407559758004,0.240197725297
0.214965357646,0.369316698028,0.124157213866,0.29156073046
0.192941360723,0.393730891682,0.183047370531,0.230280377064
0.208650031278,0.135455494034,0.247076781265,0.408817693424
0.0866120738452,0.0424819929196,0.638548941332,0.232356991903
0.161214461535,0.018144193859,0.3341938544,0.486447490206
0.0707793829331,0.362151235002,0.184182007423,0.382887374641
0.302478229292,0.137549319434,0.219766970983,0.340205480291
0.0658237691806,0.105486564251,0.496119752398,0.33256991417
0.210482216165,0.267670750609,0.0932563023669,0.428590730859
0.215764578031,0.239467182777,0.439453155827,0.105315083365
0.433028428701,0.0279959703176,0.275341399181,0.2636342018
0.253110867437,0.381600957589,0.149145859212,0.216142315762
0.209957307194,0.299553175845,0.345723493648,0.144766023313
0.401671425549,0.42475489366,0.140592593798,0.0329810869937
0.00293333617339,0.279064604794,0.360197452549,0.357804606484
0.0747891492143,0.431385248324,0.0136086968873,0.480216905575
0.435622402283,0.349657275478,0.0163859077034,0.198334414536
0.193137226563,0.000322528555828,0.434970711869,0.371569533012
0.0470205331119,0.270922175529,0.365763084368,0.31629420699
0.419578718792,0.154162776477,0.344932786071,0.0813257186595
0.309104172935,0.363655442477,0.0138536679007,0.313386716687
0.293998605122,0.15762922424,0.384474819831,0.163897350807
0.261954919979,0.351274257726,0.269977263373,0.116793558922
0.19628289119,0.11841940825,0.600635300976,0.0846623995828
0.171307115563,0.229654273265,0.224183841545,0.374854769627
0.303834248386,0.280313286843,0.145816491947,0.270035972824
0.146253287755,0.417486599727,0.0566969075334,0.379563204985
0.202589585066,0.337114697401,0.178398268396,0.281897449136
0.130019704436,0.403422642691,0.1935574225,0.273000230372
0.294493744378,0.247177219111,0.336563145893,0.121765890617
0.224415222191,0.109658380291,0.313113500262,0.352812897256
0.160668609174,0.475661526224,0.0165205398847,0.347149324717
0.376568583741,0.217313481861,0.381520329676,0.0245976047217
0.385965349713,0.212923859666,0.0702876746413,0.33082311598
0.0310511173513,0.400247391119,0.246908492026,0.321792999503
0.291339262867,0.239338946193,0.287023177396,0.182298613544
0.373243841716,0.298903609327,0.14585526759,0.181997281367
0.12236924575,0.0834403862045,0.473498974102,0.320691393943
0.141824177091,0.32022284129,0.330588964805,0.207364016814
0.270680847996,0.20275801178,0.517621463186,0.00893967703759
0.227766928823,0.343859536633,0.320601443945,0.107772090599
0.0105603921307,0.113013184816,0.449894216596,0.426532206458
0.0279029504333,0.358281361683,0.0764077252176,0.537407962666
0.216585447691,0.13222737058,0.498960973452,0.152226208277
0.246678686418,0.191531119431,0.105332388618,0.456457805533
0.196372910606,0.162402074654,0.391160938427,0.250064076314
0.259940038877,0.424311558302,0.229259539167,0.0864888636545
0.303162283361,0.0454329582894,0.0972159576316,0.554188800718
0.193868095679,0.024085489883,0.35740958783,0.424636826608
0.261879592087,0.0677450942152,0.32986631942,0.340508994278
0.253641387616,0.355441770861,0.251915461035,0.139001380487
0.00545416055619,0.69826416427,0.100672306978,0.195609368196
0.0710437790454,0.512586947264,0.225924596855,0.190444676836
0.291671000659,0.412203171389,0.0877718963687,0.208353931583
0.249834190562,0.255089237751,0.152584959431,0.342491612257
0.100809327403,0.0976425936788,0.274006353671,0.527541725247
0.504710685045,0.0199052277839,0.14455275519,0.330831331981
0.449129541098,0.148751946416,0.193175795787,0.208942716698
0.348016873546,0.367686179351,0.272345366169,0.0119515809349
0.318718062535,0.324921771792,0.299787535969,0.0565726297041
0.176731345841,0.129398656902,0.312297895329,0.381572101929
0.0361244723421,0.177905482421,0.441133272289,0.344836772948
0.00245040698929,0.13172768971,0.436724277729,0.429097625572
0.120472908374,0.511816314832,0.36397514405,0.00373563274451
0.267655302833,0.083512655061,0.111821152037,0.537010890069
0.585466201401,0.0517314577432,0.169444323423,0.193358017434
0.44604506554,0.108501703631,0.383111307862,0.062341922967
0.113064422991,0.172953949956,0.405884904045,0.308096723008
0.182164576826,0.0314661999965,0.305357473946,0.481011749232
0.564913615352,0.0888328545773,0.0293826322737,0.316870897797
0.402821367914,0.234466953238,0.211249540237,0.151462138611
0.290296650162,0.15515912898,0.241410352539,0.313133868318
0.0260328188683,0.29951479363,0.662358074718,0.0120943127844
0.309129381231,0.289376437542,0.101082297424,0.300411883802
0.324265272895,0.173602534969,0.384192694855,0.11793949728
0.179080957928,0.380408992572,0.320448558103,0.120061491397
0.281673428615,0.226323435045,0.345968735964,0.146034400376
0.334082002677,0.384547996201,0.0371459321624,0.24422406896
0.415624058646,0.197122042846,0.148256401797,0.238997496712
0.328513727634,0.110898469537,0.280326906636,0.280260896193
0.288260108142,0.241319016735,0.198655194791,0.271765680333
0.271378269215,0.253852955779,0.186385754629,0.288383020377
0.303358494032,0.153467067257,0.154381733303,0.388792705409
0.298024607985,0.192471709695,0.167960431342,0.341543250978
0.144611563037,0.217611859823,0.36304215868,0.274734418461
0.562184111198,0.0800875269905,0.0729447933824,0.28478356843
0.0539897463338,0.41014063777,0.383555812843,0.152313803053
0.349726609121,0.308035674164,0.314182419957,0.0280552967583
0.348490070622,0.358785945523,0.225672338219,0.067051645636
0.318895715418,0.316970046418,0.227291969067,0.136842269098
0.240205392854,0.272252242009,0.396182511793,0.0913598533442
0.577924053835,0.0357748638928,0.130346821513,0.25595426076
0.39793416489,0.0891096641893,0.0660625385771,0.446893632343
0.210015658558,0.187886019942,0.437352132091,0.164746189409
0.199365564993,0.406359273006,0.337933238215,0.0563419237855
0.074857156646,0.476931688296,0.357175400874,0.0910357541847
0.0192418903026,0.445002787289,0.183588114891,0.352167207518
0.353230493115,0.308757732958,0.0718780532567,0.266133720671
0.228633463764,0.206252235314,0.239116687037,0.325997613885
0.0352133276575,0.243550899306,0.471228385489,0.250007387547
0.23558873652,0.0754860479786,0.316043860764,0.372881354737
0.412456973819,0.179289096099,0.116516997201,0.291736932882
0.186547949112,0.420025753848,0.243021737298,0.150404559741
0.285483191644,0.0228667880305,0.248720626157,0.442929394169
0.0909941140536,0.0699039377299,0.428752748844,0.410349199373
0.297150994638,0.345703165604,0.200532277455,0.156613562302
0.119790034539,0.368383626772,0.344473278516,0.167353060173
0.193424968249,0.238554558178,0.269240211231,0.298780262341
0.189119059386,0.0893708353725,0.362844017487,0.358666087754
0.368848979011,0.138650606416,0.166241028929,0.326259385644
0.258515556143,0.00529937615822,0.253856495965,0.482328571734
0.221905780831,0.272428151216,0.420042540825,0.0856235271273
0.512814905808,0.013925167284,0.244547843089,0.228712083818
0.271485161558,0.254331437628,0.230371236143,0.243812164671
0.29446646264,0.228248218425,0.22763851344,0.249646805495
0.0247466149889,0.498365146084,0.0716634075511,0.405224831376
0.403324333656,0.195565567625,0.122683907296,0.278426191422
0.140736566306,0.32432877827,0.27046509854,0.264469556884
0.424443522693,0.248917783762,0.211815244662,0.114823448883
0.543741417399,0.049600080997,0.243797962145,0.162860539459
0.0899069936297,0.130374153204,0.603417212589,0.176301640577
0.316716840664,0.29279929005,0.0789822961365,0.311501573149
0.223220254432,0.266846090185,0.201077702215,0.308855953168
0.194896664173,0.436602944435,0.122134175656,0.246366215735
0.257823869513,0.323512348637,0.207429873896,0.211233907953
0.338562159273,0.175173589992,0.120860368774,0.365403881961
0.0913515562282,0.483858472963,0.116719133203,0.308070837605
0.292899427143,0.396857509693,0.291584407073,0.0186586560912
0.287264423223,0.103027930898,0.268014822486,0.341692823393
0.236155981432,0.254135116744,0.275987044453,0.233721857371
0.315824427554,0.19257553998,0.375413619848,0.116186412618
0.258927876838,0.253438363715,0.134301495211,0.353332264236
0.358305195754,0.279841653126,0.260472150853,0.101381000267
0.0192061925902,0.0657333949246,0.340827784629,0.574232627856
0.215698806678,0.218234736027,0.461368291193,0.104698166101
0.100381833061,0.317712107891,0.0843637673526,0.497542291695
0.270274622094,0.215232429728,0.241862141326,0.272630806851
0.408786177786,0.269709831742,0.297001441068,0.0245025494029
0.363851232639,0.112679779826,0.372140399835,0.1513285877
0.276095297866,0.194054231613,0.332092103099,0.197758367422
0.197906072682,0.389964537438,0.294124416889,0.11800497299
0.232848808225,0.346453574031,0.189587681252,0.231109936491
0.112746203333,0.0160613701321,0.483779872038,0.387412554498
0.29762387882,0.474539382128,0.107456313015,0.120380426037
0.0616309391118,0.217439462862,0.19554775753,0.525381840497
0.129764691527,0.213243759205,0.301906066625,0.355085482643
0.393458536781,0.0666673660733,0.117835194335,0.42203890281
0.148118369687,0.312625271596,0.321005640866,0.218250717851
0.233965490802,0.449424982897,0.164766975417,0.151842550885
0.238067946646,0.242280528657,0.463433141909,0.0562183827879
0.379124253567,0.264265671968,0.130155999856,0.226454074609
0.606543055252,0.0270206324128,0.202700924741,0.163735387594
0.352244504354,0.323753853694,0.256802256033,0.0671993859192
0.160739242562,0.244206892734,0.465298215244,0.12975564946
0.0144619103449,0.0822169268972,0.586720774387,0.316600388371
0.270422968428,0.126060263398,0.375088757,0.228428011175
0.502813900134,0.0499849515496,0.386739910294,0.0604612380219
0.523151022603,0.101729612474,0.0111616028537,0.363957762069
0.0332837340909,0.116849438368,0.575638448992,0.274228378549
0.2057171497,0.263817690758,0.280088204415,0.250376955127
0.375317571355,0.232418256238,0.316655563147,0.0756086092591
0.364677478359,0.235709297195,0.0558794171979,0.343733807248
0.266929756306,0.224876643075,0.409237236893,0.0989563637257
0.0772173241797,0.182458175933,0.264729710592,0.475594789295
0.253423955429,0.222737931751,0.138929793644,0.384908319177
0.0424609244807,0.604399142649,0.23161684512,0.12152308775
0.22335079184,0.318179510501,0.236273027977,0.222196669682
0.157864368792,0.25446040045,0.253478582718,0.33419664804
0.330700084529,0.0875903625731,0.282006379275,0.299703173624
0.333968465119,0.153732565793,0.395894185375,0.116404783713
0.192615075204,0.38870584736,0.122494738625,0.29618433881
0.0674244218882,0.253313272961,0.375186499943,0.304075805208
0.453865969128,0.0469458926049,0.37071640263,0.128471735637
0.292853575655,0.214845252546,0.334277929244,0.158023242555
0.462681495833,0.08911087081,0.173403178968,0.274804454389
0.413988535919,0.0809118597983,0.415507924618,0.089591679665
0.260985330034,0.178291409833,0.281685134832,0.279038125301
0.226599091654,0.218729647775,0.327939782727,0.226731477845
0.0912870539909,0.148104662565,0.336337450176,0.424270833268
0.249385286454,0.0669692809603,0.546648780837,0.136996651749
0.268198118007,0.295391741908,0.118879767243,0.317530372841
0.312201644079,0.37616295825,0.288836461333,0.0227989363372
0.360765634309,0.345330134822,0.123856907562,0.170047323306
0.150171643592,0.181856742633,0.307616013564,0.360355600211
0.434002326651,0.0339710863631,0.498068884547,0.033957702439
0.0542826894779,0.447179009375,0.427603982529,0.0709343186179
0.357361927555,0.253498202329,0.362485790008,0.026654080107