0.277416799234,0.121859339156,0.262322529914,0.338401331695
0.163643878413,0.224574719283,0.288104871984,0.323676530321
0.183295164983,0.331150657165,0.0321575919284,0.453396585923
0.198421579103,0.382215388242,0.289536118243,0.129826914413
0.311797303492,0.231528350724,0.0451812667255,0.411493079058
0.511336019019,0.285846710264,0.146867196284,0.0559500744331
0.285721943998,0.298191348547,0.0502658241234,0.365820883331
0.170001405772,0.148869529396,0.41740591193,0.263723152901
0.344603409027,0.39694090213,0.126882637387,0.131573051456
0.341329020817,0.409238362756,0.133105314001,0.116327302425
0.116960049646,0.655710626858,0.0328078948801,0.194521428616
0.275726242722,0.0750996480897,0.456732473506,0.192441635683
0.215936444819,0.0383859896815,0.474414541626,0.271263023874
0.101086490933,0.221243342012,0.442386466802,0.235283700253
0.137455793066,0.0922305976565,0.206815707471,0.563497901807
0.136309904342,0.449547657371,0.00357810658576,0.410564331702
0.273551843891,0.334284715471,0.291627585932,0.100535854706
0.341475348956,0.467308778372,0.115203818631,0.0760120540417
0.348085431274,0.197257000364,0.0809533144942,0.373704253868
0.623936777278,0.287904190377,0.0745832915756,0.0135757407694
0.00817288351304,0.261725450568,0.395570323063,0.334531342856
0.185422744838,0.128881172872,0.301541841206,0.384154241084
0.20867769238,0.307373215237,0.0703930891275,0.413556003256
0.278177644924,0.0586107465965,0.490367163228,0.172844445251
0.161314060462,0.0565623645612,0.346336745687,0.43578682929
0.200928231412,0.294597939541,0.0892186808926,0.415255148154
0.0139047580645,0.199224247908,0.676850556253,0.110020437775
0.344798713641,0.338623939802,0.0625383752525,0.254038971305
0.0419728084599,0.200536461182,0.54122680632,0.216263924038
0.0703187987142,0.150090919471,0.501194577237,0.278395704578
0.147182755295,0.266230398324,0.292578040608,0.294008805773
0.370152552505,0.281645898724,0.118363995733,0.229837553038
0.236198364279,0.300467077794,0.289856913228,0.173477644698
0.208507836469,0.420265614411,0.15089196636,0.220334582761
0.298886671663,0.131771798032,0.288632367477,0.280709162827
0.35603463558,0.131414142439,0.434251584431,0.0782996375498
0.305276679778,0.011198737004,0.36037315905,0.323151424168
0.108577194794,0.110886434732,0.441206951823,0.339329418651
0.142435766848,0.0521978394539,0.398287720915,0.407078672783
0.333533206943,0.332536411772,0.106288255744,0.227642125541
0.353981685667,0.0238144623883,0.308198706826,0.314005145119
0.519769467433,0.285712947306,0.0892611002601,0.105256485
0.00415794669658,0.630163408414,0.0879666087486,0.27771203614
0.344973157686,0.198187579289,0.186670510123,0.270168752901
0.110776770644,0.258954253149,0.234442563342,0.395826412866
0.267516688795,0.258416511536,0.294572910351,0.179493889317
0.0678422421153,0.651487003211,0.186086035555,0.0945847191187
0.135188069333,0.420309339631,0.388777217749,0.0557253732872
0.210049411935,0.313322624362,0.324830728964,0.15179723474
0.171163652794,0.387106316271,0.425254859043,0.0164751718917
0.351632321147,0.124750415682,0.272094000456,0.251523262715
0.25874630119,0.0399484948028,0.326329468524,0.374975735484
0.181919350714,0.192690101344,0.0897529496531,0.535637598289
0.208673284002,0.36177802601,0.0385386655162,0.391010024472
0.143887072457,0.303353476714,0.546870325298,0.00588912553014
0.00524661126376,0.415455486779,0.508366137758,0.0709317641993
0.308365676493,0.292589753698,0.301096401691,0.0979481681183
0.185734219644,0.573637023089,0.17680987983,0.0638188774372
0.217328745731,0.249420386258,0.274539265048,0.258711602963
0.322337610788,0.0873571964439,0.000167873679332,0.590137319089
0.254224705325,0.260438258077,0.147045203633,0.338291832965
0.143782402434,0.439521197572,0.22632773546,0.190368664534
0.102156021999,0.0295139832713,0.246392282288,0.621937712441
0.401839547409,0.338918820034,0.071358974876,0.187882657681
0.13452461254,0.259783129211,0.329625572641,0.276066685608
0.2658619273,0.219032427366,0.204641456573,0.310464188761
0.176586196467,0.0278663940292,0.346925405052,0.448622004451
0.330421714245,0.33615171633,0.18814183636,0.145284733065
0.273305238513,0.315686637453,0.149134506679,0.261873617355
0.524848158246,0.100745848168,0.333880895987,0.0405250975991
0.188820805644,0.354689524236,0.114937042551,0.341552627569
0.463606132201,0.216955691791,0.13285948631,0.186578689698
0.0890371818024,0.288801687478,0.508460315472,0.113700815247
0.459126385731,0.229090277336,0.0913427338522,0.22044060308
0.158827700163,0.159579260666,0.505695361103,0.175897678068
0.0298986476444,0.0489639727103,0.233611795851,0.687525583794
0.11833553743,0.235845001261,0.240903765205,0.404915696104
0.121383017671,0.38243790856,0.396004111145,0.100174962625
0.411749431413,0.326633846781,0.180612656959,0.0810040648475
0.303179044715,0.146168477421,0.333150661446,0.217501816418
0.199501353094,0.202534899576,0.566733221704,0.0312305256254
0.348475481077,0.183548965052,0.266294417032,0.201681136839
0.287824122151,0.339149116011,0.0489556647399,0.324071097098
0.450212611228,0.164846006308,0.240277743505,0.144663638959
0.231892517571,0.520231410983,0.237273357188,0.0106027142576
0.301409949581,0.211435569825,0.232748062077,0.254406418517
0.0633208299733,0.371830321896,0.283816114916,0.281032733214
0.0277054127042,0.473727403607,0.393526881117,0.105040302572
0.323075539679,0.102320036122,0.298285466553,0.276318957646
0.160992622663,0.309754379788,0.393720353948,0.135532643601
0.024405014328,0.331267155048,0.27302967062,0.371298160004
0.362280620879,0.407818871335,0.0640263881102,0.165874119677
0.146677828956,0.0962697550878,0.381566866881,0.375485549076
0.0574754014415,0.0321752375642,0.292282885874,0.61806647512
0.0254272107801,0.134466398482,0.468433205132,0.371673185606
0.30286871638,0.14959000431,0.389015708544,0.158525570766
0.235612971706,0.211709915021,0.346082793741,0.206594319533
0.143412115065,0.25978975543,0.252401952153,0.344396177351
0.0336519137641,0.360422252881,0.294807431255,0.3111184021
0.265063883709,0.242668649519,0.197912495339,0.294354971434
0.313953393,0.226485366938,0.416328701202,0.0432325388598
0.106518052707,0.489466427325,0.209272644389,0.19474287558
0.219306757154,0.185749564769,0.137514871823,0.457428806254
0.307814781472,0.390039450109,0.211674633108,0.090471135312
0.397185899768,0.283571335896,0.0166177143307,0.302625050005
0.541945986003,0.128577265677,0.304219211915,0.0252575364056
0.247253690685,0.275650090525,0.300781969129,0.17631424966
0.2591777551,0.36620684337,0.0608168753754,0.313798526155
0.540336892447,0.110439119809,0.113918184716,0.235305803028
0.231782411126,0.19700786999,0.0492274061027,0.521982312781
0.280442308891,0.2996042982,0.173105498124,0.246847894785
0.145492201681,0.756002519391,0.0136637679939,0.0848415109342
0.382045055616,0.366327205807,0.215077257454,0.0365504811222
0.23888477327,0.318221159957,0.34085142246,0.102042644314
0.139765519572,0.463996894692,0.0864100020485,0.309827583687
0.365205792806,0.497212654688,0.113569489579,0.0240120629264
0.512736241463,0.251042587768,0.145354716344,0.0908664544252
0.33535701842,0.0622644008502,0.410448719849,0.191929860881
0.279380988854,0.247907243364,0.355157137279,0.117554630503
0.0737813700377,0.499735322968,0.317396925535,0.109086381459
0.0260143883219,0.208789807398,0.381312391706,0.383883412574
0.258220100828,0.000664684780486,0.33045385254,0.410661361851
0.155883246448,0.0917710295364,0.443667488564,0.308678235452
0.291656926417,0.212611678419,0.163487734785,0.332243660379
0.186153145774,0.394055110969,0.299004007836,0.120787735421
0.0240259125774,0.397327296461,0.233715169149,0.344931621813
0.0869761785768,0.160101099542,0.282299558457,0.470623163424
0.300328034235,0.164480935385,0.385705910063,0.149485120317
0.0842615406541,0.00155685602577,0.523569722689,0.390611880631
0.0501765367222,0.321223729299,0.338099233705,0.290500500274
0.289606215581,0.328596321111,0.204642228599,0.177155234709
0.21981243573,0.274958226539,0.271169071834,0.234060265897
0.507919130839,0.391585070027,0.0272460437668,0.0732497553674
0.0754931233757,0.35910590572,0.302274852772,0.263126118133
0.3177095857,0.395133532091,0.0767813354758,0.210375546733
0.428822371396,0.192552672993,0.191775247245,0.186849708367
0.459795006428,0.0954772346467,0.220324407952,0.224403350974
0.128605023713,0.346870262019,0.43472787486,0.0897968394068
0.254883188467,0.225130982988,0.307965854852,0.212019973693
0.147410463569,0.349156438459,0.10819967527,0.395233422702
0.368156138687,0.06259342065,0.174332045128,0.394918395535
0.229831026672,0.394375932824,0.33398104201,0.0418119984935
0.136731904349,0.316329196017,0.244271536321,0.302667363313
0.23137780706,0.326563954834,0.222124412359,0.219933825748
0.395332960976,0.0533995704656,0.0874688122189,0.46379865634
0.233433732053,0.0371489611461,0.578711392425,0.150705914375
0.249900882826,0.213337550989,0.268743227817,0.268018338368
0.220175675194,0.213195605213,0.248336793479,0.318291926113
0.20702350944,0.259175202528,0.368992079407,0.164809208626
0.257498775489,0.100698672324,0.336838778225,0.304963773963
0.653802891514,0.0374031861954,0.250869087616,0.0579248346745
0.0117176638999,0.198197627302,0.31872805041,0.471356658389
0.303733928244,0.328553080786,0.11460494383,0.253108047139
0.234578381773,0.100796007081,0.46989938917,0.194726221976
0.314029273958,0.118324988362,0.261132743594,0.306512994086
0.335443811489,0.0341785431174,0.466413810363,0.16396383503
0.500921965433,0.00787194408141,0.234194699078,0.257011391408
0.356389990948,0.281635588094,0.227940285386,0.134034135572
0.110257300597,0.254502916356,0.508692707636,0.126547075411
0.317758352799,0.14880922012,0.29871172624,0.234720700841
0.031925570601,0.112541811005,0.105351288226,0.750181330168
0.296552526982,0.23931395558,0.281900647733,0.182232869705
0.208526512229,0.148463712676,0.454214885792,0.188794889302
0.169909474917,0.242231903239,0.128579345356,0.459279276487
0.146698859376,0.231565559638,0.554411198706,0.0673243822798
0.0719903490304,0.721159822881,0.108667474943,0.098182353146
0.425575205315,0.304327115587,0.130494201375,0.139603477722
0.375050377757,0.00364744862042,0.159717352046,0.461584821577
0.178292814383,0.683507634541,0.0734311127098,0.0647684383657
0.180082460569,0.196340257153,0.338349235022,0.285228047256
0.232912944895,0.387844058667,0.308938543549,0.0703044528879
0.312234815993,0.0220479590269,0.382959995296,0.282757229684
0.00408893900586,0.139845048907,0.440930064893,0.415135947194
0.242649612392,0.384623378197,0.269828091085,0.102898918326
0.050093358283,0.478277052403,0.0782113809068,0.393418208407
0.512172654542,0.425246295823,0.0243503818498,0.0382306677856
0.516655282846,0.104793697218,0.357178507773,0.0213725121624
0.336806250235,0.0447964746793,0.398607496841,0.219789778244
0.131557889054,0.112083050351,0.206425278093,0.549933782502
0.207444242757,0.113719259038,0.229398754002,0.449437744204
0.35894784298,0.272017295499,0.258723784068,0.110311077453
0.334284746678,0.194861989483,0.38939728014,0.081455983699
0.100505914862,0.373261184137,0.181829730921,0.34440317008
0.0690159190356,0.347595599707,0.248534255616,0.334854225642
0.23988488029,0.155082274898,0.334789687285,0.270243157527
0.25673489615,0.0225721766552,0.342803698679,0.377889228516
0.00515979760444,0.243195832931,0.332259647932,0.419384721533
0.129886057819,0.227970923642,0.341113106453,0.301029912086
0.228394468209,0.0681372935355,0.482147781222,0.221320457033
0.033450583449,0.193717410394,0.336825733527,0.436006272629
0.369930276439,0.40325567522,0.0358261898628,0.190987858478
0.10291628227,0.327747109338,0.398870899123,0.170465709269
0.472208839308,0.30362342618,0.14341900062,0.0807487338926
0.0942458859551,0.312761691759,0.29107144163,0.301920980656
0.299670526522,0.100372339478,0.240438822834,0.359518311165
0.465746069808,0.377980989904,0.155774723745,0.000498216543116
0.133724687135,0.349617764804,0.287821415807,0.228836132254
0.212509982871,0.111192545284,0.490441206399,0.185856265446
0.259233124049,0.234943837509,0.286368144095,0.219454894347
0.322162471293,0.0497151036673,0.294350567077,0.333771857963