0.161087622387,0.426215531298,0.100615822257,0.312081024058
0.0540451389427,0.245605784433,0.31553717568,0.384811900944
0.285583077019,0.220965481624,0.297114608285,0.196336833071
0.105883816638,0.308130483794,0.373351125038,0.21263457453
0.259493393301,0.262437184035,0.315305503671,0.162763918993
0.211910701042,0.498509816861,0.0888374384358,0.200742043662
0.470694280809,0.245642273247,0.050489863651,0.233173582293
0.358341598355,0.275217321058,0.280244037894,0.0861970426932
0.195772580433,0.410909769317,0.271117956869,0.122199693381
0.0944723857058,0.230914553493,0.201863732535,0.472749328266
0.351583759718,0.317701927353,0.0827464494933,0.247967863436
0.0664980595696,0.281004525291,0.270373139691,0.382124275448
0.261980120564,0.463930214295,0.00456029117003,0.269529373971
0.288146080078,0.298298752347,0.148078312614,0.265476854962
0.315563696396,0.534780515689,0.129195807713,0.020459980202
0.342298754865,0.0834557159251,0.183916830462,0.390328698749
0.268301167172,0.304025313781,0.258299774896,0.169373744151
0.216591420937,0.407350651654,0.233142204207,0.142915723202
0.0040645853395,0.265612130642,0.315039864186,0.415283419832
0.0582550861736,0.373340617824,0.197299829068,0.371104466934
0.38074487119,0.099538374342,0.176046685496,0.343670068972
0.301027089333,0.293382299266,0.165648863759,0.239941747643
0.447363452207,0.260602986966,0.0898211595069,0.20221240132
0.0241419434742,0.397566985493,0.460002777151,0.118288293882
0.162805652692,0.414802099514,0.30558515652,0.116807091274
0.245814311359,0.186831939909,0.413161466107,0.154192282625
0.212235786938,0.410065448445,0.246399490599,0.131299274017
0.204159230801,0.130808313287,0.231493987302,0.43353846861
0.259999629261,0.0191342439858,0.710634047483,0.0102320792706
0.229474395671,0.208919107047,0.219968019795,0.341638477487
0.259807084138,0.0615076502951,0.283828175632,0.394857089935
0.192005165957,0.122389585221,0.321909008751,0.363696240071
0.23381645607,0.175731780619,0.0873695657068,0.503082197604
0.399741137731,0.229998160602,0.314434869593,0.0558258320746
0.152530321009,0.625271826507,0.0713014090255,0.150896443458
0.0902333016335,0.225806981628,0.345685995296,0.338273721443
0.225934414863,0.245240429282,0.330152590285,0.19867256557
0.361286165478,0.0982594294884,0.206501638607,0.333952766427
0.0021086442286,0.536167818542,0.414333419154,0.0473901180749
0.440052720459,0.133294854245,0.321393895157,0.105258530139
0.211930447053,0.586167887722,0.165510355342,0.0363913098831
0.11106683503,0.471102057319,0.156062319028,0.261768788622
0.00302508211925,0.0124405375674,0.405765442964,0.578768937349
0.371886451059,0.1202796483,0.357455988557,0.150377912084
0.035927541942,0.235280917068,0.286206385943,0.442585155047
0.305372445414,0.327654900762,0.292269653679,0.0747030001453
0.262398727302,0.282506536299,0.215688740769,0.23940599563
0.257073118522,0.301754807018,0.11991235647,0.321259717991
0.300867109198,0.176158317145,0.215493503202,0.307481070455
0.174291777172,0.177443900207,0.396435771917,0.251828550704
0.0730898780744,0.396834512031,0.473312656617,0.0567629532777
0.296734728256,0.315450584211,0.238081980064,0.14973270747
0.117630489528,0.278586387486,0.287586399862,0.316196723124
0.264416451948,0.253971825425,0.304817488242,0.176794234385
0.313226489441,0.311700250134,0.30660052327,0.0684727371544
0.276049406108,0.231543080566,0.315863462369,0.176544050958
0.314756374123,0.213420879214,0.163535478101,0.308287268562
0.0933737791114,0.0986489922232,0.518941659736,0.289035568929
0.470168556122,0.171292281329,0.335656157055,0.0228830054941
0.25051009253,0.286171311391,0.277006568611,0.186312027468
0.0623490162392,0.62208547183,0.16216908218,0.153396429751
0.418685072985,0.374494155022,0.122279828266,0.084540943727
0.284253279989,0.368701609604,0.174487007183,0.172558103224
0.0966055019634,0.322897450525,0.19590333487,0.384593712642
0.205133503737,0.362738029912,0.366218053919,0.065910412433
0.15739450682,0.462805494894,0.128107172201,0.251692826085
0.131537184388,0.211417737345,0.405917007121,0.251128071146
0.430946267598,0.0694880766521,0.0825099230232,0.417055732727
0.353655574335,0.334617831252,0.0983471272505,0.213379467163
0.482279837335,0.104848717801,0.0935036877402,0.319367757124
0.274309191966,0.251709477585,0.3219218299,0.152059500549
0.210677916145,0.591538205784,0.113083997551,0.0846998805192
0.136445524708,0.334812987275,0.115718595466,0.413022892551
0.286525040985,0.41491888824,0.265556787593,0.0329992831825
0.0725810198489,0.267091874001,0.517897643315,0.142429462835
0.292861770961,0.200601727401,0.364616694355,0.141919807283
0.000261578049742,0.17321772397,0.677352286536,0.149168411444
0.0738877604846,0.351892495346,0.355596435266,0.218623308904
0.274983105563,0.257281589639,0.306792414392,0.160942890407
0.0607028069904,0.28975024607,0.248277884607,0.401269062333
0.409370741318,0.0406882841391,0.532054721689,0.0178862528543
0.142413222176,0.150177129086,0.625287016011,0.0821226327266
0.372881654979,0.168047209893,0.277777605044,0.181293530084
0.469708357433,0.396820028269,0.0607209453245,0.0727506689732
0.116298978134,0.167050646989,0.373685772767,0.342964602111
0.186272541079,0.236166544766,0.291117404989,0.286443509167
0.0872112811766,0.166763157471,0.593597752626,0.152427808726
0.207437022739,0.382886764921,0.22287308142,0.18680313092
0.136761837686,0.152439008339,0.0507396305729,0.660059523402
0.0250172494216,0.0223237927136,0.176370998791,0.776287959074
0.117380167005,0.366071834824,0.277230509897,0.239317488274
0.310450162851,0.181559400686,0.489719874792,0.0182705616701
0.220303376147,0.349172282733,0.110828910948,0.319695430173
0.117001227022,0.285188534702,0.395055493469,0.202754744807
0.251212193424,0.352682839248,0.331578197467,0.0645267698616
0.0380382636003,0.32909598156,0.346528184201,0.286337570638
0.0890538677705,0.0620772421993,0.503949295706,0.344919594324
0.0633396468829,0.475637448875,0.138510648758,0.322512255484
0.182449034201,0.33488563567,0.246897823454,0.235767506676
0.0996514158219,0.226250588806,0.388528396187,0.285569599185
0.0227084106628,0.287953602803,0.315107378407,0.374230608127
0.10941968639,0.298594150236,0.249288664191,0.342697499183
0.494093618149,0.315788573175,0.0337847397556,0.156333068921
0.37001696509,0.361828250491,0.183962629331,0.0841921550892
0.365218540274,0.425868345799,0.135467357697,0.0734457562305
0.322662314832,0.202271944359,0.233634990776,0.241430750032
0.228729522031,0.268590074157,0.290474507179,0.212205896632
0.193463515275,0.265930897519,0.474283892281,0.0663216949247
0.350362800271,0.17681154251,0.348598504606,0.124227152613
0.370285434419,0.123534241486,0.265877959741,0.240302364355
0.0364429888976,0.17576014465,0.0115288456411,0.776268020811
0.0777058622437,0.166909773823,0.516123625839,0.239260738094
0.418903967868,0.349325209901,0.0745484938785,0.157222328353
0.0790595894442,0.0465215212551,0.585054773957,0.289364115343
0.317898345029,0.28617278644,0.256168645688,0.139760222842
0.236562093384,0.247961211651,0.0816467822874,0.433829912677
0.145298203276,0.40252211558,0.18074004915,0.271439631994
0.460592025378,0.163320973031,0.366183341377,0.00990366021456
0.0328269929726,0.0999796844876,0.73059469431,0.13659862823
0.170802608768,0.356446470707,0.172711015467,0.300039905058
0.513844128362,0.149306335404,0.200315962006,0.136533574228
0.132169776966,0.199655204525,0.464304806716,0.203870211793
0.266655318403,0.231644727548,0.282989059521,0.218710894528
0.321058346916,0.0244323748011,0.0459504257813,0.608558852502
0.089151669406,0.321194487076,0.309237423899,0.280416419619
0.0126872995874,0.516112018351,0.444248188481,0.0269524935804
0.317704200323,0.0755482087888,0.0951985376119,0.511549053276
0.211793215051,0.240843328303,0.272116406645,0.275247050001
0.0221648811558,0.279384431886,0.65706181049,0.0413888764683
0.630064313962,0.261538299994,0.0525139678146,0.0558834182292
0.501187197505,0.0420965203068,0.00536495517831,0.45135132701
0.415166061159,0.278663815684,0.208749280445,0.0974208427124
0.626752974984,0.0923352682039,0.181334925445,0.0995768313679
0.212063223739,0.350305214604,0.236076478773,0.201555082884
0.284549759523,0.156905477977,0.3229809889,0.235563773599
0.108857362688,0.422649124977,0.342786729759,0.125706782576
0.429303071046,0.277231437444,0.282720987834,0.0107445036754
0.220507712771,0.305361784276,0.269057000916,0.205073502037
0.00588940683658,0.309239816008,0.411875553672,0.272995223484
0.0135334703569,0.472212207272,0.414339110491,0.0999152118799
0.345767051636,0.293963836632,0.214781247765,0.145487863966
0.00354278903626,0.135056134512,0.472902124681,0.388498951771
0.0620241497205,0.413126719001,0.484424359138,0.0404247721409
0.269267560837,0.120750217015,0.417142379945,0.192839842203
0.393050171431,0.377287487126,0.0573625868598,0.172299754583
0.236708437952,0.0455188242866,0.451404290876,0.266368446885
0.090772871477,0.202898426667,0.259520232241,0.446808469615
0.205218630297,0.268902708274,0.141551586193,0.384327075237
0.376962934214,0.0173534302683,0.471717376356,0.133966259162
0.148721993515,0.0922967257657,0.180474621997,0.578506658722
0.00861644025729,0.205192681757,0.667800941274,0.118389936711
0.372101107507,0.100923080475,0.0212243227608,0.505751489258
0.164259769835,0.120831457075,0.395964051793,0.318944721297
0.349605250206,0.26155726794,0.344358962078,0.0444785197748
0.328202846819,0.0504832364854,0.289147698015,0.33216621868
0.20433720649,0.362443287317,0.354077590436,0.0791419157573
0.303419314464,0.335067430157,0.0300450407053,0.331468214674
0.0265746458216,0.274435259706,0.312332276733,0.386657817739
0.156391005641,0.271670857285,0.264181189925,0.307756947148
0.270541584202,0.213522895059,0.36770735706,0.148228163679
0.16648868534,0.385568419834,0.268371521463,0.179571373363
0.4253686355,0.270717962708,0.124650584864,0.179262816927
0.214973125123,0.262676677153,0.447116713349,0.0752334843753
0.473136408092,0.118993706897,0.365256269416,0.0426136155961
0.0370219897556,0.136790283777,0.470387596277,0.35580013019
0.30548702933,0.253868440306,0.239538386915,0.201106143449
0.333003620811,0.26706839652,0.296249264981,0.103678717688
0.354834254538,0.129672923457,0.48277011415,0.0327227078543
0.281896969996,0.108988599403,0.338610864085,0.270503566516
0.0577800226452,0.373092906205,0.109565342074,0.459561729076
0.023014638105,0.56588835218,0.0135130534891,0.397583956226
0.076190267341,0.192066905681,0.3882769636,0.343465863379
0.240565439959,0.200040839573,0.466691631332,0.0927020891354
0.22804861719,0.309024000012,0.124188154833,0.338739227965
0.294107971965,0.205817295077,0.249139679303,0.250935053655
0.215047861138,0.391648494717,0.318351106028,0.0749525381164
0.11296786688,0.145987256157,0.0563660849441,0.684678792019
0.202368011342,0.176218563428,0.336841312702,0.284572112528
0.28453189385,0.624928053715,0.0711967969878,0.0193432554469
0.0597616280621,0.128543148625,0.416881379622,0.394813843691
0.193794612061,0.336106654623,0.179854644699,0.290244088617
0.319937869317,0.163452399311,0.254782949542,0.26182678183
0.259997160951,0.335671818148,0.239030947224,0.165300073677
0.198818120119,0.324796552396,0.100864294099,0.375521033385
0.261687033395,0.313150507272,0.235862707376,0.189299751957
0.504580195769,0.103623794225,0.371649665795,0.0201463442111
0.147881631638,0.160647082593,0.655040724773,0.0364305609962
0.299517158707,0.0817196346461,0.429238724453,0.189524482194
0.198989187544,0.280563792209,0.185929290526,0.334517729721
0.0119069971583,0.395561400455,0.360945393086,0.2315862093
0.296623456189,0.33485416268,0.0770972185631,0.291425162568
0.322953890786,0.343097331652,0.0914895070036,0.242459270558
0.076497665972,0.318801433833,0.280103289455,0.32459761074
0.522033544547,0.0466690616785,0.411347901261,0.0199494925135
0.194415274267,0.0689237272192,0.376377085166,0.360283913348
0.0137258171236,0.440767045551,0.509657153273,0.0358499840528
0.172067162886,0.199936406933,0.273443399333,0.354553030847
0.459159933066,0.293663268824,0.245764915349,0.00141188276165
0.0391874132688,0.138248016167,0.443976948965,0.3785876216
0.188097160134,0.324873733218,0.29545436751,0.191574739138