0.0843807686074,0.334123198118,0.259705100388,0.321790932887
0.101727143457,0.34291114813,0.0962504911256,0.459111217288
0.221525433746,0.028904395179,0.284772855521,0.464797315554
0.208701086306,0.135468893964,0.209612987586,0.446217032144
0.17017777724,0.557316020528,0.199202391404,0.0733038108283
0.321744398957,0.403821813252,0.258782990413,0.0156507973783
0.389298958561,0.0424639028337,0.35347336388,0.214763774725
0.523067036925,0.245990895729,0.0947081438341,0.136233923512
0.0100239758175,0.288808123346,0.208531455937,0.492636444899
0.207891331197,0.112535790512,0.38477842974,0.29479444855
0.337197643959,0.0740896280371,0.310499558833,0.278213169171
0.174011810244,0.0580181057072,0.348995047994,0.418975036055
0.149610156583,0.456173121308,0.0779501854488,0.316266536661
0.336086714779,0.326478675596,0.304141467023,0.033293142603
0.30471331308,0.357863638156,0.00325880894171,0.334164239822
0.504047425987,0.471263491669,0.0186274380957,0.00606164424837
0.31485830654,0.207090582131,0.297313680252,0.180737431077
0.351708055878,0.291945553483,0.263024084216,0.0933223064225
0.326316062283,0.0479365299964,0.156853195164,0.468894212556
0.365125714806,0.295854021357,0.15280502965,0.186215234187
0.21286141778,0.286439033265,0.442722369328,0.057977179628
0.265222779579,0.0749982585867,0.411785636148,0.247993325686
0.116328477411,0.48110696478,0.302108180081,0.100456377727
0.0611153199194,0.384788162817,0.518978835721,0.0351176815431
0.153706347573,0.349973679356,0.370877039969,0.125442933102
0.28714708539,0.186830368439,0.0811200572113,0.44490248896
0.150472015014,0.0666425617148,0.315404830909,0.467480592362
0.315303040407,0.126827134508,0.196772595148,0.361097229937
0.223451782221,0.135823261357,0.0589823313989,0.581742625023
0.466919402932,0.00740645846979,0.353734588024,0.171939550574
0.492589328088,0.206266265855,0.232147717837,0.06899668822
0.21186855444,0.193037940897,0.27461267551,0.320480829153
0.372524370488,0.170225898867,0.224733326784,0.232516403861
0.347509475625,0.301593550578,0.328654755382,0.0222422184152
0.255107773718,0.346345104063,0.355403885835,0.0431432363849
0.41944588541,0.223760938203,0.0682244512801,0.288568725108
0.31237980118,0.442798520216,0.216139793845,0.0286818847593
0.321998640235,0.216726394955,0.331468572639,0.129806392172
0.485991655668,0.153184571417,0.271142677855,0.0896810950605
0.380041749672,0.283144825857,0.182359912729,0.154453511742
0.14566266245,0.280602615986,0.251959451689,0.321775269875
0.218048574922,0.290257124514,0.251373469478,0.240320831086
0.168595627299,0.259130766026,0.150400678026,0.421872928649
0.30036163845,0.246788144173,0.202746355481,0.250103861896
0.0758871365274,0.42270320749,0.342248042415,0.159161613568
0.127008726723,0.171841278711,0.474960955473,0.226189039093
0.0765845668662,0.475338656821,0.432184058996,0.015892717317
0.184557346832,0.144522748896,0.446010557484,0.224909346789
0.32843687335,0.34258213939,0.263498650501,0.0654823367578
0.104906745661,0.379592632856,0.321399764616,0.194100856866
0.309670891117,0.39777009475,0.034858049493,0.25770096464
0.239317294119,0.262421440451,0.34075982417,0.15750144126
0.0631109883851,0.301641696351,0.334065064058,0.301182251207
0.265326042095,0.334352187381,0.352288632848,0.0480331376757
0.242190358367,0.376069302281,0.287220650584,0.0945196887685
0.19535363035,0.332875539849,0.325476932605,0.146293897196
0.360558503818,0.0592069442476,0.296942598702,0.283291953232
0.354135376687,0.0368583256223,0.359719603823,0.249286693868
0.425261426049,0.352947172975,0.132182706679,0.0896086942966
0.31742897026,0.118487079069,0.310381895451,0.25370205522
0.0216990205903,0.612840340708,0.144877800615,0.220582838087
0.331388537925,0.230496011232,0.355473850676,0.0826416001677
0.0416442811771,0.258128322328,0.365930662121,0.334296734374
0.308099010197,0.419295622436,0.198541940958,0.0740634264093
0.386422450355,0.189259932954,0.256528160924,0.167789455767
0.216340183547,0.151133399341,0.290384825199,0.342141591912
0.0071818836075,0.421562508303,0.0815412787897,0.4897143293
0.114259467414,0.168395363263,0.299384446118,0.417960723205
0.295692412601,0.251290690409,0.0918053869343,0.361211510056
0.243595702222,0.0622860261426,0.297722871249,0.396395400387
0.196446309816,0.268343104281,0.271655689704,0.263554896198
0.267647298869,0.27885205344,0.101643578028,0.351857069664
0.180061410132,0.265072719064,0.196044549903,0.358821320901
0.349756363742,0.180147526576,0.03417808308,0.435918026602
0.257475682648,0.179179781125,0.276079703272,0.287264832955
0.600091369805,0.0770516432228,0.0886174100531,0.234239576919
0.168919274698,0.0446724936638,0.317463259963,0.468944971675
0.169296072305,0.139193025632,0.349026121222,0.342484780842
0.69065429861,0.169566936007,0.115013362253,0.0247654031297
0.127654812786,0.210157069083,0.116668916486,0.545519201645
0.0477364618281,0.223298503276,0.139700167248,0.589264867648
0.402627659026,0.165222991343,0.173316856485,0.258832493146
0.0339495499899,0.228116663644,0.509315204288,0.228618582077
0.299947036328,0.212161724049,0.278900416599,0.208990823024
0.370337352165,0.151657900293,0.475972617781,0.00203212976068
0.239312333806,0.244179144352,0.416096713353,0.100411808489
0.161050553105,0.349885402325,0.149218646583,0.339845397987
0.135803530798,0.193875478853,0.356683893299,0.313637097049
0.428971558114,0.372505549806,0.0101686253785,0.188354266702
0.302231552433,0.316773711699,0.144722524856,0.236272211012
0.89967263437,0.0435037982066,0.0162395349561,0.0405840324673
0.197455501855,0.292357682486,0.307943656626,0.202243159034
0.331235503506,0.340601156954,0.322259852422,0.00590348711844
0.29531116798,0.357810006294,0.0918939690046,0.254984856722
0.0176247832985,0.422013554121,0.278557558616,0.281804103964
0.391693465535,0.289754867102,0.162957845732,0.155593821632
0.346400828878,0.0325988404547,0.212346165129,0.408654165539
0.568856584942,0.182169523953,0.145612280795,0.103361610311
0.00161918490291,0.391622516567,0.343571323936,0.263186974594
0.256045454686,0.0734580589438,0.146576978218,0.523919508152
0.313337125859,0.0468783405898,0.19833173958,0.441452793971
0.255473774896,0.0491903379367,0.377323565789,0.318012321378
0.178983364372,0.194793612283,0.0380792978376,0.588143725508
0.277858329614,0.444881043808,0.0479180538424,0.229342572735
0.154298370654,0.262206482063,0.275646403343,0.307848743939
0.295259627889,0.329413176275,0.325381222629,0.0499459732066
0.375245230579,0.373900452468,0.0757082439613,0.175146072991
0.244050479656,0.513621083193,0.0567103239172,0.185618113234
0.0766970192394,0.488779995883,0.295425191264,0.139097793614
0.100495890267,0.315995122365,0.399071425477,0.184437561891
0.0394009712452,0.503096267928,0.342689323572,0.114813437255
0.235686523509,0.532996112165,0.123910904951,0.107406459375
0.796784982735,0.0188043714559,0.0200301495176,0.164380496292
0.479057345824,0.0406760561238,0.232236300863,0.24803029719
0.268761255659,0.185184569154,0.241943156568,0.304111018619
0.235418424084,0.350202592464,0.243814311974,0.170564671479
0.345615843745,0.132104979899,0.357604510179,0.164674666177
0.353237920543,0.163989794317,0.062845137265,0.419927147875
0.0686564780377,0.129635414313,0.429945241694,0.371762865955
0.0504834738665,0.272667412647,0.422219984974,0.254629128512
0.0669312743516,0.320667642981,0.29899073555,0.313410347118
0.522408291548,0.162174659543,0.186997898883,0.128419150027
0.315074507897,0.137953673317,0.365283586351,0.181688232436
0.46600490647,0.109805688821,0.0729084797825,0.351280924927
0.388532329895,0.0165610291184,0.236806730437,0.35809991055
0.279422799903,0.516301857783,0.18905409474,0.0152212475745
0.124782473306,0.0415847243659,0.425781224545,0.407851577783
0.175450417164,0.0830630102557,0.405119738183,0.336366834397
0.526547600697,0.432842174975,0.0155445385443,0.0250656857837
0.142134993805,0.346555541928,0.148594036904,0.362715427364
0.353029139059,0.196978911296,0.124188462053,0.325803487592
0.449166711925,0.0246817305364,0.159706786669,0.36644477087
0.260601515916,0.119425985831,0.520880836979,0.0990916612736
0.172631495486,0.446514006927,0.27651676835,0.104337729237
0.313721202639,0.281879665725,0.287069570456,0.11732956118
0.0491486275226,0.0270319604389,0.512890573338,0.4109288387
0.428335545948,0.119753921007,0.282708064649,0.169202468396
0.0275592849246,0.279692378419,0.449810004847,0.242938331809
0.291179228467,0.184923630084,0.292776034437,0.231121107012
0.298206086236,0.0862960852022,0.570277537491,0.0452202910704
0.191097714021,0.0751090100093,0.253173999507,0.480619276462
0.138129835722,0.371374051409,0.1983723218,0.292123791068
0.254292287231,0.242100288776,0.204537298179,0.299070125815
0.374258474016,0.0388549194386,0.299026704099,0.287859902446
0.692455034757,0.0898634721767,0.141931376906,0.0757501161596
0.390041846335,0.320110651773,0.0890257806512,0.200821721241
0.197194150015,0.112509694379,0.303777730073,0.386518425532
0.252317992641,0.258338958525,0.131214510643,0.358128538192
0.0151446088419,0.134601004713,0.628080835164,0.222173551281
0.355160218479,0.0276887388098,0.341229175287,0.275921867424
0.570437178437,0.224618583743,0.0536181705953,0.151326067225
0.238953527185,0.304166175768,0.358872237269,0.0980080597779
0.125198288642,0.448272852629,0.309600267958,0.116928590771
0.200564569412,0.236405832136,0.263493701418,0.299535897034
0.180975461833,0.27806258377,0.40446692811,0.136495026287
0.431114347846,0.0640750820242,0.396232150774,0.108578419355
0.65296402401,0.0297464606767,0.0647089408673,0.252580574446
0.428770530972,0.0739642315252,0.254159769705,0.243105467798
0.186091290888,0.243699339979,0.263962553435,0.306246815697
0.124195077435,0.371959317345,0.162444675711,0.341400929508
0.272073336405,0.401022718067,0.317592798354,0.00931114717369
0.21731547653,0.226932138983,0.22516684563,0.330585538858
0.432916952674,0.0949743101376,0.449772518567,0.0223362186214
0.264386528784,0.0565004805135,0.420558743908,0.258554246794
0.282426375238,0.260971557773,0.0813768501329,0.375225216857
0.0956481189291,0.351117190866,0.260232804919,0.293001885286
0.266925873213,0.318167053049,0.20999822409,0.204908849647
0.0381752200568,0.31651992391,0.0528278878806,0.592476968153
0.280682345716,0.394003868212,0.11578621194,0.209527574131
0.443462828914,0.262117132984,0.23673564668,0.0576843914217
0.667075884643,0.188187407899,0.123198543352,0.0215381641055
0.116352970438,0.133269028807,0.187414067662,0.562963933093
0.153486253138,0.257425064426,0.13370523439,0.455383448046
0.317695358351,0.163959220503,0.29990890139,0.218436519756
0.336948401895,0.334916915254,0.153185609817,0.174949073034
0.375926824562,0.22533209319,0.148011499544,0.250729582704
0.374553159438,0.265716383678,0.237135116875,0.12259534001
0.224778944808,0.0851625822114,0.650823433424,0.0392350395575
0.0233975874245,0.176650246039,0.390877716264,0.409074450272
0.0534066521066,0.171787150332,0.240071090859,0.534735106702
0.297926837138,0.291969613491,0.370979399265,0.0391241501061
0.175962105666,0.0241851164504,0.542354469259,0.257498308624
0.151383574052,0.309187571701,0.303251794557,0.23617705969
0.194693099973,0.455622464982,0.151561404758,0.198123030287
0.306978126435,0.290647806131,0.125637093671,0.276736973763
0.356024615452,0.369898108811,0.0320586390806,0.242018636656
0.058217131031,0.478549078614,0.0498618562287,0.413371934127
0.271154598807,0.204311190604,0.236524421849,0.28800978874
0.0834797845499,0.088253249827,0.402572809982,0.425694155641
0.335666614091,0.268474271399,0.00376649399797,0.392092620512
0.273462228222,0.129270957036,0.298829992474,0.298436822268
0.516006397265,0.379825223162,0.0460699888188,0.0580983907544
0.330430886947,0.0604869548762,0.385089859956,0.223992298221
0.153573616267,0.320798209889,0.371993915041,0.153634258803
0.291192584587,0.141191915709,0.216175098352,0.351440401352
0.0469311042799,0.170356003068,0.294314253912,0.48839863874
0.178783013325,0.400270194395,0.21932977649,0.20161701579
0.086321375011,0.558563987207,0.140741560962,0.21437307682
0.0044835153905,0.448258378801,0.143601046507,0.403657059302
0.509391919999,0.123731138452,0.239741666994,0.127135274555