0.278487352807,0.380206561378,0.0444519753871,0.296854110427
0.39888285768,0.343578038029,0.167246218071,0.0902928862208
0.431367345946,0.160316884092,0.240418138164,0.167897631797
0.167462265882,0.240118561115,0.292686155739,0.299733017264
0.0722611603695,0.00885679424064,0.24019395477,0.67868809062
0.357684348565,0.215819093397,0.0513152322973,0.37518132574
0.28204960156,0.295296268188,0.170782032979,0.251872097273
0.0685498383361,0.346930611847,0.273611458323,0.310908091493
0.547068398956,0.205443059567,0.0862434268948,0.161245114581
0.346112982364,0.177155413671,0.0196389405821,0.457092663383
0.351376880593,0.163497469078,0.294242586434,0.190883063895
0.121481943545,0.306343921241,0.0618486914111,0.510325443803
0.265511207979,0.34561851486,0.243890174503,0.144980102657
0.291854694051,0.259686501735,0.264780825335,0.183677978879
0.272449550433,0.218498966763,0.139844241994,0.36920724081
0.20384346201,0.372989082354,0.111077981422,0.312089474214
0.302879597127,0.223050404246,0.20279751612,0.271272482506
0.305952663382,0.193725116956,0.243026151574,0.257296068088
0.273970780968,0.236154720585,0.150120978168,0.339753520279
0.251340481486,0.253003242454,0.211855991496,0.283800284564
0.281206261607,0.186713909679,0.266441182399,0.265638646316
0.328361134151,0.296978688569,0.245175085965,0.129485091315
0.34736757698,0.212822547556,0.345593847058,0.0942160284055
0.224183507546,0.0978464695086,0.315629063705,0.36234095924
0.0874505126918,0.201181583589,0.566571572992,0.144796330727
0.237143395554,0.209729552284,0.0798572115518,0.47326984061
0.197930239388,0.317001395986,0.170014377062,0.315053987565
0.0518588057451,0.358943746466,0.0528102200132,0.536387227776
0.175627070281,0.72094706768,0.0801284749417,0.0232973870968
0.248967986848,0.0397308380534,0.276544120966,0.434757054133
0.42063309697,0.280039021632,0.132470513825,0.166857367573
0.378790070996,0.0314330571369,0.0322586646763,0.557518207191
0.285061974998,0.0559280095873,0.275394649893,0.383615365522
0.279143809006,0.309174978816,0.323350079001,0.0883311331768
0.460697668924,0.196852388319,0.224468779207,0.11798116355
0.273031312373,0.279011418034,0.294274956642,0.153682312951
0.106375182597,0.476426360774,0.120505603936,0.296692852693
0.119051737222,0.305089035258,0.24805816653,0.32780106099
0.0580622847043,0.442184282795,0.150166382354,0.349587050147
0.222552238317,0.414219842376,0.229924993484,0.133302925824
0.214580269466,0.331192526339,0.399788487845,0.0544387163491
0.369108337533,0.118955623944,0.0671591896376,0.444776848885
0.119069248817,0.490064072304,0.269867216385,0.120999462494
0.0894753870915,0.216778909766,0.468740589548,0.225005113595
0.131344623903,0.219584096031,0.33692363089,0.312147649176
0.158588416035,0.269728794194,0.210264003064,0.361418786707
0.4572597932,0.019653118077,0.0364488190294,0.486638269694
0.00341513511904,0.415509867963,0.191307660806,0.389767336113
0.220155506458,0.328942308882,0.294824397569,0.15607778709
0.205513426524,0.274698713804,0.278689309041,0.24109855063
0.0937671985058,0.114494036071,0.301852821221,0.489885944202
0.423784122413,0.208593887479,0.104932822605,0.262689167503
0.326094297551,0.389588687487,0.272951091563,0.0113659233984
0.486975724974,0.265259244914,0.0906909640454,0.157074066066
0.126722114873,0.359178260502,0.254461189764,0.259638434862
0.332906298386,0.0211348995816,0.574700321957,0.0712584800757
0.0307927619302,0.493095133753,0.27008996722,0.206022137097
0.140297032003,0.473936755426,0.116268068802,0.269498143769
0.486835632716,0.0727470311133,0.0355431518888,0.404874184281
0.108478352715,0.335055849924,0.184586745735,0.371879051627
0.42635027212,0.275583793428,0.114656424227,0.183409510224
0.27218884871,0.291897128386,0.32930297188,0.106611051024
0.120391556197,0.463505275016,0.389509607485,0.0265935613015
0.295189190917,0.250014989189,0.398373835582,0.0564219843115
0.0905939229287,0.0131944189394,0.464425685678,0.431785972454
0.273945506727,0.362613297712,0.240606563536,0.122834632025
0.0629115270504,0.254925778683,0.316426665251,0.365736029016
0.0425188658195,0.0336482169995,0.299277444328,0.624555472853
0.297643883815,0.249611400894,0.236602242611,0.21614247268
0.244371749847,0.301104576527,0.0294939375676,0.425029736058
0.0146643096274,0.361931050009,0.174008756062,0.449395884302
0.111851008501,0.672221083291,0.0960248231448,0.119903085063
0.240502639907,0.297127806003,0.117740344889,0.344629209201
0.218004779231,0.320391369097,0.132552965558,0.329050886113
0.343695973001,0.42257037579,0.0462004587951,0.187533192414
0.056049774185,0.568418112387,0.204158805036,0.171373308393
0.196313283055,0.280981854311,0.274068274931,0.248636587704
0.635071037367,0.00523228330319,0.175338567405,0.184358111925
0.107328784169,0.47800248429,0.141529476167,0.273139255373
0.535863823248,0.135930660788,0.323804451347,0.0044010646164
0.36982046712,0.190866744192,0.288285354012,0.151027434676
0.0505792921917,0.125250478864,0.319174626058,0.504995602886
0.260375120669,0.125405441701,0.249652326745,0.364567110886
0.0911913112882,0.263724245258,0.493447899962,0.151636543492
0.0690439930702,0.159667365586,0.459701642531,0.311586998812
0.0912526294276,0.417392279732,0.0542382293053,0.437116861535
0.30705687853,0.242457240134,0.00805052709185,0.442435354244
0.0795582663072,5.06390796264e-05,0.529512037049,0.390879057564
0.142007116821,0.129552523366,0.440845512301,0.287594847512
0.258065373892,0.180725263048,0.278021231529,0.283188131531
0.190293763959,0.0311551475406,0.283258850833,0.495292237667
0.274195894002,0.0923581390011,0.266732822473,0.366713144523
0.191855071513,0.0160669399823,0.20025015197,0.591827836535
0.0469980240495,0.256558426168,0.313350517455,0.383093032328
0.28886396765,0.325067194428,0.115176979789,0.270891858133
0.0174220774574,0.547498348926,0.421919188052,0.0131603855646
0.346673820061,0.342560931688,0.160425235459,0.150340012792
0.291381611589,0.303806727301,0.186463363109,0.218348298
0.132186586968,0.327996625336,0.0132803925492,0.526536395147
0.241990445666,0.143085561591,0.128886524843,0.4860374679
0.170770798718,0.288078687925,0.326012550345,0.215137963012
0.0466816011112,0.336959678064,0.0146661017039,0.601692619121
0.0574543544921,0.325004210129,0.277558339271,0.339983096108
0.299050633757,0.220499293012,0.170274712553,0.310175360678
0.382978397497,0.106083949976,0.0883886223083,0.422549030219
0.0735988146083,0.580514781783,0.223857100025,0.122029303585
0.448029442263,0.401920450287,0.0214844970623,0.128565610387
0.0731105801969,0.192421579653,0.19136038587,0.54310745428
0.327835674861,0.347565143282,0.0872707378052,0.237328444051
0.0264787817232,0.704920692689,0.221422447408,0.0471780781801
0.575477408221,0.0444869675073,0.113036928182,0.266998696089
0.0301475019591,0.591053214421,0.279121119171,0.0996781644486
0.37322342852,0.121353783386,0.313378680119,0.192044107975
0.346092153549,0.272761598148,0.316938695207,0.064207553095
0.507696645399,0.233455073442,0.0408714924536,0.217976788705
0.310894924765,0.310221293466,0.343140675929,0.0357431058393
0.321715262298,0.139672302424,0.384764484101,0.153847951177
0.390969553711,0.13522333671,0.4181857598,0.055621349778
0.313811661255,0.202523790482,0.228298402641,0.255366145621
0.0816000167097,0.435154662033,0.10653853564,0.376706785617
0.464697069668,0.282737642115,0.0173020256096,0.235263262607
0.181329882149,0.332294520619,0.075891037281,0.410484559951
0.336857733381,0.159348147219,0.381100001956,0.122694117444
0.368131385149,0.108962515919,0.349267473254,0.173638625678
0.347437877024,0.244686371584,0.215062154593,0.192813596799
0.0798268752172,0.400760804621,0.395390515605,0.124021804556
0.359939351412,0.260193622431,0.117834667654,0.262032358503
0.128018528884,0.0222448694654,0.26460284561,0.58513375604
0.154918208698,0.248207114458,0.356788477095,0.240086199749
0.209391424852,0.463027124701,0.275983083324,0.0515983671226
0.160230800973,0.301137465953,0.224875226422,0.313756506651
0.0525861381547,0.295381000117,0.199423677018,0.452609184711
0.328875530509,0.0222309587226,0.362958094617,0.285935416151
0.300971324594,0.138426886983,0.223838561731,0.336763226692
0.188069548877,0.175978068217,0.574100979028,0.0618514038784
0.342322416051,0.106143793163,0.220182778633,0.331351012153
0.109617366319,0.277961237673,0.417372558989,0.195048837019
0.159332619065,0.378026014151,0.0774857381077,0.385155628676
0.169221463341,0.164831506444,0.322790521926,0.343156508289
0.233316857816,0.430493859369,0.294154952964,0.0420343298512
0.233638052678,0.348534602423,0.364167505865,0.0536598390339
0.183919049031,0.250896581354,0.31762989304,0.247554476575
0.121211984586,0.149808913113,0.573434984959,0.155544117343
0.414644606332,0.00414511877563,0.395064378703,0.186145896189
0.499188375603,0.379610808461,0.101541355179,0.0196594607567
0.0144575325428,0.231519467665,0.270911498153,0.483111501639
0.0590442062575,0.108643250388,0.493168326019,0.339144217336
0.280848978154,0.341852239132,0.122855875522,0.254442907192
0.275256335464,0.29550582217,0.246567090407,0.182670751959
0.400659888394,0.406120700176,0.121674248675,0.0715451627547
0.0252229510085,0.552332760616,0.190030966731,0.232413321644
0.289834817209,0.283044503896,0.101093071077,0.326027607818
0.349112679065,0.195195435442,0.274926101726,0.180765783767
0.424522523957,0.107630039994,0.193682454779,0.27416498127
0.359282467637,0.216139549528,0.219585419844,0.204992562991
0.455457084096,0.189642569303,0.15606544924,0.198834897361
0.471127219317,0.300019893992,0.114073298078,0.114779588614
0.123444097909,0.30486694463,0.187982134574,0.383706822888
0.340135754502,0.141100227327,0.341114076919,0.177649941252
0.323635442362,0.232088702047,0.403202599327,0.0410732562644
0.11544419923,0.361235377505,0.247905821965,0.2754146013
0.269005628528,0.0860251786644,0.435448571025,0.209520621782
0.190686868777,0.174096253283,0.292499431539,0.342717446401
0.177440011873,0.416547791278,0.214665922552,0.191346274297
0.220510287913,0.16943463692,0.230741141821,0.379313933346
0.0244877731504,0.845492343871,0.0443505987129,0.0856692842655
0.14035101769,0.305007019432,0.0960243141986,0.458617648679
0.24056342928,0.11325454245,0.279353887054,0.366828141216
0.344635876974,0.250686348395,0.399642385193,0.00503538943731
0.694898588489,0.0307373757837,0.0636868886013,0.210677147126
0.327226795956,0.342692068418,0.129795591493,0.200285544133
0.0978543151857,0.356785073513,0.0482840431311,0.497076568171
0.252136461545,0.00857842172424,0.362188127579,0.377096989151
0.438391604124,0.428966144726,0.0254479449376,0.107194306212
0.158437848201,0.319729694901,0.143935543887,0.377896913011
0.310768323624,0.104374692323,0.387584214766,0.197272769287
0.239017600478,0.299542932384,0.295356003889,0.166083463249
0.311174573008,0.0742641122843,0.231597263169,0.382964051538
0.293636721133,0.17303402395,0.210986226109,0.322343028808
0.346820011828,0.102387981716,0.236238962375,0.314553044081
0.368915794252,0.0721331454321,0.0503725039154,0.5085785564
0.397241921129,0.315267190285,0.19601043677,0.0914804518151
0.338788307641,0.336319593388,0.318203472867,0.00668862610514
0.427182429319,0.404375450779,0.0816894955075,0.0867526243945
0.297794442402,0.51428408938,0.0444034718234,0.143517996395
0.0258625973275,0.550633547335,0.18956516156,0.233938693778
0.429304504946,0.127196418884,0.390738026457,0.0527610497126
0.260916602074,0.0459298755471,0.447686790566,0.245466731813
0.182770111845,0.0426985629095,0.426246114783,0.348285210463
0.0177091466365,0.23343051344,0.150204208188,0.598656131735
0.347943600914,0.170094280949,0.282628980953,0.199333137185
0.361696885431,0.0724547575505,0.156312706563,0.409535650455
0.187459321284,0.33519382928,0.0948822443714,0.382464605064
0.0244150218215,0.275238206988,0.339081312907,0.361265458284
0.0757376811362,0.359498076197,0.537848917791,0.0269153248761
0.0183643801001,0.142911313024,0.545864458423,0.292859848453
0.29684536021,0.174448039351,0.389489252305,0.139217348133
0.14746347227,0.489222336548,0.138570033219,0.224744157964
0.122593523867,0.234040727514,0.287318117181,0.356047631438
0.266821283468,0.337205484058,0.242619596975,0.153353635499