0.300715387721,0.341252919842,0.0484036258074,0.309628066629
0.13713790869,0.0543902607326,0.574453458706,0.234018371872
0.165102109526,0.420722769938,0.335580376325,0.0785947442107
0.34168213534,0.191545478881,0.426894459122,0.0398779266576
0.176540918969,0.0731148949878,0.570136414441,0.180207771602
0.332212474824,0.196360893568,0.176162249493,0.295264382115
0.078008663465,0.0875445211383,0.423553226275,0.410893589122
0.358689500448,0.338144666081,0.187632706785,0.115533126686
0.261128134284,0.0887070383584,0.558850594311,0.0913142330468
0.463186064555,0.368738145634,0.157194570089,0.0108812197222
0.111856577568,0.685859892997,0.0358587629066,0.166424766528
0.394123815918,0.217096538201,0.0808970863739,0.307882559507
0.506167420758,0.406430312193,0.0207274996428,0.0666747674069
0.127546615802,0.320411368933,0.377588915992,0.174453099273
0.0238668781901,0.466741548166,0.110140782889,0.399250790755
0.739006732554,0.0120782578358,0.235431705333,0.0134833042773
0.196916428095,0.171394035988,0.204737012155,0.426952523762
0.00875726544259,0.573906863375,0.0728931091776,0.344442762004
0.082700540952,0.184501690667,0.529059119709,0.203738648672
0.136762602194,0.163515857622,0.343009806825,0.356711733359
0.297884210315,0.24415436039,0.229289672007,0.228671757288
0.143537245734,0.0765777868549,0.692605063149,0.0872799042623
0.355034147802,0.318294540139,0.0167838886651,0.309887423393
0.351234010329,0.216118597816,0.31333290898,0.119314482875
0.409980656731,0.158876954373,0.110192217814,0.320950171082
0.120641929651,0.0485837727678,0.210161549168,0.620612748413
0.172510805674,0.244401857949,0.251644815767,0.33144252061
0.139446523913,0.0149574055344,0.237402901749,0.608193168804
0.119721567687,0.362390891117,0.30504799028,0.212839550916
0.263991517197,0.235098127919,0.221693939643,0.27921641524
0.224291739054,0.390549742989,0.382061739699,0.0030967782586
0.337992169095,0.279381453402,0.325645308183,0.0569810693204
0.425992109284,0.108260809432,0.0447501423129,0.420996938971
0.173067133505,0.328477828295,0.35559261685,0.14286242135
0.216042298965,0.312267199627,0.106435976903,0.365254524505
0.260622550318,0.324795356221,0.261336094484,0.153245998978
0.265986900596,0.165791232973,0.333551882975,0.234669983455
0.219633716859,0.55863239391,0.166662897223,0.0550709920076
0.123544709736,0.0300896192513,0.567290784063,0.27907488695
0.435529734361,0.116497279231,0.0876986373726,0.360274349036
0.234975073797,0.335074534771,0.103184359447,0.326766031985
0.069682098493,0.449844407738,0.122047427095,0.358426066673
0.0948301206031,0.62864685917,0.0684537479569,0.20806927227
0.119039309866,0.29509307036,0.238100427763,0.34776719201
0.0340672899912,0.433007237042,0.053229847204,0.479695625763
0.00732474686034,0.422081154765,0.370098089886,0.200496008488
0.479385811788,0.241717625648,0.0880996586091,0.190796903955
0.428018886243,0.380813901257,0.176678858245,0.0144883542545
0.123201222335,0.367821627864,0.0868487465159,0.422128403285
0.302959922748,0.485572860284,0.00979136770404,0.201675849264
0.313240390898,0.405973577043,0.259244760037,0.0215412720217
0.190879021712,0.265291493141,0.253388322179,0.290441162968
0.317238593814,0.128091343338,0.247249763599,0.307420299249
0.374648829793,0.257093109549,0.0634963246042,0.304761736054
0.157047941818,0.42375043759,0.0751951735993,0.344006446994
0.0824432692003,0.259145305014,0.518251043618,0.140160382167
0.38716014559,0.0957686817095,0.26448100211,0.25259017059
0.0769844748841,0.328120032651,0.489893972205,0.10500152026
0.306831367519,0.0925268047562,0.319735295301,0.280906532424
0.179106423799,0.20355467468,0.306858188356,0.310480713166
0.179767862043,0.293704359217,0.133410741906,0.393117036834
0.284890656537,0.403974798812,0.17276047662,0.138374068031
0.0831975013276,0.505945968821,0.0544927966407,0.35636373321
0.273685112621,0.308601652463,0.307294489588,0.110418745329
0.521755117699,0.402365837311,0.0383815104848,0.0374975345049
0.0165204216598,0.497858290615,0.358990239246,0.12663104848
0.365670273764,0.478316690676,0.102358783797,0.0536542517633
0.218380348259,0.10108319637,0.324876346568,0.355660108804
0.674014244813,0.114847649314,0.125577214944,0.085560890928
0.0725411606077,0.459616485194,0.191634943999,0.276207410199
0.247084081683,0.266445025415,0.110504052077,0.375966840825
0.0882790777501,0.249867770167,0.406911162034,0.254941990048
0.0792228324541,0.124439649027,0.233031392681,0.563306125839
0.234657574956,0.118010920007,0.298169973191,0.349161531846
0.267797594839,0.0956448587583,0.232120727277,0.404436819125
0.316919728098,0.0875521057791,0.240046765109,0.355481401014
0.392643036226,0.500804946044,0.0483509817539,0.0582010359757
0.270328259412,0.396683611208,0.151465595873,0.181522533507
0.000739274284473,0.378680752103,0.261539034227,0.359040939386
0.117632738177,0.361462468639,0.285145682907,0.235759110277
0.0913793049438,0.171487703009,0.530070052601,0.207062939446
0.0426676128843,0.303670513127,0.285633298491,0.368028575497
0.470971766226,0.383609575909,0.052785066219,0.0926335916455
0.371777063724,0.298895375312,0.190367466409,0.138960094556
0.144190061041,0.441692568909,0.181007656806,0.233109713244
0.385259415016,0.0551950104163,0.439858309237,0.119687265331
0.355091310557,0.105102668353,0.234602374103,0.305203646987
0.0955579185035,0.318509334053,0.204577935183,0.38135481226
0.107803649922,0.292241552151,0.285122745127,0.3148320528
0.279930015217,0.208675995098,0.212605922728,0.298788066958
0.41109614121,0.423313603831,0.102058833301,0.063531421658
0.111136022862,0.30808725238,0.224342288915,0.356434435842
0.188321205086,0.348559232912,0.143955609706,0.319163952296
0.201749939706,0.24362840492,0.371907963658,0.182713691716
0.284934538629,0.37885113594,0.207814565209,0.128399760222
0.483960569871,0.0617206780661,0.119263741802,0.335055010261
0.284493530167,0.202103988991,0.300274513159,0.213127967684
0.0250614206998,0.476825253168,0.141597798285,0.356515527847
0.278223611141,0.20491454836,0.208737799268,0.308124041231
0.364682734868,0.166472091066,0.394622699369,0.0742224746969
0.0441122176383,0.359428514712,0.273389467306,0.323069800344
0.154584770912,0.270715067445,0.174924785733,0.399775375911
0.0995498724299,0.434762903475,0.240995298079,0.224691926016
0.0573535032111,0.157427366906,0.364121635941,0.421097493942
0.24875333643,0.293992992506,0.406091357642,0.0511623134218
0.0277985849319,0.0440063558949,0.348804003514,0.579391055659
0.267091568326,0.0673861457006,0.174133100592,0.491389185381
0.146963641325,0.00144606542539,0.35785163985,0.4937386534
0.183442174187,0.10093638489,0.36195201539,0.353669425534
0.0630639043671,0.464533308151,0.169772681651,0.302630105831
0.194435664112,0.317263609511,0.172894369755,0.315406356622
0.0557997819674,0.338224929031,0.0278058353511,0.578169453651
0.254000720568,0.480794082878,0.237789406644,0.0274157899095
0.217654365416,0.23373236541,0.330540081471,0.218073187704
0.112132170325,0.288023387245,0.104955436269,0.494889006161
0.285528277556,0.279911713777,0.326612749684,0.107947258983
0.292999007985,0.175762015118,0.236852097282,0.294386879615
0.420187306289,0.570559560161,0.00258580757649,0.00666732597288
0.393353658704,0.271087022926,0.318703644491,0.0168556738784
0.304480852998,0.380945382071,0.0387929047454,0.275780860185
0.0445694611412,0.363025308151,0.275074091941,0.317331138767
0.201487367991,0.205386173401,0.305047701817,0.28807875679
0.228555904232,0.20738498604,0.32866553049,0.235393579238
0.634334391132,0.107731021534,0.111757078109,0.146177509225
0.204679458273,0.207787544698,0.311855323131,0.275677673898
0.0243849981959,0.329961704894,0.453399444746,0.192253852165
0.147506592724,0.252256943042,0.338789445711,0.261447018523
0.321708771634,0.0621709168031,0.23113387249,0.384986439073
0.0893491241775,0.222027428775,0.146174588804,0.542448858243
0.159864287419,0.26963434538,0.0676401918161,0.502861175384
0.0450260833382,0.242071756015,0.443847754982,0.269054405665
0.220575126589,0.328368151726,0.171137689478,0.279919032207
0.458151801481,0.373718720057,0.138929349409,0.029200129053
0.386783772648,0.234165852092,0.185946816399,0.193103558861
0.483176928386,0.00106789550763,0.143598842868,0.372156333239
0.223252194434,0.416108853753,0.249316609749,0.111322342065
0.318187134096,0.225191016435,0.225330802396,0.231291047074
0.175157725024,0.202026747346,0.285748544395,0.337066983235
0.0135742941035,0.0988435483802,0.39143223469,0.496149922827
0.0155549169683,0.286044273369,0.0503536119254,0.648047197738
0.0784903774365,0.376794031213,0.224725642775,0.319989948576
0.252466775113,0.104725157701,0.312622156881,0.330185910305
0.369134294413,0.199336732079,0.0946310544337,0.336897919074
0.221064307372,0.0587718955842,0.288400411862,0.431763385181
0.00150323224839,0.188489559544,0.527632931078,0.282374277129
0.0136149040046,0.481153358639,0.388801607139,0.116430130217
0.19865995037,0.170020543264,0.13172471588,0.499594790486
0.0112486148596,0.249465078377,0.318092379603,0.42119392716
0.0860482391011,0.349088793857,0.362678669573,0.202184297469
0.106977050095,0.388510517312,0.358411547081,0.146100885511
0.0828359542816,0.234333566959,0.297624751752,0.385205727007
0.132356396374,0.156194514408,0.413781296221,0.297667792997
0.13500125531,0.142313070547,0.317565229626,0.405120444517
0.282870030557,0.326364670824,0.196410971813,0.194354326807
0.187973551448,0.162356334116,0.351900041961,0.297770072475
0.143380364221,0.382037990125,0.156067114605,0.318514531048
0.290716026459,0.168285983373,0.232560197959,0.308437792209
0.0103557307507,0.323174485264,0.376852801402,0.289616982583
0.112189981994,0.30875600935,0.177542232133,0.401511776524
0.00475633865573,0.54898681562,0.28957852619,0.156678319534
0.408067215125,0.312855147337,0.133223005339,0.145854632199
0.327118836,0.248110751417,0.0270344487675,0.397735963815
0.64038411069,0.0277566501375,0.0898096683127,0.242049570859
0.0869518455388,0.451736102746,0.404472020982,0.0568400307332
0.406585406805,0.03739110443,0.201447636473,0.354575852292
0.271914708344,0.199470674773,0.266529438263,0.262085178619
0.33931903527,0.178349130592,0.133363843046,0.348967991092
0.206071262552,0.248578742191,0.402805937817,0.14254405744
0.311930422058,0.181324681634,0.22715263949,0.279592256818
0.219676142323,0.399934694688,0.0903826468317,0.290006516158
0.111374179226,0.224033620765,0.128979969881,0.535612230129
0.398054571893,0.320519314629,0.195208118284,0.0862179951937
0.348692936137,0.14357361183,0.38264276357,0.125090688463
0.10732000003,0.317737777309,0.259187579691,0.31575464297
0.59123726942,0.224337028998,0.132694928485,0.0517307730967
0.415010321284,0.242843171796,0.0327081335582,0.309438373361
0.190933348208,0.280022533232,0.471733485615,0.0573106329455
0.0602954008502,0.370827255292,0.1039077822,0.464969561658
0.466841806623,0.0309798742125,0.139846515029,0.362331804136
0.273334785115,0.120877969018,0.416418833262,0.189368412606
0.054862717075,0.301459785888,0.38146167484,0.262215822197
0.0599051788902,0.241106850574,0.281398327526,0.41758964301
0.289447292998,0.324915018739,0.260183889827,0.125453798435
0.253194112914,0.166242466695,0.298770942305,0.281792478086
0.00812113165511,0.109948923276,0.289758663262,0.592171281807
0.675486122881,0.135090911724,0.0487725474367,0.140650417958
0.303026299413,0.0542762384032,0.329186372517,0.313511089667
0.20168480111,0.135267741915,0.242178185487,0.420869271487
0.320857338655,0.0706726661948,0.364625230835,0.243844764315
0.13083011746,0.437055293947,0.310296471848,0.121818116746
0.176316305306,0.183544576564,0.237782909314,0.402356208816
0.243614421868,0.184459663521,0.222550707717,0.349375206894
0.388206272632,0.199292142193,0.0549482962609,0.357553288915
0.279131496206,0.0506292351988,0.398579648554,0.271659620041
0.268878068246,0.351840530116,0.0227797947023,0.356501606935
0.434597953842,0.0806235341908,0.422296417777,0.0624820941908
0.148805132324,0.143309998688,0.427144083052,0.280740785935
0.307163682477,0.347431331788,0.317121378466,0.0282836072693
0.212099061155,0.212213562848,0.0994055374496,0.476281838547
0.123145598764,0.41431381685,0.0969190471497,0.365621537236