0.273681488902,0.132163423996,0.237183967795,0.356971119307
0.093223744612,0.542229783731,0.281923318875,0.0826231527824
0.202986277323,0.293633889761,0.24208148149,0.261298351425
0.129681489711,0.349407400861,0.387552729953,0.133358379475
0.181853523858,0.324771530004,0.136647933809,0.35672701233
0.185634786543,0.220231125231,0.415760360509,0.178373727717
0.247701706709,0.376953677173,0.13425503672,0.241089579399
0.188859497876,0.422535152166,0.0901544866085,0.298450863349
0.240050101668,0.147055491929,0.100882482441,0.512011923962
0.342346095663,0.195824891549,0.173593054336,0.288235958452
0.240170302661,0.295182295611,0.160616644492,0.304030757235
0.341183727932,0.425149947013,0.0175152442651,0.21615108079
0.251760425615,0.0701606390285,0.430026781493,0.248052153864
0.335375651395,0.240022992124,0.262084684324,0.162516672157
0.332673515312,0.275620067475,0.299263396557,0.0924430206558
0.0377198242698,0.401877886454,0.329174753752,0.231227535524
0.00310785055844,0.477093848078,0.41963358374,0.100164717624
0.157015516021,0.121754944247,0.300756403269,0.420473136463
0.2389466443,0.324743574516,0.220724943997,0.215584837187
0.136925384946,0.323653840391,0.319493474085,0.219927300578
0.0169209529257,0.00775464608714,0.0236230850044,0.951701315983
0.146616311552,0.0825257631582,0.65409770456,0.116760220729
0.101977325129,0.466672012105,0.0811579065768,0.350192756189
0.291149489931,0.191100671116,0.159451252386,0.358298586567
0.295968387441,0.329647993661,0.0753086604093,0.299074958489
0.328202280288,0.245980887872,0.276852530713,0.148964301127
0.367510178638,0.0376413360819,0.356258706085,0.238589779195
0.199918652299,0.559216639647,0.176827717499,0.0640369905549
0.309855251994,0.184607482798,0.254023326673,0.251513938534
0.315387099482,0.195287756194,0.247038910036,0.242286234288
0.20748431787,0.126975710552,0.359175961362,0.306364010216
0.160547962353,0.247685732615,0.430935254276,0.160831050757
0.241906470863,0.0736555470234,0.196812533218,0.487625448896
0.103229110963,0.119514104692,0.276791778696,0.500465005649
0.267170432296,0.299830165365,0.185774147048,0.247225255292
0.239866251879,0.344909851545,0.318350103301,0.0968737932755
0.283873870578,0.229097316567,0.0308349705956,0.456193842259
0.159514396518,0.279924020056,0.304957571812,0.255604011614
0.699235443766,0.168665212155,0.110559723388,0.0215396206902
0.349336832742,0.188989928763,0.372076174667,0.0895970638286
0.228592317556,0.247757877245,0.337544797546,0.186105007653
0.225257624549,0.328850611031,0.275947720509,0.169944043911
0.348499805726,0.160493328892,0.17881169544,0.312195169942
0.192579178683,0.339437186502,0.162386612199,0.305597022616
0.320551023822,0.194605434654,0.158725709328,0.326117832196
0.401167758168,0.0576728906018,0.27051594876,0.27064340247
0.461126991805,0.448697440018,0.0723636418118,0.0178119263656
0.0185353045976,0.406590626356,0.416291414974,0.158582654073
0.141576385115,0.228886777482,0.251629477152,0.377907360251
0.200646565198,0.292738377336,0.290157052978,0.216458004488
0.222504727952,0.303557384007,0.198752265382,0.275185622659
0.320135726757,0.113912858792,0.366884011111,0.19906740334
0.237080537404,0.222447681355,0.263562150817,0.276909630424
0.228178274385,0.164343194325,0.38208449355,0.22539403774
0.275830755095,0.276052437292,0.286855450027,0.161261357586
0.0852540633979,0.30026702451,0.138379950739,0.476098961353
0.437203885108,0.0544399001654,0.394711603373,0.113644611353
0.0298625164744,0.340558833613,0.366413498987,0.263165150926
0.209912179523,0.136591565963,0.362933950013,0.290562304502
0.324050200974,0.322437109313,0.0275221545285,0.325990535185
0.0683373222678,0.355312650531,0.355714286409,0.220635740792
0.387134349355,0.215583096522,0.144420950105,0.252861604017
0.344635155027,0.00754744544385,0.465246247646,0.182571151883
0.365159438719,0.370584971743,0.0304050814528,0.233850508085
0.268508772951,0.514148553146,0.142708996494,0.0746336774084
0.218266036398,0.0313276115939,0.35958197576,0.390824376249
0.331871467248,0.201728080744,0.267297928136,0.199102523872
0.265825105662,0.31292362512,0.305964737566,0.115286531652
0.289465089075,0.187251069183,0.0235945947542,0.499689246987
0.320842575389,0.108667380098,0.505343736428,0.065146308085
0.322676922511,0.286992226404,0.285117428613,0.105213422472
0.18575756733,0.178773405108,0.271948098269,0.363520929293
0.278287796072,0.272325305808,0.365765670245,0.0836212278748
0.264699652545,0.277836654419,0.112085004784,0.345378688253
0.223461854178,0.113293887687,0.360681407369,0.302562850767
0.178710468035,0.466754095951,0.167563989262,0.186971446752
0.235665453103,0.289263708061,0.423512613316,0.0515582255198
0.191579625743,0.181908199008,0.497311823095,0.129200352155
0.33508608265,0.239609779714,0.179843469557,0.245460668079
0.47012863139,0.263536585921,0.097739424925,0.168595357764
0.199932390829,0.382458831559,0.265842593592,0.151766184019
0.439276865924,0.40637683898,0.132478749462,0.0218675456343
0.207516892475,0.248236479087,0.216164682998,0.32808194544
0.12035390324,0.365889575027,0.321722579565,0.192033942168
0.260808538029,0.175943218528,0.240388938438,0.322859305005
0.329072787287,0.330800019112,0.320220949581,0.01990624402
0.544464819202,0.0627915997467,0.00805361779228,0.384689963258
0.0461252618391,0.318369245811,0.370887778354,0.264617713996
0.264733515623,0.281298317712,0.180554898466,0.273413268199
0.226816454836,0.508367823816,0.219920764992,0.0448949563561
0.250066869583,0.116561140524,0.476655190801,0.156716799092
0.350827823685,0.280356533877,0.193605979911,0.175209662528
0.0978095819828,0.240545372389,0.324426151129,0.337218894499
0.353271108812,0.55363513443,0.0216351375569,0.071458619202
0.0391463197516,0.367063902881,0.109358070269,0.484431707099
0.264357030588,0.171793470653,0.26874372525,0.295105773509
0.313762828891,0.268611115201,0.328586823684,0.0890392322235
0.108325163658,0.756822314185,0.0376925031123,0.0971600190449
0.173540211941,0.097585337858,0.132649335263,0.596225114938
0.00296704733733,0.350086564394,0.325233004448,0.32171338382
0.263966209406,0.377135326311,0.328309100837,0.0305893634461
0.45893704741,0.195016030373,0.279888821859,0.0661581003572
0.282546063379,0.279269057426,0.281996398152,0.156188481043
0.0666902725646,0.289203016044,0.461878175285,0.182228536107
0.0690325214722,0.388678824301,0.124225323379,0.418063330849
0.145450602865,0.349053287847,0.238211057172,0.267285052117
0.382025579825,0.156365813775,0.266834972347,0.194773634053
0.310360577965,0.32418867075,0.240075621132,0.125375130153
0.371314340505,0.131366575449,0.221292863251,0.276026220795
0.0937087657533,0.229242699455,0.18238558718,0.494662947612
0.286046976173,0.376056112182,0.214887445058,0.123009466587
0.169149712112,0.203022154899,0.194663312085,0.433164820905
0.241710877999,0.353205277425,0.351418628137,0.053665216439
0.100030543762,0.0454981882729,0.41374934406,0.440721923905
0.451270058216,0.0739339463623,0.318578813083,0.156217182338
0.297841710866,0.0576976430757,0.586619753413,0.0578408926447
0.388708772583,0.388727332534,0.0350351686453,0.187528726238
0.190832390825,0.367711027697,0.239890840106,0.201565741372
0.300225834475,0.326144965787,0.311874613204,0.061754586534
0.398626652363,0.0796791645304,0.269461900177,0.25223228293
0.265352882312,0.149364047966,0.249992609837,0.335290459885
0.315776673323,0.195612148356,0.235659299396,0.252951878925
0.125944586344,0.271297406788,0.241771705017,0.360986301851
0.369435797245,0.252710805835,0.131153259898,0.246700137021
0.162187814261,0.204552572031,0.353499379816,0.279760233892
0.310536672942,0.443900463582,0.0713236888951,0.174239174581
0.196963798798,0.227977573672,0.215175259557,0.359883367974
0.235074476619,0.26079298014,0.151899891933,0.352232651307
0.32630778561,0.350904000463,0.124691243624,0.198096970303
0.323585369318,0.0689263492798,0.394616307642,0.21287197376
0.333929004089,0.103417112023,0.191607978198,0.37104590569
0.289772024698,0.168420851029,0.314302352695,0.227504771578
0.490073315116,0.174172754809,0.102747711583,0.233006218492
0.178645231429,0.258565065725,0.138620472724,0.424169230121
0.336489502848,0.0129654669001,0.375989895188,0.274555135065
0.0857319226966,0.255753571543,0.215691803861,0.442822701899
0.483837752727,0.267211105779,0.072559278065,0.176391863429
0.353681030364,0.198821504357,0.302768752995,0.144728712285
0.208040252987,0.0560599151222,0.344171271393,0.391728560497
0.271513025844,0.237146923079,0.160982874667,0.33035717641
0.589672673794,0.256693962566,0.112255423985,0.0413779396555
0.0808123197451,0.0385790419511,0.293504984779,0.587103653525
0.241788306618,0.0696346948939,0.470003224878,0.21857377361
0.433003350226,0.411443587378,0.0496602843234,0.105892778073
0.0668908593431,0.400247115021,0.245544147373,0.287317878262
0.0682780464558,0.318539970963,0.422320946524,0.190861036057
0.0698693664716,0.0289313251458,0.388636286921,0.512563021461
0.329133297808,0.323130523209,0.00611970990697,0.341616469076
0.122050231877,0.377427971383,0.406806672418,0.0937151243222
0.24350539406,0.432970840016,0.307997276515,0.0155264894093
0.212096933695,0.230524344914,0.269674479364,0.287704242028
0.0271465176433,0.20565395584,0.203883847968,0.563315678549
0.352243874741,0.00159862590578,0.636492451868,0.00966504748558
0.389579092271,0.138439257668,0.467632546333,0.00434910372826
0.139188958043,0.382409647224,0.164885917823,0.313515476911
0.259393987511,0.323162223756,0.309172956495,0.108270832238
0.161797203182,0.346673120873,0.153192178843,0.338337497103
0.196960020849,0.120529913274,0.440547898211,0.241962167666
0.278208866325,0.104882377581,0.506458066049,0.110450690044
0.32745809037,0.244966481875,0.251805380426,0.175770047329
0.376812233989,0.190958361995,0.181797505494,0.250431898523
0.262606747844,0.173711939865,0.279994154232,0.283687158059
0.0778969829126,0.24483261109,0.467842086478,0.20942831952
0.110384980272,0.305694362408,0.259434607426,0.324486049894
0.22779484605,0.382076858571,0.138776575543,0.251351719835
0.17403137521,0.4422659774,0.341118448563,0.0425841988268
0.0566727094985,0.320714415569,0.29941352384,0.323199351093
0.409545387621,0.132533228424,0.072351436538,0.385569947417
0.0945293493909,0.260651730777,0.217627874786,0.427191045046
0.237258755465,0.35977058153,0.11792374492,0.285046918084
0.281663362855,0.0707301876629,0.284415030746,0.363191418737
0.425288048183,0.184381645735,0.0825300592319,0.307800246851
0.322186396893,0.0615230116861,0.226606646573,0.389683944847
0.376383243228,0.0458394822367,0.326357787445,0.25141948709
0.308025593675,0.238452941157,0.172859005251,0.280662459917
0.0788616590015,0.00924149341677,0.351809690337,0.560087157245
0.590885838763,0.235740670042,0.0335826060873,0.139790885108
0.240201861669,0.441171059849,0.222755947341,0.0958711311412
0.19728112115,0.324314790286,0.243994531036,0.234409557528
0.191425971695,0.433347691134,0.319917232372,0.0553091047986
0.274928333935,0.103228575276,0.273072124425,0.348770966364
0.304115690893,0.320155713626,0.262101789358,0.113626806122
0.0956917668092,0.217042742995,0.371448949795,0.3158165404
0.348333252184,0.19896772608,0.102670751945,0.350028269792
0.0315868971645,0.306464433713,0.476662627474,0.185286041648
0.118078687465,0.265511753614,0.33668058067,0.27972897825
0.183749439893,0.59571739982,0.00810307750686,0.21243008278
0.111490526714,0.0620708112178,0.460566363664,0.365872298405
0.428897399408,0.135659346802,0.209815535691,0.225627718099
0.331981811825,0.0886538300165,0.11371425928,0.465650098878
0.189671091211,0.220464855402,0.308951601608,0.280912451779
0.269184219527,0.348686540683,0.139622295084,0.242506944706
0.262539720235,0.17480881805,0.330207334052,0.232444127663
0.0469406347483,0.221473969908,0.38314374352,0.348441651824
0.569424990982,0.146475978418,0.217908337233,0.0661906933671
0.13018141898,0.329998639998,0.397653153028,0.142166787994
0.273283403043,0.375720861959,0.0906094916591,0.260386243338
0.258089334176,0.131070577832,0.302033057264,0.308807030728
0.173831521202,0.0676095771651,0.441765251857,0.316793649776
0.339727476563,0.286317477558,0.0752995471404,0.298655498739