0.0456056980656,0.411381142787,0.498182675025,0.0448304841233
0.298631949046,0.201287662314,0.222736147101,0.277344241539
0.358264615092,0.0242550217766,0.203461369979,0.414018993152
0.62841462116,0.336022460769,0.0252908432332,0.010272074838
0.108854894907,0.346691362041,0.280574537484,0.263879205568
0.0047043484848,0.343153675396,0.271210319627,0.380931656493
0.182518995476,0.376515622372,0.263233151643,0.177732230509
0.0994588670535,0.447471239878,0.0259942650934,0.427075627975
0.314476285161,0.195930976894,0.266270464196,0.22332227375
0.439194022751,0.0515830701797,0.157663230207,0.351559676862
0.286376624318,0.418643637996,0.0431857612295,0.251793976456
0.299182269761,0.126910368403,0.266101481296,0.30780588054
0.388544530175,0.0407609760224,0.365669748523,0.20502474528
0.337071419628,0.375122387115,0.219637119831,0.0681690734259
0.334898024435,0.0978080220478,0.182949367768,0.384344585749
0.0528822273817,0.379093477554,0.38150399381,0.186520301254
0.368602128071,0.0295326280855,0.134753192246,0.467112051597
0.336132584786,0.133082561446,0.150833981426,0.379950872342
0.163229140274,0.134330818338,0.342422781642,0.360017259746
0.390760863454,0.155575747482,0.235830716954,0.21783267211
0.0838938638785,0.4979555345,0.36731642225,0.0508341793716
0.231339976678,0.0108299631706,0.428203681381,0.32962637877
0.0262494473315,0.266088602151,0.380383827165,0.327278123353
0.563754948327,0.12865182368,0.103130251095,0.204462976898
0.439090215062,0.323239027561,0.00860296825874,0.229067789119
0.275826526046,0.272615705814,0.244170426817,0.207387341323
0.334816575025,0.232490356611,0.284523042604,0.14817002576
0.392621401351,0.014617672822,0.292649228084,0.300111697743
0.108258395992,0.414178421581,0.0542996155519,0.423263566875
0.273686059756,0.0441771955989,0.365688249853,0.316448494792
0.0825447481335,0.184993334547,0.137876109052,0.594585808267
0.0946835840025,0.406167562011,0.18343843968,0.315710414307
0.333714913644,0.262370741061,0.261134605263,0.142779740033
0.228471535283,0.332766544518,0.344881053933,0.0938808662665
0.357897453239,0.26564233658,0.261685265434,0.114774944746
0.282456551948,0.257895376628,0.275722055116,0.183926016309
0.403673541941,0.0336273648002,0.354801348853,0.207897744406
0.363309934219,0.0205133725146,0.247947344203,0.368229349063
0.317663756706,0.156621907883,0.219107358914,0.306606976497
0.277760810009,0.193084662652,0.23761032418,0.291544203158
0.157358767863,0.419343785933,0.292778194296,0.130519251908
0.467905723514,0.134762213058,0.1198971935,0.277434869927
0.375199919582,0.189698263148,0.384196173591,0.0509056436798
0.161982362365,0.297589099428,0.128858568124,0.411569970083
0.43344589916,0.240377664151,0.302699113569,0.0234773231189
0.232292878492,0.291708236472,0.200361646604,0.275637238432
0.282729036268,0.176625733553,0.37007501616,0.170570214019
0.389917826259,0.214688500253,0.0893477588419,0.306045914647
0.164511955583,0.429994553147,0.0571080456036,0.348385445666
0.396468653173,0.0929279788784,0.216252641668,0.294350726281
0.778962384747,0.0584437831474,0.00643834284844,0.156155489257
0.17745118752,0.294937686745,0.0136560578458,0.513955067889
0.0940567228346,0.286059929075,0.312298942179,0.307584405911
0.297427289565,0.361289882049,0.193064386421,0.148218441965
0.209192061692,0.0340133366585,0.584871128976,0.171923472674
0.184405862109,0.359744785748,0.110283227903,0.34556612424
0.465198365334,0.00178274685133,0.394677721008,0.138341166807
0.150342048686,0.12094704093,0.417588855523,0.311122054861
0.283496320663,0.315627870842,0.320648079013,0.0802277294818
0.365916133037,0.345502077095,0.285418436439,0.00316335342837
0.329912096586,0.230076824926,0.254217323983,0.185793754505
0.432245857669,0.298416802047,0.0905149313965,0.178822408888
0.158469569346,0.360194106819,0.108136112347,0.373200211489
0.145069122379,0.0718415076367,0.46359105706,0.319498312924
0.244595402714,0.317360845577,0.248494603429,0.189549148281
0.331892802116,0.252882422923,0.240586058779,0.174638716181
0.21068012198,0.300252216599,0.211587990051,0.277479671369
0.00312933449251,0.347900319427,0.381655895803,0.267314450277
0.0684663481764,0.357898628321,0.310578508957,0.263056514546
0.146800406716,0.275033333452,0.283652354784,0.294513905048
0.449289136177,0.152004388428,0.179640529003,0.219065946393
0.164013492013,0.122879308668,0.340530091184,0.372577108135
0.504041022607,0.0843423307684,0.271634007654,0.13998263897
0.0879485133376,0.424297589949,0.170176759867,0.317577136846
0.40420182284,0.122225162994,0.328223953432,0.145349060734
0.115141303525,0.299882330052,0.364706090661,0.220270275762
0.151292405238,0.173407883513,0.468740443332,0.206559267917
0.271284442673,0.351621429881,0.0836042009607,0.293489926485
0.279137880063,0.454124633135,0.15773660406,0.109000882742
0.241273081083,0.252310747522,0.160158374525,0.346257796871
0.186836045664,0.31861111014,0.0320070558714,0.462545788325
0.288934122582,0.229450588983,0.0112833474796,0.470331940955
0.195335200603,0.14987456353,0.402486715138,0.252303520729
0.108233181087,0.227367831531,0.349980601234,0.314418386148
0.370092915923,0.262349990693,0.239943554082,0.127613539302
0.364372443962,0.136465617776,0.395957526003,0.103204412259
0.357368202517,0.326084420379,0.174694944241,0.141852432863
0.256082683554,0.208409752497,0.474815257617,0.0606923063329
0.232979751032,0.353136118758,0.0905312040703,0.32335292614
0.361489831335,0.112994044725,0.272953308064,0.252562815876
0.220365564298,0.236183203466,0.186891044288,0.356560187948
0.458282727751,0.0835479368341,0.29673143118,0.161437904235
0.44630027913,0.469006407343,0.0158541714246,0.0688391421024
0.300852777173,0.110889424188,0.256072830221,0.332184968418
0.189600197232,0.342794855234,0.0168097385844,0.45079520895
0.51108968324,0.060024917447,0.368202181764,0.0606832175487
0.162863751071,0.277670202721,0.325535660407,0.233930385801
0.383942497179,0.249249237983,0.294296375191,0.0725118896466
0.281339097948,0.261971019009,0.230514731662,0.226175151382
0.43171903994,0.338032294955,0.159243597132,0.0710050679729
0.270583518619,0.170026391055,0.221635658179,0.337754432147
0.0531980503684,0.381555462713,0.230556729099,0.33468975782
0.00903385580092,0.139386523893,0.624720224333,0.226859395973
0.0436565179135,0.118877892186,0.485648039539,0.351817550361
0.393918238666,0.0910560816832,0.0603588945874,0.454666785063
0.448675396066,0.122845621572,0.424092576747,0.00438640561417
0.0750457991784,0.340615076179,0.272898590299,0.311440534344
0.256611459572,0.430495339288,0.220006551576,0.0928866495633
0.692349033087,0.244591799022,0.00360474634661,0.0594544215442
0.16331498434,0.246873888431,0.390067328662,0.199743798567
0.346233990343,0.300398178244,0.245196479069,0.108171352343
0.195541642908,0.286002421909,0.0375760345996,0.480879900583
0.285846642302,0.241808630392,0.398798654366,0.0735460729399
0.198456285498,0.140264375784,0.280968063107,0.38031127561
0.14893264737,0.288055568271,0.21376324884,0.349248535518
0.260196629248,0.191550339887,0.229754274088,0.318498756776
0.0542911812149,0.0786178870721,0.287859288007,0.579231643707
0.394381624706,0.499089422004,0.0126216755207,0.0939072777684
0.427734498903,0.00625202001276,0.326201864939,0.239811616145
0.0507147703364,0.324975294315,0.288496993301,0.335812942047
0.138867983972,0.201435707485,0.451575325803,0.208120982739
0.0974550793019,0.299177094827,0.154344671863,0.449023154009
0.178608413363,0.142705179425,0.375808081267,0.302878325945
0.217698357059,0.318647032021,0.0688042779802,0.39485033294
0.384591709942,0.320771494034,0.139294452961,0.155342343063
0.239293625301,0.244778466359,0.226684972664,0.289242935677
0.000799402967447,0.882249669284,0.0209658237815,0.095985103967
0.484596249259,0.289248263903,0.170596252357,0.0555592344813
0.419756557681,0.0317028057935,0.281328956009,0.267211680517
0.376875663308,0.0450030920252,0.384299559126,0.193821685541
0.26008661106,0.348133636697,0.250405747272,0.141374004971
0.276471429603,0.140932242263,0.0330299821083,0.549566346026
0.475734609473,0.0994714533592,0.0226994257152,0.402094511453
0.199656309507,0.399808276003,0.183606259613,0.216929154877
0.281242476509,0.349094536267,0.109707657763,0.259955329461
0.345669415875,0.269492212814,0.0454896750469,0.339348696264
0.336256145489,0.0814266252918,0.222425686842,0.359891542377
0.297151215084,0.189529892966,0.0601859317103,0.453132960241
0.242643202256,0.203351323372,0.341476673237,0.212528801135
0.325620673657,0.0456936296275,0.276735171511,0.351950525205
0.00295793316538,0.493215316063,0.196364662248,0.307462088523
0.40987998749,0.364449315358,0.201071594597,0.0245991025549
0.435906307764,0.160071437639,0.170491742734,0.233530511863
0.180601244024,0.229342830122,0.35697186192,0.233084063934
0.29557125162,0.324422505427,0.0441392420099,0.335867000943
0.27572578052,0.245891618424,0.230960488741,0.247422112315
0.135328159568,0.283222736211,0.22862331832,0.352825785902
0.146934448494,0.0598745239237,0.278595223524,0.514595804058
0.152781609167,0.415578918708,0.269952970899,0.161686501226
0.308118058197,0.266943086896,0.167703921539,0.257234933367
0.338227761264,0.357080190584,0.228350807574,0.0763412405776
0.320765396018,0.107124867125,0.297827051017,0.27428268584
0.184675336256,0.349933932957,0.320503275071,0.144887455716
0.46517248649,0.201992607179,0.0202411844261,0.312593721905
0.265740832604,0.31235043354,0.164910221226,0.25699851263
0.248213504945,0.118202497039,0.27123030591,0.362353692106
0.338320708752,0.171043260755,0.114822893,0.375813137493
0.389252489649,0.152499206177,0.446466948267,0.011781355907
0.0123012003129,0.565629823243,0.262470898683,0.159598077762
0.251208760169,0.314784031354,0.129842206912,0.304165001565
0.0251461590203,0.656345518523,0.1965007469,0.122007575557
0.374611862382,0.202122694484,0.0534583725704,0.369807070563
0.243101769338,0.00707264733137,0.379164594699,0.370660988632
0.204755914832,0.222744787105,0.356121647262,0.2163776508
0.128503724858,0.161035798689,0.662075186477,0.0483852899762
0.106121612465,0.409930763361,0.410763597903,0.0731840262699
0.00534971143238,0.42800308099,0.14614876975,0.420498437828
0.248319472213,0.188380156284,0.199326057878,0.363974313624
0.260897603212,0.00225837093415,0.425748042228,0.311095983626
0.662232999736,0.180181452262,0.129545084502,0.0280404634999
0.0928297842597,0.265499969528,0.369800868318,0.271869377894
0.174906019728,0.217968932225,0.111948695011,0.495176353036
0.00828185713947,0.540466521481,0.217094704408,0.234156916971
0.0792629181112,0.177076810208,0.49648114291,0.247179128771
0.183933607051,0.364452816147,0.163370980712,0.28824259609
0.437776637438,0.191320732086,0.161044941384,0.209857689092
0.289369473136,0.288785840907,0.162353561032,0.259491124925
0.0180134871376,0.393172603908,0.407238773284,0.18157513567
0.299290026452,0.335938012164,0.158630601097,0.206141360287
0.361563562948,0.00718313723417,0.532653655542,0.0985996442763
0.0455760172979,0.250155183095,0.231079574098,0.473189225509
0.225476571314,0.243228692096,0.144068823238,0.387225913352
0.335699123075,0.281841214693,0.148178827829,0.234280834403
0.147195783004,0.563051270904,0.205068489669,0.0846844564229
0.344083915922,0.192518525881,0.0944563344757,0.368941223721
0.178996229618,0.36078988192,0.208940290333,0.251273598129
0.315227828356,0.291933797708,0.2061335537,0.186704820236
0.442743823071,0.437580231649,0.0778413397184,0.0418346055617
0.1262999871,0.259733093501,0.447235579906,0.166731339493
0.27871325759,0.283952174422,0.328286115637,0.109048452352
0.142144658325,0.292414076367,0.271256224921,0.294185040387
0.155660887832,0.161339368199,0.346393047298,0.336606696671
0.306448672016,0.401039491084,0.146474475657,0.146037361243
0.13245085595,0.256577405783,0.589867611463,0.0211041268033
0.515487132122,0.0841510726877,0.3246755028,0.0756862923902
0.0678106680795,0.196209355551,0.340941983967,0.395037992402
0.219903389073,0.0155661094579,0.48666644404,0.27786405743
0.0109231698554,0.126652502114,0.298634783626,0.563789544405
0.177371240432,0.0434392293442,0.349059997816,0.430129532409
0.228357134355,0.0503471687808,0.384020259662,0.337275437202