0.397180549675,0.335768404491,0.0878040012681,0.179247044565
0.253493988787,0.210094344528,0.0624708065871,0.473940860098
0.223159202069,0.278314264711,0.0941642281806,0.404362305039
0.277053726259,0.176621430574,0.286293743866,0.2600310993
0.331691572678,0.139646016132,0.00399651041123,0.524665900779
0.264078312067,0.363701048926,0.340436827858,0.0317838111494
0.321384648745,0.350371469936,0.0969293982155,0.231314483104
0.00940900286878,0.505862516545,0.104888999636,0.379839480951
0.217518979805,0.15908636508,0.310482954441,0.312911700674
0.0837908563577,0.366159291312,0.152521399034,0.397528453297
0.170086413135,0.413617682443,0.370471455516,0.0458244489068
0.365877134596,0.174105401471,0.0941497238724,0.36586774006
0.44325940856,0.175876590688,0.271966490561,0.108897510191
0.0989763186078,0.424787932743,0.151406982959,0.32482876569
0.317719222288,0.20581677509,0.466451355679,0.0100126469432
0.306568061974,0.254023919673,0.0562090847587,0.383198933594
0.173387680844,0.0921636583818,0.319855612124,0.41459304865
0.367448929011,0.203932900328,0.158159855966,0.270458314695
0.210444290492,0.407617505124,0.0954612310851,0.286476973299
0.447206803503,0.280275918555,0.103058392946,0.169458884996
0.222898131314,0.360633890968,0.289714780906,0.126753196812
0.105433492476,0.319225078296,0.309578351226,0.265763078003
0.0906404981531,0.376013417283,0.275967183444,0.25737890112
0.312199229619,0.233844961981,0.0690820575,0.3848737509
0.0714874805013,0.563543041025,0.317713521614,0.047255956859
0.210803914077,0.252573438483,0.19274292043,0.34387972701
0.219470119052,0.368755708053,0.10719026622,0.304583906675
0.0902872615678,0.226070243038,0.540833073732,0.142809421662
0.282732101185,0.207670526153,0.198617260406,0.310980112256
0.0748412967159,0.296461744501,0.310731181201,0.317965777582
0.250278185706,0.228532407758,0.258195735932,0.262993670603
0.55477670104,0.0747160030625,0.00494311143414,0.365564184464
0.14133144537,0.192171025274,0.182562572051,0.483934957305
0.455358696353,0.239231789392,0.250112838905,0.0552966753505
0.236807077121,0.374107056591,0.105955114932,0.283130751356
0.4431637625,0.0246820494421,0.413337165083,0.118817022975
0.159816790526,0.35543521149,0.346151544726,0.138596453258
0.315554302227,0.104206719174,0.0208505077484,0.559388470851
0.194439346397,0.290796565281,0.48473694648,0.0300271418425
0.206415412574,0.251976657444,0.282979045335,0.258628884646
0.283468488686,0.388237591891,0.0480105932943,0.280283326129
0.269889707191,0.277160373649,0.184756519921,0.268193399238
0.217998956368,0.266298082254,0.245717586735,0.269985374644
0.690344441539,0.0410764348144,0.0343163359589,0.234262787688
0.163168416158,0.183576279626,0.241453392043,0.411801912173
0.16319391846,0.476365362281,0.0328061825116,0.327634536748
0.0939188700988,0.353577082223,0.282467465514,0.270036582164
0.377445255255,0.325454374481,0.0506711032114,0.246429267052
0.374358935707,0.120886126834,0.290880642857,0.213874294602
0.552826556608,0.179269378074,0.0720879826704,0.195816082647
0.299881129508,0.0516822586492,0.14761250375,0.500824108093
0.2667230052,0.378363107544,0.336654304381,0.0182595828761
0.422178768317,0.321366036284,0.0770569248663,0.179398270532
0.11432596857,0.374420426271,0.00794288204741,0.503310723111
0.228900318039,0.263629782583,0.336622731739,0.17084716764
0.264817975389,0.418762981259,0.151052671193,0.165366372159
0.325841643403,0.210032413375,0.186935347261,0.277190595961
0.0580645122594,0.285037745326,0.380514988379,0.276382754035
0.246036336969,0.207774404639,0.146760241772,0.399429016621
0.361818008162,0.226604078419,0.0777934465236,0.333784466896
0.282447597703,0.207624746744,0.263481840418,0.246445815135
0.300473152015,0.340186209469,0.264885544113,0.0944550944025
0.00454347433007,0.157573563063,0.545897158877,0.291985803731
0.095157965578,0.467033116539,0.197417590511,0.240391327373
0.130192275194,0.183532238761,0.331226703715,0.35504878233
0.39216260044,0.452918513032,0.0345016017476,0.120417284781
0.234672586766,0.0508737662723,0.0722334100183,0.642220236944
0.170279071069,0.224222347041,0.352317123249,0.253181458641
0.171218542253,0.0876189377941,0.289242509193,0.45192001076
0.349445661616,0.190489443352,0.277299620192,0.182765274841
0.516796989552,0.0267136329616,0.0291179293537,0.427371448133
0.213207313753,0.404424256343,0.00852300553626,0.373845424368
0.250397360314,0.150723147475,0.364868802943,0.234010689268
0.294129081242,0.205449003928,0.35352998368,0.14689193115
0.100695694395,0.478216230058,0.118498925036,0.302589150511
0.165539165495,0.294213241234,0.276201030211,0.264046563061
0.231997563123,0.289917791113,0.176893370509,0.301191275255
0.330232073705,0.193858108546,0.248412350074,0.227497467675
0.413532686438,0.150236028844,0.0954164260331,0.340814858685
0.0753893918397,0.471282318522,0.21928866778,0.234039621858
0.115374219278,0.23091328462,0.114606649009,0.539105847093
0.202914830237,0.363660556974,0.253552239882,0.179872372908
0.22001011509,0.268593808942,0.329361493876,0.182034582092
0.323806272694,0.215492420318,0.306072670575,0.154628636414
0.232801010531,0.193427506448,0.390154468019,0.183617015002
0.164336429234,0.148364594479,0.361120703886,0.326178272401
0.278052819656,0.285254615995,0.106944198627,0.329748365722
0.340405876205,0.171367487086,0.0774754611637,0.410751175546
0.135223574074,0.106300582555,0.715377002659,0.0430988407121
0.086678524854,0.232855905171,0.335666864758,0.344798705217
0.110481600305,0.454773947409,0.329666712392,0.105077739894
0.192685410087,0.18161791302,0.0695829874783,0.556113689415
0.178676925779,0.364115011615,0.171849234486,0.28535882812
0.187918751477,0.534087700939,0.248721851435,0.0292716961492
0.157117978204,0.240406699668,0.243520891735,0.358954430392
0.23594122395,0.110415332325,0.420289116115,0.23335432761
0.372834014777,0.201115201585,0.413502485711,0.0125482979279
0.039880665267,0.536888822743,0.283802961578,0.139427550412
0.08890453725,0.628373633372,0.245170319262,0.0375515101165
0.305525245844,0.326001561123,0.350991305926,0.0174818871069
0.131805881693,0.325640171588,0.358527294854,0.184026651865
0.157397335872,0.431203733729,0.0967574533319,0.314641477067
0.334818933021,0.271054358743,0.0400055967202,0.354121111515
0.0933949109958,0.130673829483,0.645234667603,0.130696591918
0.281648567338,0.179570493893,0.0606101080676,0.478170830702
0.107725999341,0.286930229926,0.482324516091,0.123019254643
0.321050271172,0.34135075462,0.0782662529245,0.259332721283
0.438310133433,0.0345529868556,0.0949648672141,0.432172012497
0.44538845457,0.40264580737,0.10236153222,0.0496042058403
0.162896545143,0.185232515302,0.315800781812,0.336070157742
0.477753336178,0.113026178295,0.377976339081,0.0312441464466
0.313974945131,0.287674692371,0.304891937768,0.09345842473
0.283602486451,0.110180713459,0.0968946478863,0.509322152204
0.424601428602,0.264364991632,0.212829151519,0.0982044282468
0.131082465854,0.346667964869,0.294768695673,0.227480873603
0.0729255280099,0.372596409823,0.424300733394,0.130177328773
0.356441010287,0.477683423227,0.0459820387308,0.119893527755
0.380077744614,0.15347874715,0.0242964864657,0.44214702177
0.0583681963087,0.452565252824,0.0548073712523,0.434259179615
0.396517467934,0.0113745512398,0.22139073797,0.370717242856
0.166355773634,0.235592242757,0.322278252529,0.27577373108
0.066264569574,0.0982092543644,0.417176109143,0.418350066918
0.19180391778,0.047586487526,0.416794883396,0.343814711298
0.272784269378,0.259962432174,0.134922173931,0.332331124518
0.150090269346,0.362742410381,0.277983973674,0.209183346598
0.0207710755579,0.438575715221,0.408595646716,0.132057562505
0.275197594098,0.497783081183,0.0813903396469,0.145628985072
0.105639274296,0.226645810007,0.601873212198,0.0658417034989
0.131020114383,0.0727311098273,0.360459023106,0.435789752684
0.333175558685,0.283112432482,0.0371474425077,0.346564566325
0.669462283334,0.0188996514142,0.139253738567,0.172384326685
0.217151224382,0.334331484281,0.015077824806,0.43343946653
0.167270662054,0.294539935802,0.376810291483,0.161379110661
0.235105376182,0.292483788696,0.243542451347,0.228868383775
0.320410339852,0.302383003995,0.133883581161,0.243323074992
0.207691325889,0.28673401818,0.0532929332005,0.452281722731
0.157363004771,0.226991391003,0.168119619698,0.447525984527
0.317147094281,0.097535737132,0.259267189028,0.326049979558
0.0117065724682,0.228745340386,0.358388884191,0.401159202955
0.295041802405,0.306541555519,0.256293681699,0.142122960378
0.269462128713,0.200973058662,0.311199904847,0.218364907778
0.419349344103,0.176363458961,0.148065689675,0.256221507261
0.0778097205868,0.0368141124277,0.0558403210343,0.829535845951
0.241608970462,0.17430471712,0.339124534752,0.244961777666
0.212842156617,0.240707801194,0.544437940794,0.00201210139461
0.365480167862,0.137484714407,0.137682137897,0.359352979835
0.0208794940057,0.319798182584,0.490229826917,0.169092496494
0.316907756045,0.45510609204,0.103188200457,0.124797951458
0.410077988816,0.173651970776,0.396896539322,0.0193735010856
0.467404671482,0.039445619498,0.0212776929845,0.471872016036
0.544238985124,0.0995117601985,0.298830855831,0.0574183988463
0.0697233881845,0.322915603937,0.209065837162,0.398295170717
0.318097768088,0.0821429174077,0.44497452607,0.154784788435
0.170065014603,0.273668901176,0.141457968525,0.414808115696
0.123950277658,0.412633027861,0.265264013019,0.198152681463
0.137316935498,0.0472663308525,0.58125814386,0.23415858979
0.178111224061,0.142525224479,0.174215518221,0.505148033239
0.0477271399783,0.247620879673,0.207562726511,0.497089253838
0.247282617148,0.29197845909,0.270198576164,0.190540347598
0.353628898937,0.133591020043,0.326123805208,0.186656275812
0.275640109949,0.0514949676632,0.171830023484,0.501034898904
0.120500630135,0.335769132312,0.32049594249,0.223234295063
0.154612998613,0.577995278136,0.000670351688316,0.266721371562
0.135599845028,0.183158874195,0.464690648741,0.216550632036
0.367491166239,0.281830907425,0.00889932042352,0.341778605912
0.540748218448,0.0861533917566,0.293307442404,0.0797909473917
0.376292440643,0.131773304078,0.365744888923,0.126189366357
0.308018096917,0.0950285762042,0.27331544482,0.323637882058
0.226350491893,0.336402778886,0.282230142169,0.155016587051
0.0930800842761,0.283880287654,0.344247388429,0.27879223964
0.299409001566,0.0364208180926,0.309569403423,0.354600776918
0.300702133614,0.259921489015,0.240071078136,0.199305299235
0.25619121768,0.185205642637,0.213101694167,0.345501445516
0.354402180268,0.202747782012,0.30249931131,0.140350726411
0.0760332499607,0.134714964478,0.376546487659,0.412705297902
0.204965695941,0.588078298456,0.160568905616,0.0463870999872
0.347631870227,0.237259127223,0.0698109159953,0.345298086554
0.249688761949,0.491044791781,0.195359006156,0.0639074401145
0.409280835841,0.194351484484,0.249415916402,0.146951763273
0.341727696828,0.295356255133,0.296574936357,0.0663411116822
0.469390261207,0.16537975223,0.182129577688,0.183100408875
0.228547163636,0.638523792632,0.0633778387747,0.0695512049577
0.350362696935,0.354539627195,0.152683918235,0.142413757636
0.0628145378475,0.531343330436,0.250648427912,0.155193703805
0.162747165773,0.394784614416,0.205512438681,0.23695578113
0.120395320333,0.272421769012,0.0177054442442,0.589477466411
0.011855152393,0.544358249374,0.0610023007102,0.382784297523
0.107470643142,0.501689826079,0.254680385443,0.136159145336
0.333536254904,0.116972272447,0.212744451456,0.336747021193
0.308663948501,0.217350690435,0.30674513005,0.167240231014
0.414528563078,0.100288754916,0.0114264606553,0.473756221351
0.557766673447,0.0228349243809,0.160320923491,0.259077478681
0.207498326854,0.270136451933,0.255725453385,0.266639767828
0.293652215471,0.104545895692,0.382782413638,0.2190194752
0.229220905203,0.22586807524,0.240920925777,0.30399009378
0.0802636043947,0.0873565812191,0.363203578453,0.469176235934
0.301837890215,0.161708579451,0.25960098646,0.276852543875
0.303784438313,0.389109277854,0.112112789791,0.194993494042
0.409999445767,0.0256955729624,0.54536001662,0.0189449646497
0.209624950864,0.150457015871,0.178407832684,0.461510200581