0.0106697827885,0.532816016204,0.241687562238,0.21482663877
0.265687090244,0.18293825444,0.237945656793,0.313428998523
0.448146990766,0.274210939012,0.0964195704037,0.181222499819
0.475573618285,0.0705156210367,0.370145793758,0.0837649669195
0.198793355502,0.126527209154,0.350107872067,0.324571563277
0.296498977366,0.16306459124,0.153485619387,0.386950812007
0.325162893609,0.0109598009527,0.541397561854,0.122479743584
0.181990341204,0.266847716151,0.372176172451,0.178985770194
0.353466006159,0.11210899259,0.190082263997,0.344342737253
0.0666965572859,0.13513063226,0.437416190413,0.360756620041
0.0658506656833,0.406817648786,0.143420421877,0.383911263653
0.401837256893,0.276108405857,0.107210895286,0.214843441965
0.421464378162,0.202565654034,0.245176859166,0.130793108638
0.0525428788551,0.323456008353,0.164552214096,0.459448898695
0.155588820422,0.356315324956,0.287593956691,0.200501897931
0.0598941175577,0.274044614966,0.330839041397,0.33522222608
0.32467390293,0.299090197837,0.336933261712,0.0393026375202
0.34847107696,0.492433395924,0.110072841582,0.0490226855342
0.263228656173,0.225190996417,0.142993508689,0.36858683872
0.47020445932,0.358984443093,0.120403571512,0.0504075260746
0.339401010246,0.161320888403,0.0710324361507,0.4282456652
0.44137402964,0.0659123600028,0.36312106633,0.129592544027
0.115464012358,0.269448104886,0.359151803385,0.255936079371
0.229223872645,0.224244212249,0.304536053417,0.241995861689
0.207842926673,0.0175349118633,0.160740515577,0.613881645886
0.0232484923637,0.490718216109,0.382348486966,0.103684804562
0.411775044716,0.216408151778,0.324801744588,0.0470150589184
0.329430757852,0.0462934041359,0.201877767246,0.422398070765
0.446810965415,0.182032632694,0.125904633114,0.245251768777
0.164997252532,0.415739795684,0.131463898157,0.287799053626
0.287107513106,0.2599138033,0.219795089584,0.23318359401
0.0799845040008,0.322207703735,0.492496764091,0.105311028173
0.554522062474,0.394922490394,0.0389152961632,0.0116401509684
0.433955442545,0.241955946387,0.0514929242548,0.272595686814
0.129840273089,0.0811249122236,0.0234493078778,0.76558550681
0.0335124437536,0.267491683325,0.204500977531,0.49449489539
0.301765511281,0.207092641309,0.29150816022,0.19963368719
0.133395634905,0.334526715851,0.181706216591,0.350371432653
0.00184321327035,0.429819588964,0.365842668582,0.202494529183
0.359066488349,0.0748105814428,0.22195349723,0.344169432978
0.371058789003,0.419583584518,0.184419101185,0.0249385252946
0.196647086191,0.293982180862,0.361876201274,0.147494531672
0.263995632012,0.283729556408,0.220861782652,0.231413028927
0.327056371264,0.013285586739,0.245521226364,0.414136815633
0.272303620569,0.119114012398,0.307543387706,0.301038979328
0.227383539862,0.0596353823854,0.466727438906,0.246253638847
0.324788488661,0.233494866732,0.0684920740286,0.373224570578
0.301304961862,0.0129887868024,0.0176172179382,0.668089033398
0.0821244489062,0.181586006213,0.330990420955,0.405299123926
0.0431963498624,0.456981928424,0.185965709596,0.313856012118
0.252082280614,0.292549685691,0.21526473999,0.240103293704
0.254425316567,0.103018274282,0.315418397273,0.327138011878
0.445483419169,0.100870336829,0.211320826996,0.242325417006
0.107604327542,0.443503975848,0.344241765684,0.104649930926
0.319077077207,0.448286859064,0.22589102499,0.00674503873847
0.170046172056,0.104486538634,0.326215809787,0.399251479523
0.231648232426,0.0651882744851,0.137640118433,0.565523374656
0.0055887345929,0.139984831794,0.474823574328,0.379602859285
0.333382728681,0.28461671747,0.29052378632,0.0914767675296
0.123293681383,0.333439711221,0.0499941624911,0.493272444905
0.04878391822,0.191566570434,0.620771554142,0.138877957204
0.215622924167,0.0733899597601,0.359730354602,0.351256761471
0.260958420193,0.334157933303,0.0526161799321,0.352267466572
0.286232047865,0.348122188719,0.196189032018,0.169456731399
0.101916192127,0.498780973669,0.161270157552,0.238032676652
0.227593215346,0.0928022342603,0.353986351956,0.325618198437
0.296622339103,0.279575394874,0.181027829445,0.242774436578
0.105518330129,0.398268642976,0.166496105781,0.329716921114
0.36042951453,0.0718060053307,0.249513117333,0.318251362806
0.444173649607,0.139651206343,0.0555055927511,0.360669551299
0.0929034601033,0.332666988301,0.110177996739,0.464251554856
0.267509877588,0.216637218416,0.250276807666,0.265576096331
0.0581822186007,0.292053643693,0.503734913451,0.146029224255
0.366711823894,0.532228044713,0.0971135529114,0.00394657848174
0.1858230861,0.451786904534,0.0445408046851,0.31784920468
0.529892764287,0.136413296887,0.0607538853541,0.272940053472
0.451012943817,0.0496115203052,0.220726734197,0.278648801681
0.16720228838,0.382445193612,0.238615174407,0.211737343601
0.0692914947614,0.288583135695,0.423882181206,0.218243188338
0.145125492229,0.31352175222,0.301083736114,0.240269019437
0.303724179947,0.288439073115,0.0917712292584,0.316065517679
0.208091229584,0.435269551852,0.0522414147043,0.304397803859
0.0267406795626,0.447466106496,0.30250188234,0.223291331601
0.0373164187332,0.342111628189,0.292575928503,0.327996024575
0.348134548502,0.126271304459,0.0778894773596,0.44770466968
0.225327920864,0.223198644545,0.267727515155,0.283745919436
0.0694458870265,0.476566347709,0.450532017374,0.0034557478904
0.336382803192,0.204991620069,0.410927053039,0.0476985236996
0.0545248477982,0.109526223488,0.0899125226977,0.746036406016
0.179442248185,0.0533518212379,0.199020363263,0.568185567314
0.101934009867,0.298536573548,0.314755589378,0.284773827207
0.10649125602,0.427785672772,0.00147333921665,0.464249731991
0.336251239076,0.0203915018591,0.293955691063,0.349401568002
0.262250899688,0.201292600806,0.302277696111,0.234178803395
0.161980812155,0.0542144402118,0.574090450431,0.209714297203
0.294884717471,0.397422657061,0.0857533736538,0.221939251814
0.32394857684,0.251808127903,0.35105075424,0.0731925410159
0.109988652464,0.199026630453,0.533889938848,0.157094778234
0.144385142022,0.540384694961,0.111137748022,0.204092414995
0.33061879458,0.261144521912,0.246316864367,0.16191981914
0.30344463596,0.215688881994,0.221930071221,0.258936410826
0.298094347615,0.236996147236,0.115580712527,0.349328792622
0.22799891828,0.0969159477679,0.283055560523,0.392029573429
0.313812235575,0.354375097108,0.185763103202,0.146049564114
0.0646498026079,0.431332989122,0.328186479939,0.175830728332
0.070537064193,0.391187603803,0.0302370921593,0.508038239845
0.403939182657,0.396015922485,0.0676695546165,0.132375340242
0.0647216593657,0.159973867503,0.295247447364,0.480057025767
0.00627283259622,0.267438141398,0.442355183663,0.283933842344
0.0633184782412,0.0564727216367,0.407228843218,0.472979956904
0.389582230774,0.353067292924,0.247064718176,0.0102857581264
0.136467125567,0.163992109905,0.29897957965,0.400561184877
0.258541561994,0.288393582454,0.189920625878,0.263144229673
0.333965868942,0.0576615591151,0.150288477635,0.458084094308
0.249224391991,0.44589111561,0.0725002911427,0.232384201257
0.16875865784,0.47465208588,0.210629054079,0.145960202201
0.205350840455,0.246768008079,0.197500522431,0.350380629035
0.202575041258,0.114932741501,0.288744545718,0.393747671523
0.393404493653,0.256867572948,0.32885062662,0.0208773067784
0.0957776137916,0.354151014734,0.400427984009,0.149643387465
0.186023486043,0.00956862955745,0.335671986965,0.468735897435
0.151305519315,0.344696771602,0.169960326564,0.334037382518
0.238606537685,0.208926742551,0.189092790709,0.363373929054
0.671269637996,0.0769641412252,0.100265159154,0.151501061625
0.458490443539,0.129775644526,0.221440288634,0.1902936233
0.0622605238916,0.349579428109,0.261896494811,0.326263553188
0.159426334028,0.158592321381,0.522650573316,0.159330771275
0.376364844211,0.530939786033,0.0676970773946,0.0249982923615
0.072304260758,0.0847209925823,0.657413273113,0.185561473547
0.126029131683,0.286190847728,0.140682837321,0.447097183268
0.48228121862,0.175383300963,0.245813236643,0.0965222437733
0.173563268217,0.248124803796,0.145050994344,0.433260933643
0.269589730128,0.0295832139843,0.47620994534,0.224617110549
0.120026881547,0.167005548408,0.0341485991712,0.678818970874
0.247641539096,0.324863786377,0.179865058395,0.247629616133
0.0522016490588,0.244820196321,0.339762356784,0.363215797836
0.291924666062,0.124985699295,0.284514741593,0.29857489305
0.0478597491743,0.503012769733,0.315900349588,0.133227131504
0.366867943269,0.153062410079,0.331563259856,0.148506386797
0.335108421352,0.279662830831,0.0642160946972,0.32101265312
0.312051763871,0.402556257764,0.0639637169181,0.221428261447
0.512151556058,0.0611705428316,0.353215992176,0.0734619089344
0.298571514301,0.0359578152692,0.314701171916,0.350769498514
0.28207380501,0.203922575437,0.412973012836,0.101030606717
0.123774788459,0.328850950293,0.16466629284,0.382707968408
0.160692467304,0.319612824438,0.376649424224,0.143045284034
0.0680840924329,0.101280764474,0.344478624104,0.486156518989
0.160871868913,0.376767205755,0.104535400498,0.357825524834
0.512357952208,0.0139061761441,0.461938820321,0.0117970513274
0.360646310827,0.230282948957,0.188939323057,0.220131417158
0.339563598509,0.287357450916,0.153616129354,0.219462821221
0.0967895659877,0.317228088533,0.456590845346,0.129391500133
0.276725792112,0.26109163068,0.250686364522,0.211496212687
0.0245359558145,0.0727463988406,0.469961531567,0.432756113778
0.39434727091,0.250109915825,0.262047471472,0.093495341793
0.170987458029,0.0493071035962,0.412005978667,0.367699459708
0.206185206326,0.0760097644218,0.357453861847,0.360351167405
0.36421176655,0.356811839853,0.0331411649119,0.245835228685
0.0734243266237,0.390431800822,0.288573808553,0.247570064001
0.351453096955,0.241600694972,0.140347296209,0.266598911864
0.353156147327,0.0233997483157,0.210192323574,0.413251780783
0.417687351283,0.37747331546,0.142932848276,0.0619064849804
0.443884838574,0.0731812768906,0.474497507897,0.00843637663861
0.351379275388,0.195546436791,0.120789708248,0.332284579574
0.363676617058,0.330154532518,0.193986580654,0.112182269771
0.39400846669,0.0007104956453,0.0525175337264,0.552763503939
0.261448121428,0.412440320342,0.000574868279247,0.325536689951
0.033791859298,0.191119992091,0.227753460076,0.547334688535
0.12262484455,0.352426887797,0.0790407444926,0.445907523161
0.41131352724,0.358277711933,0.0230025637657,0.207406197061
0.0536685274107,0.425072739551,0.187310877652,0.333947855386
0.286461373188,0.163433041743,0.182506394161,0.367599190907
0.0527585550117,0.250751505409,0.31788545741,0.378604482169
0.259592046618,0.639142924186,0.0336136009189,0.0676514282769
0.252295909894,0.200164947059,0.433508275422,0.114030867625
0.293309811947,0.428569696492,0.142424851999,0.135695639562
0.230633663563,0.17297942287,0.529001104652,0.0673858089152
0.101681807945,0.334403510505,0.494601582792,0.0693130987579
0.329059681299,0.30187536057,0.312678951039,0.0563860070924
0.182732625255,0.235235240791,0.317297274732,0.264734859221
0.338138721877,0.148535503309,0.159614082997,0.353711691818
0.19735883487,0.304365253986,0.233547125563,0.264728785581
0.384456331733,0.15159555672,0.203948523529,0.259999588019
0.174113033026,0.303566024144,0.343591152004,0.178729790825
0.0190171618853,0.178828030289,0.47581830384,0.326336503986
0.0797261289807,0.335831906175,0.273114236932,0.311327727913
0.0747482467226,0.470896615696,0.215019359576,0.239335778005
0.0236218499697,0.320389612673,0.24736615298,0.408622384377
0.0945910498279,0.0404620491291,0.350998184594,0.513948716449
0.388723741742,0.249153852852,0.164672065522,0.197450339885
0.37812304824,0.368956180931,0.192566518476,0.0603542523524
0.199039725527,0.530293474386,0.0665029874681,0.204163812619
0.431284342725,0.312709692323,0.0355081922586,0.220497772693
0.0785289294337,0.105547979854,0.359571857214,0.456351233498
0.343816856363,0.330263430127,0.023736487485,0.302183226024
0.246676061759,0.306862722175,0.402415805256,0.0440454108099
0.144172492303,0.316696635053,0.294268244129,0.244862628515
0.00510977042591,0.497551669181,0.0850535658983,0.412284994495
0.174579020031,0.0291174345313,0.0125585311877,0.78374501425
0.300336729391,0.23965236243,0.200254589025,0.259756319154