0.359300676382,0.32206037828,0.1636193221,0.155019623238
0.324539520222,0.273653057014,0.28021647181,0.121590950954
0.427871431746,0.0291882030503,0.162372939542,0.380567425662
0.500161763966,0.106069693739,0.101476962857,0.292291579437
0.230051478343,0.373401420271,0.060957597307,0.335589504079
0.283332012671,0.198381125497,0.269939658286,0.248347203547
0.50544092266,0.0432798229401,0.22083680311,0.23044245129
0.0657128303071,0.0433215383894,0.457176004813,0.433789626491
0.328305141338,0.40285958709,0.060530892821,0.208304378751
0.117074949103,0.290821667465,0.101761712284,0.490341671149
0.279467709722,0.103304649315,0.260923662918,0.356303978045
0.0895430946156,0.316904279528,0.185873013921,0.407679611935
0.260422919155,0.282548871085,0.344446248805,0.112581960955
0.151996896802,0.153366399343,0.326320394816,0.368316309039
0.368083832592,0.349939294699,0.223904430941,0.0580724417685
0.159437203946,0.342917327303,0.237064369747,0.260581099004
0.352887013421,0.320885052828,0.307745545277,0.0184823884738
0.234425959904,0.269870766967,0.302675201732,0.193028071398
0.359788815805,0.163941536892,0.150533969853,0.32573567745
0.301637391151,0.103031909324,0.0860873761555,0.509243323369
0.224898813645,0.0138833527632,0.489425415885,0.271792417707
0.355737316015,0.169149874522,0.313401589701,0.161711219761
0.273242235549,0.198888209043,0.208390286905,0.319479268503
0.224547696248,0.145879687356,0.572221975924,0.0573506404721
0.273779533196,0.321251112748,0.22034367675,0.184625677306
0.259885698972,0.345509541517,0.175040944434,0.219563815077
0.232183372832,0.221246298386,0.288080877092,0.258489451689
0.104572420256,0.0271483217899,0.420314692681,0.447964565273
0.370647219842,0.0936806589277,0.00486559135119,0.530806529879
0.199794475527,0.117640136754,0.406579232953,0.275986154765
0.364850987453,0.205385009595,0.279265655065,0.150498347887
0.284611584276,0.167784557467,0.489190823925,0.0584130343322
0.0415762134232,0.348631716462,0.147563887011,0.462228183103
0.310799284225,0.0736687391391,0.303156469444,0.312375507193
0.102669506824,0.0137168699933,0.613900153135,0.269713470047
0.39808789895,0.152382047412,0.343096287328,0.10643376631
0.101573918372,0.07551730796,0.30420364285,0.518705130818
0.338777707872,0.0174261058237,0.300288422778,0.343507763526
0.185699272728,0.289421282471,0.32561233029,0.199267114512
0.216071639224,0.303125501516,0.184638137219,0.296164722042
0.734256932225,0.0870869311951,0.00448350990006,0.17417262668
0.152299182764,0.221824183947,0.293338068968,0.332538564321
0.443164279683,0.0684845994155,0.258763706007,0.229587414894
0.434853102968,0.334711191848,0.0611447441083,0.169290961075
0.249085148111,0.292996593728,0.407928431472,0.0499898266889
0.0743161262066,0.228523278849,0.383708176385,0.313452418559
0.0885966077935,0.47656831944,0.119854543556,0.31498052921
0.34403959855,0.323943480896,0.329726146437,0.00229077411718
0.115276600504,0.590605029736,0.248663022439,0.0454553473209
0.175621850313,0.275622632532,0.371364991785,0.17739052537
0.334161961806,0.28511013995,0.236640734305,0.144087163939
0.619025023284,0.124863121158,0.226437169195,0.0296746863635
0.0702966098351,0.15279049842,0.340315315402,0.436597576342
0.0817450106033,0.408997080944,0.332904408525,0.176353499927
0.248670062356,0.294882348057,0.242780306238,0.21366728335
0.452236931493,0.076984687408,0.237911536725,0.232866844373
0.213543343375,0.539618876809,0.0782654802035,0.168572299613
0.167580523433,0.122691757649,0.221992102113,0.487735616806
0.249651706156,0.68850800359,0.0521369690921,0.00970332116183
0.240446718515,0.349314894165,0.272217477371,0.138020909949
0.206919813332,0.357521130335,0.0421248256997,0.393434230633
0.369525039719,0.186406108066,0.0198901846793,0.424178667536
0.354153095188,0.2332417981,0.350930714715,0.0616743919968
0.213120293033,0.438570693947,0.145602346793,0.202706666227
0.215465716034,0.481017983483,0.289890194114,0.0136261063695
0.300279876576,0.434480397404,0.0510245600461,0.214215165974
0.0553531555534,0.242509948437,0.292626622708,0.409510273302
0.353181929588,0.0358854523522,0.243845586305,0.367087031754
0.18902169358,0.354187775582,0.156686930949,0.300103599889
0.110097858429,0.234505633606,0.358187751257,0.297208756707
0.195722376887,0.283163434384,0.249335356969,0.27177883176
0.674862410429,0.0377893851164,0.0883440455361,0.199004158918
0.230598836448,0.0239333835546,0.276461831222,0.469005948776
0.307824590242,0.107881671399,0.351143138492,0.233150599867
0.28972060687,0.289698494524,0.31790591921,0.102674979396
0.241344015738,0.22505502746,0.0626379310066,0.470963025796
0.261413412568,0.126358028066,0.237751758366,0.374476800999
0.340452021611,0.0295954746223,0.393217600481,0.236734903286
0.230322759416,0.326752457692,0.224173845513,0.218750937379
0.0296078854597,0.341942987547,0.248162501211,0.380286625782
0.139157195884,0.228475830299,0.264870560458,0.367496413359
0.15519364756,0.274528419751,0.299726748195,0.270551184494
0.257675504591,0.273506566919,0.113265437502,0.355552490988
0.203054509043,0.231452614889,0.27052763685,0.294965239218
0.0640643254708,0.318368922099,0.23314873013,0.3844180223
0.357774316978,0.451127581379,0.0180776131549,0.173020488488
0.29092735943,0.12382613182,0.184876188276,0.400370320474
0.315831491487,0.179310180154,0.080135966652,0.424722361707
0.227963810778,0.275243160954,0.26779119052,0.229001837749
0.0838114726381,0.496418685554,0.0960554838547,0.323714357953
0.0686776992808,0.128710614754,0.602790969328,0.199820716638
0.0390450797535,0.239713696191,0.434431397628,0.286809826427
0.326117806042,0.315788322474,0.290234648849,0.0678592226349
0.219492368633,0.193516305133,0.134779614714,0.45221171152
0.298471991017,0.0769939985585,0.39448661189,0.230047398535
0.35806104066,0.176902725262,0.0860162986069,0.379019935471
0.200970138664,0.338130363333,0.328884100113,0.132015397889
0.287549213694,0.316521477354,0.197700046343,0.198229262608
0.405589819711,0.108163369432,0.453204953767,0.0330418570896
0.0559128800081,0.105753610965,0.80321907696,0.0351144320665
0.0718516294282,0.301870735954,0.33908946064,0.287188173977
0.0633465878505,0.271024897502,0.271511860232,0.394116654416
0.34109699193,0.199328879049,0.145936362746,0.313637766274
0.0814411167063,0.416531460468,0.187668239243,0.314359183583
0.124581192419,0.47036781723,0.272073252091,0.13297773826
0.118932690355,0.314619787731,0.240177356558,0.326270165357
0.0311584156039,0.146083634833,0.743972119838,0.0787858297254
0.238954543101,0.192880420136,0.248147916979,0.320017119784
0.296988632102,0.242389317935,0.0381722635405,0.422449786422
0.00592482449774,0.399101026559,0.2222391373,0.372735011643
0.402017706406,0.283213424319,0.275945829347,0.0388230399275
0.0544201238659,0.204463546343,0.449941612916,0.291174716875
0.163964902267,0.0622062600216,0.543718782007,0.230110055705
0.312775923293,0.0692780428671,0.272306551343,0.345639482497
0.265337417241,0.179182608494,0.341469789056,0.214010185209
0.573278245448,0.208192509268,0.0109009389126,0.207628306372
0.258302464585,0.300084261593,0.329164519729,0.112448754093
0.0801022846567,0.153894025009,0.325771352231,0.440232338104
0.165095399836,0.384040705892,0.335616439214,0.115247455058
0.372556514655,0.0897529830972,0.394659520477,0.143030981771
0.342577257137,0.33573038613,0.253058339149,0.0686340175842
0.220004940206,0.553559038225,0.1105243521,0.115911669469
0.323898450293,0.319807274346,0.268586564676,0.0877077106848
0.342717570624,0.22091386522,0.0178451180363,0.41852344612
0.271552438747,0.30999092701,0.273942038494,0.144514595749
0.0752630343682,0.319584555953,0.126711615786,0.478440793892
0.233311536423,0.196910241613,0.123976685694,0.445801536269
0.136978675888,0.27316397667,0.284177572469,0.305679774973
0.25324106435,0.230998226358,0.206465566745,0.309295142546
0.404239675257,0.0448443781733,0.265733315782,0.285182630787
0.206989331702,0.0987727952515,0.427423128711,0.266814744336
0.209871375198,0.369522422234,0.22831554806,0.192290654508
0.225774765722,0.261818517873,0.0543553888517,0.458051327553
0.212110480215,0.404870690186,0.0436005390797,0.33941829052
0.464145121579,0.125257453156,0.372560892513,0.0380365327523
0.204843631346,0.0116232635425,0.37717602483,0.406357080282
0.247561027783,0.513528481482,0.169317003651,0.0695934870842
0.393130646141,0.284383725044,0.127892512691,0.194593116123
0.275250725638,0.0633885693383,0.187982031446,0.473378673578
0.0338539223743,0.132674905371,0.355789926626,0.477681245629
0.234574588567,0.350602637664,0.248790408164,0.166032365604
0.492491836653,0.353161248602,0.0616950410403,0.0926518737043
0.341031012986,0.0860285593628,0.321755074479,0.251185353173
0.304841423837,0.152773973993,0.33100262643,0.21138197574
0.288562696887,0.335723873713,0.280513410689,0.0952000187123
0.185857535789,0.119435756707,0.231473938729,0.463232768775
0.220323250576,0.1768469604,0.337628904951,0.265200884073
0.447110059123,0.0069254412889,0.133407707789,0.412556791798
0.222364811719,0.253554863868,0.190080283975,0.334000040439
0.166638004579,0.261642664871,0.299934809822,0.271784520728
0.125150221844,0.156044681734,0.371442724454,0.347362371967
0.305075566402,0.238322474974,0.437241397848,0.0193605607755
0.374502038418,0.214927271796,0.336177061716,0.0743936280697
0.454428384727,0.251597711938,0.197549875772,0.0964240275623
0.297476738236,0.131161576623,0.235012631928,0.336349053214
0.120012532106,0.533004376791,0.268737275703,0.0782458154001
0.266222796055,0.318871174114,0.16067201622,0.254234013611
0.151930393202,0.338796580846,0.126026840397,0.383246185555
0.512813259262,0.380507245922,0.0187231920799,0.0879563027357
0.0736990299956,0.356321284652,0.421591869861,0.148387815491
0.459646811139,0.0773093092993,0.235263185379,0.227780694183
0.343034636518,0.109614039215,0.249602755118,0.297748569149
0.183283357605,0.180460176061,0.351472494095,0.284783972239
0.302889856207,0.0103745887547,0.331657645245,0.355077909794
0.287994197294,0.322089558132,0.114666190189,0.275250054385
0.17276082304,0.277731746985,0.282712735949,0.266794694026
0.126572306655,0.0513362743459,0.081754487829,0.74033693117
0.0551120552287,0.374262790673,0.376460569819,0.194164584279
0.0720881846985,0.0917065330904,0.499868936639,0.336336345573
0.428734199537,0.119356370662,0.368827288283,0.0830821415181
0.495097733968,0.129649535778,0.00208265695313,0.373170073302
0.214031191893,0.269584818883,0.280489550962,0.235894438263
0.204817008497,0.320867929136,0.224862552583,0.249452509783
0.239573865839,0.403345266076,0.342956020159,0.0141248479253
0.360213710901,0.0162463460643,0.134842622936,0.488697320099
0.187407680321,0.00259485695146,0.626687546959,0.183309915768
0.472852868472,0.0108542253492,0.0548638991778,0.461429007001
0.37807033237,0.021324751834,0.425555371728,0.175049544068
0.30345041594,0.381486231039,0.127366287098,0.187697065922
0.113712544094,0.0610965396566,0.310225653771,0.514965262479
0.430193139065,0.283120276005,0.254316795701,0.0323697892291
0.371465284456,0.270685720597,0.265232685854,0.0926163090934
0.212646037185,0.398235206705,0.248386490171,0.140732265938
0.323753319885,0.231234081911,0.420533178098,0.0244794201057
0.110721572321,0.366038425898,0.0576088110501,0.46563119073
0.183664965919,0.549902766502,0.177756481067,0.0886757865115
0.358593137289,0.0938950580411,0.246154710121,0.301357094549
0.288286018742,0.312556142663,0.138441736068,0.260716102528
0.259643995073,0.185487398144,0.235105650683,0.319762956101
0.287437591425,0.269596651991,0.289292631716,0.153673124867
0.356701811589,0.354193882114,0.116927763917,0.17217654238
0.14461895713,0.104200069033,0.452417253443,0.298763720395
0.341949562904,0.291030940902,0.339610348324,0.0274091478709
0.345104864264,0.382852571544,0.0651322965343,0.206910267658
0.00554361694301,0.322823096784,0.601910642396,0.0697226438774
0.17182031677,0.473836084456,0.307351369593,0.0469922291813
0.339485670751,0.28572348726,0.325389560542,0.0494012814467
0.287760436039,0.543283592097,0.070266520858,0.0986894510056
0.31632678051,0.0335258149038,0.323160748182,0.326986656405
0.21509998405,0.386757560024,0.323791092026,0.0743513639007