0.0180600398569,0.154510157061,0.506210761701,0.321219041381
0.163051238315,0.248269217007,0.318891170554,0.269788374124
0.126006294289,0.185417955065,0.223861149512,0.464714601134
0.13866654321,0.180444573063,0.409600658255,0.271288225472
0.0464301669382,0.342556729302,0.587250987652,0.0237621161084
0.182783446325,0.108244703204,0.441101887366,0.267869963105
0.104492378212,0.458074959604,0.248033186473,0.189399475711
0.326394287044,0.246121261985,0.1615983145,0.265886136471
0.350920916532,0.0411994380982,0.199149638077,0.408730007293
0.480808771323,0.00574403864878,0.489251406064,0.0241957839648
0.300447861977,0.304838286564,0.317588547293,0.0771253041661
0.341444534576,0.0111176027132,0.28729343105,0.360144431661
0.184345790236,0.197269241048,0.528879313197,0.0895056555182
0.0280209846651,0.242736010183,0.446984526511,0.28225847864
0.296455664725,0.0131583442897,0.257793755483,0.432592235503
0.460850903432,0.261778812717,0.167227682525,0.110142601326
0.255299992378,0.374969814032,0.0921653686742,0.277564824915
0.265289334788,0.0896738435478,0.315298598698,0.329738222966
0.334792796637,0.315054336734,0.178272502042,0.171880364586
0.340391891272,0.215378322215,0.102890742687,0.341339043826
0.306788864769,0.430834866826,0.00571427213815,0.256661996267
0.0541191619591,0.0637286070905,0.479695391986,0.402456838964
0.0518526014118,0.278007045626,0.332024316623,0.338116036338
0.531362521308,0.138142896803,0.0563020696829,0.274192512206
0.10032477466,0.261259843592,0.273217730896,0.365197650852
0.426627288931,0.341446435035,0.0654426443608,0.166483631673
0.282780220073,0.401362080336,0.0979903858206,0.21786731377
0.133478738743,0.541640080933,0.00409969314929,0.320781487175
0.26158188303,0.263841010586,0.306651648153,0.167925458231
0.478724028682,0.1271890423,0.270043720966,0.124043208052
0.150543942018,0.183481899421,0.559244665695,0.106729492866
0.392250367482,0.0487251370114,0.479297193725,0.079727301782
0.181256224507,0.134455297778,0.35824293743,0.326045540285
0.283161878451,0.103184428161,0.220933040318,0.392720653069
0.356361382822,0.314637341518,0.179465329368,0.149535946292
0.373213756647,0.334796800973,0.189888783088,0.102100659291
0.0227993749402,0.352885307932,0.436511981747,0.187803335381
0.327189139757,0.0763956166924,0.202811982449,0.393603261102
0.207616535224,0.182925982402,0.322535095749,0.286922386625
0.0630727010371,0.152344068865,0.241041827521,0.543541402577
0.399760472799,0.216801575665,0.293858183031,0.0895797685051
0.5040934001,0.0218138715128,0.171863041109,0.302229687279
0.15877302173,0.00453664032719,0.429939224083,0.40675111386
0.272894529317,0.147608020727,0.170678653359,0.408818796597
0.337229582743,0.00683419682497,0.305452257459,0.350483962973
0.287719949579,0.451336718094,0.0514319667298,0.209511365597
0.33715518778,0.261416061768,0.0727327651124,0.32869598534
0.456520888074,0.0649320057518,0.177399493834,0.30114761234
0.551454084176,0.176392059195,0.209061051561,0.0630928050678
0.0408053466474,0.355466820331,0.107021057825,0.496706775196
0.323431648624,0.0534736186251,0.306696116039,0.316398616712
0.142876455575,0.126087556932,0.201176195403,0.529859792091
0.142889239744,0.276952072802,0.123836554954,0.4563221325
0.246051038027,0.392171819066,0.0562176881821,0.305559454724
0.39465929207,0.166080825909,0.0579943840548,0.381265497965
0.229819179546,0.278926200391,0.213832958492,0.277421661572
0.197827283536,0.405378075497,0.0545935795866,0.34220106138
0.349658544068,0.323482231464,0.144163669851,0.182695554617
0.38524379548,0.135431736088,0.106346769483,0.372977698949
0.306710750176,0.126111650333,0.278554211122,0.28862338837
0.327312081418,0.0900134168392,0.267600680595,0.315073821148
0.357245948618,0.58738668864,0.0141490385284,0.0412183242131
0.368401660824,0.143230124359,0.278836244552,0.209531970264
0.404114258252,0.365681852312,0.185732040957,0.0444718484799
0.0882033914466,0.145570020402,0.341700058593,0.424526529558
0.375844822667,0.124653086029,0.423284021323,0.0762180699814
0.205229873542,0.101332750502,0.377130875063,0.316306500893
0.10773926246,0.157890392241,0.554645532701,0.179724812599
0.0845892051789,0.301257576592,0.296052664861,0.318100553368
0.171820754021,0.0637941337955,0.716258630835,0.0481264813483
0.269318726271,0.360192972956,0.0997265926376,0.270761708136
0.498328613943,0.369623695204,0.0773704649896,0.0546772258638
0.197146291143,0.0951665356044,0.538311571728,0.169375601524
0.311693537965,0.332004209257,0.315586648149,0.0407156046289
0.048390165988,0.214595435494,0.73691065969,0.000103738827906
0.362650064175,0.347154116377,0.0614273111998,0.228768508249
0.297787518833,0.0400469273255,0.405915659856,0.256249893985
0.0916653441071,0.297068612537,0.543697191159,0.0675688521975
0.311690627439,0.0990409179196,0.267513686052,0.321754768589
0.355831437895,0.0418030693355,0.279232626503,0.323132866266
0.330741138538,0.115517932959,0.187132269137,0.366608659366
0.211518355864,0.118523638833,0.514195325848,0.155762679456
0.435717254026,0.0992921997559,0.0284415896167,0.436548956601
0.153365167639,0.0270065589502,0.402393328655,0.417234944756
0.379450819595,0.152133161253,0.201616683711,0.266799335441
0.228921629239,0.13707883333,0.349347680685,0.284651856746
0.416853167619,0.377882999639,0.12268098703,0.0825828457122
0.131829314983,0.0987764041971,0.584926758848,0.184467521972
0.383617496528,0.282135927455,0.21664684692,0.117599729096
0.210712004912,0.492917734029,0.170981124308,0.125389136751
0.259390380038,0.181721833141,0.114271932262,0.444615854559
0.256624054722,0.273736504139,0.295445748785,0.174193692355
0.00447680458878,0.208693519332,0.00703763182801,0.779792044252
0.0846856226805,0.507006138428,0.280823730451,0.12748450844
0.381663341288,0.0890046411887,0.356770846621,0.172561170902
0.200345431644,0.301453803345,0.272366274228,0.225834490783
0.121345157139,0.33543519107,0.262185064256,0.281034587534
0.248253701391,0.224042070743,0.073097718177,0.454606509689
0.438857921533,0.118258834913,0.0605072049689,0.382376038585
0.209893571969,0.298046664248,0.356222766824,0.135836996959
0.120723546961,0.331006198254,0.224424776072,0.323845478713
0.300516480775,0.431584100737,0.230256581338,0.0376428371497
0.138179140945,0.359390912868,0.398699976382,0.103729969805
0.0850758282858,0.194376442998,0.360481760707,0.360065968009
0.015155350224,0.38570422664,0.11706786357,0.482072559565
0.427014204271,0.131027781042,0.424427661093,0.0175303535932
0.278883660986,0.0760195688898,0.301996077298,0.343100692827
0.241596085775,0.300189150121,0.363198150173,0.0950166139314
0.250582216241,0.277673049623,0.278514777475,0.193229956661
0.273400398617,0.0237769762662,0.4167524135,0.286070211617
0.0777103868997,0.153618130292,0.27291431164,0.495757171169
0.326961822576,0.28993392525,0.218856424942,0.164247827231
0.33850535484,0.337484336706,0.227714847941,0.0962954605128
0.290972963169,0.266973284845,0.113665723026,0.32838802896
0.0462973392775,0.414730212434,0.245599276724,0.293373171565
0.0574541836073,0.0971924026386,0.467335692063,0.378017721691
0.37881244717,0.505239572927,0.0990237820515,0.0169241978516
0.236229008931,0.332889740008,0.244869088314,0.186012162747
0.356068366378,0.0262191782337,0.310502363008,0.307210092381
0.220796025181,0.268498676925,0.302869547187,0.207835750707
0.233359837056,0.208944688999,0.396289348019,0.161406125926
0.260410015407,0.313278585494,0.334747386737,0.091564012362
0.283306066514,0.390664150652,0.0480713749885,0.277958407845
0.254094613883,0.407401363722,0.0213636955842,0.31714032681
0.315638225305,0.175982992855,0.321842391844,0.186536389997
0.188792492201,0.404505072846,0.390563890357,0.0161385445956
0.0141687455139,0.00939067433604,0.516860811691,0.459579768459
0.129000297038,0.354156760812,0.303955805793,0.212887136357
0.0817146960247,0.441565237165,0.337143987018,0.139576079793
0.340517717095,0.341053539403,0.135996514154,0.182432229349
0.506179836628,0.170294223808,0.0716247372261,0.251901202338
0.0751343662979,0.0431423445631,0.0786816123798,0.803041676759
0.410113866897,0.243777992881,0.314875283102,0.0312328571207
0.344098635124,0.194718010192,0.256945695643,0.204237659041
0.421241751699,0.318513372744,0.12773696553,0.132507910027
0.169371048157,0.283509499033,0.286865520348,0.260253932462
0.0454056474113,0.154303065491,0.208961553919,0.591329733179
0.194086733748,0.356824715689,0.411077287417,0.0380112631459
0.42615084828,0.33350846902,0.0376599820255,0.202680700675
0.31639906935,0.229291551045,0.0923378677172,0.361971511888
0.339557952607,0.237072726376,0.24433579864,0.179033522377
0.146102804821,0.302038534842,0.229453903066,0.322404757271
0.0661474032936,0.310600685036,0.36594769856,0.257304213111
0.290883837888,0.36724065056,0.0219459702118,0.319929541341
0.319762947088,0.102465912282,0.199777728218,0.377993412412
0.166377344892,0.385667025147,0.229177697803,0.218777932158
0.195383394566,0.318472214758,0.230142186863,0.256002203812
0.106340729205,0.559230901372,0.123994923996,0.210433445426
0.0352747954548,0.407214443858,0.426813455527,0.13069730516
0.142412805956,0.455432693564,0.389336787994,0.0128177124872
0.155958027552,0.262021929246,0.295919105412,0.286100937789
0.269507548591,0.452306716276,0.120766941929,0.157418793204
0.379996262636,0.135450662414,0.258248428082,0.226304646868
0.40240583781,0.221360382378,0.0206079164543,0.355625863358
0.328949159959,0.355910749525,0.00813431077378,0.307005779742
0.143600016151,0.276607281586,0.514941929887,0.0648507723757
0.145327916295,0.214725365472,0.365543838497,0.274402879737
0.340559858821,0.0610701933023,0.573960435296,0.0244095125804
0.345920962,0.381720281827,0.121663129744,0.150695626429
0.519914776965,0.0243253288515,0.378981980232,0.0767779139515
0.0929263600218,0.0282111741817,0.474741860545,0.404120605252
0.227480821038,0.00091536958469,0.322643674883,0.448960134495
0.293134149069,0.196160871015,0.00922771160417,0.501477268312
0.367062154905,0.345801778159,0.12685435923,0.160281707705
0.141915374394,0.17144076878,0.432540727506,0.25410312932
0.459855716768,0.0428829476539,0.392198356685,0.105062978893
0.215508427539,0.349772998193,0.20460266657,0.230115907698
0.461369681219,0.0817469155533,0.427666770238,0.0292166329899
0.162876454168,0.219919657255,0.463694232768,0.153509655809
0.369859306597,0.339239018147,0.0978344993995,0.193067175857
0.194672116142,0.352596063795,0.0904274888361,0.362304331228
0.528900207391,0.31428477227,0.0243705509527,0.132444469386
0.36567620466,0.0205625846573,0.271072472544,0.342688738139
0.273511459058,0.275666556094,0.133093341604,0.317728643243
0.496389104899,0.0637464728004,0.0825223358612,0.35734208644
0.14428278525,0.24095559062,0.466501972192,0.148259651938
0.431454996174,0.0601370498888,0.246058907997,0.26234904594
0.329741858322,0.159345691447,0.129384960471,0.38152748976
0.409576220917,0.303257157168,0.059619299079,0.227547322836
0.346282797117,0.05929478902,0.429753551952,0.164668861911
0.222120469488,0.615252309724,0.0943009696532,0.0683262511344
0.153096732577,0.362714124742,0.349773836252,0.134415306429
0.118098970569,0.417177700864,0.241144237675,0.223579090892
0.152279554091,0.416500509246,0.209954395908,0.221265540755
0.068155256911,0.0440567963746,0.246577582765,0.64121036395
0.172236164309,0.122001097697,0.178753209509,0.527009528485
0.627312210514,0.102262482408,0.161821011859,0.108604295218
0.139162144593,0.138866781658,0.459940672443,0.262030401306
0.171065315044,0.396268187946,0.0829293172029,0.349737179808
0.486716159141,0.0762484650756,0.271820440816,0.165214934968
0.0422520531359,0.288153934268,0.22895091235,0.440643100247
0.650304105314,0.0290545425032,0.0720430950383,0.248598257145
0.0614560941973,0.248120507434,0.411118943633,0.279304454736
0.340270642846,0.153490122882,0.36222674179,0.144012492482
0.0578673261754,0.565524016449,0.1057376724,0.270870984976
0.328270244363,0.211518447238,0.088787766594,0.371423541805
0.4744776456,0.232967043905,0.0563320232406,0.236223287254
0.239591809347,0.100891234381,0.32381438304,0.335702573231
0.061760811486,0.192845798721,0.317004222134,0.42838916766
0.353873620696,0.158759752553,0.0455677901568,0.441798836594