0.496327377201,0.0349629876334,0.330470951991,0.138238683174
0.486111361632,0.0392700693203,0.0538250923683,0.420793476679
0.694677723502,0.0868986572689,0.136990900635,0.0814327185942
0.375026043002,0.27799526747,0.115120203811,0.231858485718
0.291135609518,0.130398890317,0.261857915877,0.316607584288
0.286531904129,0.304907318218,0.127019548687,0.281541228965
0.244514348645,0.268610121855,0.331876952153,0.154998577347
0.329881304363,0.0256682653516,0.278812034896,0.36563839539
0.117796674395,0.275869698811,0.276433735692,0.329899891102
0.357813808891,0.0908940359924,0.224975832952,0.326316322165
0.224629852384,0.205914263752,0.226347118242,0.343108765622
0.274078843167,0.344416044312,0.0772956756948,0.304209436825
0.137712741068,0.366305225923,0.412445643835,0.083536389174
0.344060888469,0.0580219628763,0.368388124363,0.229529024292
0.341107541684,0.00517431370532,0.303840794431,0.349877350179
0.354666313847,0.08723067223,0.410907819205,0.147195194718
0.171515478587,0.252307349015,0.144055247259,0.432121925139
0.198963152727,0.12041952845,0.343152438769,0.337464880054
0.179561472474,0.164534550054,0.360755404018,0.295148573454
0.260559880309,0.231002955224,0.483668753338,0.0247684111292
0.351060765223,0.28441910687,0.116561373844,0.247958754062
0.258401614114,0.434054814883,0.28600761797,0.0215359530333
0.225257923653,0.336340814011,0.242971052071,0.195430210264
0.443555831974,0.0896818422484,0.346009398817,0.120752926961
0.0912868028511,0.239517170988,0.27904003886,0.390155987301
0.284864177732,0.00439128079984,0.430217691067,0.280526850402
0.266454986649,0.336739972828,0.0859765440246,0.310828496499
0.315611152571,0.140341159685,0.269677902699,0.274369785045
0.192968235851,0.272471705738,0.277410793599,0.257149264811
0.302218677293,0.218123109442,0.298016197282,0.181642015983
0.401703392207,0.0482279946942,0.337714986603,0.212353626496
0.290678680776,0.150209673804,0.223985433132,0.335126212289
0.271414120237,0.602946362759,0.117426983572,0.00821253343185
0.282420151556,0.254065585537,0.207525750078,0.255988512829
0.354632833466,0.320622832306,0.243832388602,0.0809119456261
0.152188453364,0.421246287931,0.32155738182,0.105007876884
0.303332455522,0.152713533567,0.199696715748,0.344257295163
0.177460387788,0.112794265051,0.381121820955,0.328623526206
0.483031727114,0.151490418984,0.0860423896763,0.279435464226
0.276133951603,0.237609342892,0.225845031523,0.260411673982
0.126769649953,0.094411329153,0.375491845729,0.403327175166
0.53102884299,0.24885554329,0.185863272055,0.0342523416662
0.318574503861,0.068817344399,0.323753781164,0.288854370576
0.3806465634,0.193225961719,0.156011106946,0.270116367935
0.344438084115,0.194854372177,0.158323024892,0.302384518817
0.587565077104,0.0591022311046,0.283445792953,0.0698868988378
0.0845759485837,0.0901829303492,0.305629685789,0.519611435278
0.091853682751,0.318918341838,0.253537853881,0.33569012153
0.134293888069,0.308026405864,0.2817452349,0.275934471167
0.524428234339,0.373127341025,0.0870101370555,0.0154342875807
0.272897635145,0.307785063059,0.325866010064,0.0934512917314
0.394668000434,0.03220640508,0.294723917797,0.278401676689
0.0881281099685,0.34173001438,0.323262660683,0.246879214968
0.144573643121,0.0163442335103,0.594097589935,0.244984533433
0.291161430917,0.31671346244,0.352535039669,0.0395900669732
0.366549811087,0.204359955412,0.303821704637,0.125268528865
0.361548010721,0.0259959082821,0.324739364605,0.287716716391
0.321797998626,0.101804679607,0.316822496683,0.259574825084
0.164806168192,0.16865824856,0.381987832732,0.284547750516
0.300746792008,0.278292495654,0.219079092927,0.201881619411
0.182074293283,0.303103636504,0.289700033581,0.225122036632
0.0548726469431,0.238332358135,0.144856075932,0.56193891899
0.206506049894,0.282459545356,0.294621888616,0.216412516134
0.362904535765,0.112563051135,0.348240806309,0.176291606791
0.224339234986,0.282653506204,0.0918396344243,0.401167624385
0.117748667839,0.606414112625,0.0122691717364,0.263568047799
0.155901057692,0.36441215505,0.213824023671,0.265862763586
0.109312617385,0.240786240811,0.000752783648745,0.649148358155
0.293240352539,0.380098909247,0.189071767034,0.13758897118
0.402464466598,0.0880308837601,0.140773524647,0.368731124995
0.0353934105052,0.243584135829,0.367857865353,0.353164588314
0.132773178372,0.344087292933,0.169031051394,0.354108477301
0.213839574843,0.399421525861,0.355146141254,0.0315927580415
0.32732376659,0.0805895168211,0.267727339462,0.324359377127
0.0463761544032,0.228413935414,0.388463254343,0.33674665584
0.206728227858,0.331954283367,0.449750556231,0.0115669325433
0.421190984702,0.109948391993,0.0226336963801,0.446226926925
0.174219652627,0.0163841570265,0.467788676566,0.34160751378
0.314867270761,0.166952141971,0.453025759003,0.0651548282646
0.239382302565,0.272441924094,0.267233151503,0.220942621839
0.437730177243,0.190685786263,0.258336882888,0.113247153606
0.260857890976,0.326359380761,0.348473168399,0.0643095598641
0.312859138067,0.00123054142284,0.616705516892,0.0692048036187
0.062499712536,0.272226005276,0.358194621556,0.307079660632
0.304783270464,0.0352540802794,0.209666785558,0.450295863699
0.139358008653,0.147984972595,0.283865680285,0.428791338468
0.0516024771507,0.12307280014,0.030992590949,0.79433213176
0.269703463187,0.438979926433,0.16923125368,0.122085356699
0.403924489165,0.084446044915,0.321412057668,0.190217408252
0.113519978306,0.138883060624,0.404457402443,0.343139558628
0.348872045399,0.160880882813,0.444105803156,0.0461412686329
0.112502526508,0.259379280988,0.208200732769,0.419917459735
0.167497914829,0.292711281313,0.483469796845,0.0563210070133
0.387766189565,0.206667268238,0.394779089222,0.0107874529759
0.460437146366,0.0592690210711,0.389131604679,0.0911622278844
0.308286717621,0.0968132176199,0.0437270417166,0.551173023043
0.00739430251755,0.344505538612,0.2939321035,0.35416805537
0.147053024528,0.396238243418,0.212951030328,0.243757701725
0.0732140215979,0.284543134347,0.312616632273,0.329626211782
0.276356844098,0.207166716405,0.404174985388,0.112301454109
0.429552367015,0.00802672368358,0.433027202257,0.129393707044
0.262253445812,0.22766738918,0.200300877228,0.30977828778
0.302754678177,0.179409023051,0.263218971832,0.254617326939
0.0991429955029,0.416960536403,0.399695228376,0.0842012397181
0.362251928512,0.0629874900377,0.210470384579,0.364290196872
0.328781250293,0.124020980391,0.457230342018,0.0899674272981
0.0913109554426,0.297305358849,0.0847367152849,0.526646970423
0.0443586181826,0.33940329981,0.332763865793,0.283474216215
0.0971867525272,0.509648797123,0.140724904996,0.252439545354
0.188314928691,0.324220818106,0.148770853027,0.338693400176
0.346475443474,0.265539640947,0.170844975642,0.217139939936
0.331744934332,0.23868254439,0.00597273846304,0.423599782814
0.21009921392,0.00472807988084,0.36711188084,0.418060825359
0.281308307289,0.328116564331,0.281604870447,0.108970257932
0.353792702166,0.0324203883719,0.454924568626,0.158862340836
0.266385192831,0.048598886689,0.365013651976,0.320002268504
0.157677698998,0.0898401095829,0.243172269136,0.509309922283
0.238553603552,0.0545847190556,0.268892236595,0.437969440798
0.479918996372,0.172420560159,0.232112060017,0.115548383452
0.269804385033,0.165050482336,0.318876577265,0.246268555366
0.278794017345,0.503013891233,0.0463133728272,0.171878718594
0.596653831049,0.0240928511078,0.0999630387769,0.279290279066
0.409066937647,0.391799718315,0.0436229655658,0.155510378473
0.277277277501,0.392192650237,0.0917158773841,0.238814194878
0.0890726891716,0.328525263505,0.293640864151,0.288761183173
0.351366530647,0.0491321235754,0.0209520432126,0.578549302565
0.00329337106654,0.258373084175,0.706202994055,0.0321305507031
0.0333173806289,0.454780537061,0.00744483048168,0.504457251829
0.385066945273,0.387645139694,0.0525315562699,0.174756358764
0.112422753708,0.312454323138,0.305966561428,0.269156361726
0.281169372145,0.294915667317,0.319524024574,0.104390935963
0.311581136154,0.105187769297,0.236065548843,0.347165545706
0.586134876178,0.203742679174,0.19293243498,0.0171900096678
0.120979409395,0.351165049234,0.152127951702,0.375727589668
0.48544685551,0.152301801551,0.229977445253,0.132273897687
0.0990280669715,0.141141665287,0.411832852487,0.347997415254
0.31301462659,0.267065452655,0.18591889823,0.234001022526
0.0205799346966,0.0490614796495,0.46042824701,0.469930338644
0.180168580003,0.329975819785,0.294687630486,0.195167969726
0.371316013936,0.0613166581967,0.321162627774,0.246204700093
0.396939765017,0.122770043551,0.471725603648,0.00856458778464
0.158206309764,0.0389602766483,0.396569400278,0.406264013309
0.213813632621,0.38454730834,0.385508565284,0.0161304937549
0.264123076892,0.282862068494,0.176869230745,0.27614562387
0.286796487148,0.278617720038,0.149452934356,0.285132858458
0.443985858278,0.352533472881,0.197680588776,0.0058000800646
0.0649743274161,0.293849149679,0.310631034339,0.330545488566
0.247101592096,0.192322634976,0.233026979501,0.327548793427
0.0525448316184,0.159118951482,0.375363375597,0.412972841303
0.256444460626,0.243607865929,0.324609750305,0.17533792314
0.398202302964,0.368717702377,0.134661234843,0.0984187598154
0.240958719019,0.059157242325,0.204207097358,0.495676941298
0.142089839727,0.364446380488,0.175505116971,0.317958662813
0.218071369903,0.224602493647,0.160985876253,0.396340260197
0.432958626665,0.244527114266,0.114131602947,0.208382656122
0.072839231351,0.376067529004,0.390454623945,0.1606386157
0.207706861435,0.356373310017,0.0348991207264,0.401020707821
0.0666047131491,0.137479211904,0.423601954208,0.372314120738
0.332240302898,0.108247481548,0.138113545725,0.421398669829
0.361219904199,0.0435837016971,0.167375827877,0.427820566227
0.507040306839,0.0825287035086,0.215383811111,0.195047178542
0.292506872879,0.202776487088,0.315617491119,0.189099148914
0.433748762397,0.332501223979,0.0410137765652,0.192736237059
0.00737034678199,0.441305768326,0.472500483541,0.0788234013502
0.143140883905,0.402442344864,0.388770385906,0.0656463853255
0.110208406863,0.40002501019,0.251407212142,0.238359370805
0.350258063767,0.181555643743,0.336678357463,0.131507935026
0.34993886742,0.236216724968,0.0780493267217,0.33579508089
0.498397008523,0.038581241881,0.410100488828,0.052921260768
0.354955414671,0.242678090239,0.239477322697,0.162889172393
0.0689688346748,0.476239729592,0.288921352771,0.165870082962
0.032124192145,0.203056444907,0.389089840684,0.375729522264
0.316425577195,0.126776482916,0.269273082817,0.287524857071
0.320194721862,0.183245566261,0.332412634757,0.164147077121
0.0110005677256,0.776825587584,0.0443182585909,0.167855586099
0.374278782313,0.19559345156,0.0325736833115,0.397554082816
0.289090345682,0.151230708457,0.378714769335,0.180964176526
0.0733898388235,0.157056357629,0.370483144848,0.3990706587
0.679307671744,0.245646996744,0.0715992513585,0.00344608015331
0.465093355689,0.31072337645,0.0730828471566,0.151100420705
0.453423586696,0.0726083913204,0.3273239876,0.146644034384
0.0614094503215,0.0653322775816,0.627001977193,0.246256294904
0.287606905805,0.212641450718,0.260139912385,0.239611731092
0.261256292359,0.311385302141,0.136130528871,0.291227876629
0.265323132093,0.122113036262,0.176964818459,0.435599013186
0.253062726119,0.15587235593,0.279664353452,0.3114005645
0.238532839476,0.266403708802,0.266921326194,0.228142125528
0.44184541209,0.302619724426,0.0557306303715,0.199804233113
0.235890740196,0.409911047321,0.205599022929,0.148599189554
0.291815658927,0.0584953653451,0.246904930679,0.402784045049
0.255718827307,0.31017389615,0.0816816614222,0.35242561512
0.169124400558,0.34048358237,0.0398168501547,0.450575166917
0.119767145168,0.417826303948,0.419011361467,0.0433951894171
0.0258626746527,0.414726148753,0.319801555039,0.239609621555
0.124032616523,0.316109686001,0.166014998017,0.393842699459
0.333398338082,0.339829552549,0.0438165358601,0.282955573508
0.0893243841465,0.401810317504,0.405786556219,0.103078742131
0.204419756084,0.174010530973,0.400820384518,0.220749328425
0.302098864551,0.0586441390728,0.311068376384,0.328188619993
0.542700463875,0.397619260545,0.00890885235273,0.0507714232274