0.238568439124,0.102621151486,0.175184617122,0.483625792267
0.407640080825,0.0274207433758,0.216407204901,0.348531970898
0.299323627888,0.237701455502,0.178435420031,0.284539496579
0.389547444625,0.00864869641991,0.105531954936,0.496271904019
0.135008300767,0.178743937735,0.17286882715,0.513378934349
0.337414984521,0.367431220872,0.117875882464,0.177277912142
0.26882925614,0.459937843979,0.0358487633744,0.235384136507
0.00494047908934,0.305368157078,0.316415921067,0.373275442766
0.121992008841,0.499170313722,0.0158802015786,0.362957475859
0.179127012305,0.217432242074,0.305272774046,0.298167971576
0.29021467394,0.268397254093,0.266604350308,0.174783721659
0.181720908216,0.252818898362,0.159080224266,0.406379969156
0.0669318977737,0.236592375997,0.367570513219,0.32890521301
0.0507495115622,0.134754150456,0.711793601582,0.1027027364
0.469795559389,0.46497375663,0.0336361697239,0.0315945142571
0.0977357094214,0.0503194375622,0.428727161339,0.423217691677
0.166001784881,0.418041420488,0.267802747251,0.14815404738
0.1049877567,0.164606383793,0.447725059531,0.282680799976
0.0595163624889,0.478157435288,0.148111607585,0.314214594638
0.245311597662,0.412927932982,0.0800376102939,0.261722859062
0.372060429295,0.229818569061,0.0931339484011,0.304987053243
0.0858476628856,0.280183564928,0.142383686961,0.491585085226
0.0683238514014,0.344403245492,0.324475812531,0.262797090575
0.000147822584126,0.386448543698,0.489479286244,0.123924347474
0.349125979788,0.113358778586,0.275640858178,0.261874383448
0.372451457421,0.00747849965574,0.282405589439,0.337664453485
0.347952844369,0.37635333092,0.161542234672,0.114151590039
0.301157772624,0.0323263317195,0.304592829599,0.361923066058
0.242071721231,0.0729846055407,0.26632957069,0.418614102539
0.542322409401,0.33588658984,0.0355322024538,0.0862587983058
0.249193695014,0.317590765648,0.312255478599,0.120960060739
0.401101246875,0.085369190841,0.273921174545,0.239608387739
0.430350123361,0.261410295441,0.177610955571,0.130628625626
0.164435474421,0.21080666571,0.338718440781,0.286039419088
0.0583335380834,0.238893345641,0.391999673328,0.310773442947
0.336595976822,0.197345269417,0.252280776976,0.213777976785
0.457957911532,0.0762817686528,0.255643941235,0.21011637858
0.226640973674,0.345883081431,0.274621846468,0.152854098427
0.114153360395,0.179431659209,0.336904747383,0.369510233013
0.279060872016,0.537063744074,0.144683370477,0.039192013433
0.0715091492448,0.290246080754,0.254596103439,0.383648666562
0.197548434565,0.18136684542,0.254318520406,0.366766199609
0.185386448462,0.265255302667,0.409788244948,0.139570003923
0.218161018502,0.356972068858,0.20315275732,0.22171415532
0.285540402029,0.253305048063,0.209490169674,0.251664380234
0.126921731807,0.0332523177345,0.482318651262,0.357507299196
0.310866424117,0.216599015826,0.195007976374,0.277526583682
0.119677883121,0.554233798331,0.275117700791,0.0509706177557
0.206414505803,0.00879432206154,0.750092576547,0.0346985955887
0.173492725424,0.427374475305,0.147558535125,0.251574264146
0.485437203197,0.297845130098,0.176439401983,0.0402782647218
0.284962702053,0.266026874474,0.33377239645,0.115238027023
0.116196196173,0.194689138837,0.340239957603,0.348874707388
0.316046350354,0.316177268385,0.320063899751,0.0477124815097
0.462634144981,0.193924181796,0.270096655467,0.0733450177558
0.0677999125673,0.383229807448,0.109973853479,0.438996426506
0.187079088747,0.240896578173,0.49911843901,0.0729058940709
0.00260218383759,0.41915652986,0.159245467226,0.418995819077
0.0261529015448,0.16796535319,0.512489522311,0.293392222954
0.125740616309,0.483504728902,0.104772093086,0.285982561703
0.356481115122,0.135233966461,0.0948169275681,0.413467990849
0.197004068599,0.0381031154174,0.373646572199,0.391246243784
0.201786848542,0.275893069895,0.249960263942,0.272359817621
0.592176627766,0.186701384122,0.000853461814031,0.220268526298
0.272503919175,0.278112108849,0.410678302294,0.0387056696825
0.0744675528936,0.341678609213,0.430097388506,0.153756449388
0.507447192238,0.318786664104,0.104586626637,0.0691795170209
0.381697966418,0.491152176244,0.0659658191777,0.0611840381607
0.212810875034,0.00194731248628,0.401365040434,0.383876772046
0.390781817214,0.0478920537487,0.219338423169,0.341987705869
0.132194942284,0.213202332362,0.368800350385,0.28580237497
0.285047932275,0.322425706095,0.124828527603,0.267697834026
0.260664322318,0.243703605499,0.372037051086,0.123595021098
0.264758897444,0.00459696128223,0.431111864417,0.299532276857
0.212260968244,0.324104602357,0.31314966238,0.150484767019
0.343300028295,0.202629132852,0.174591727332,0.279479111521
0.220538484559,0.252720073099,0.0332733051894,0.493468137153
0.217835095384,0.232557271701,0.0812759697576,0.468331663157
0.311015065499,0.142975334387,0.437607435739,0.108402164375
0.186572294456,0.316145595997,0.0428076573985,0.454474452148
0.000373282469004,0.303745370446,0.351044530671,0.344836816414
0.365810080159,0.158915099431,0.364675800845,0.110599019565
0.168367863476,0.323508513409,0.0401382685108,0.467985354604
0.130477894525,0.267949043186,0.319984557466,0.281588504823
0.356848137585,0.0936702917961,0.2330149722,0.316466598419
0.250193799283,0.311777332028,0.17051277825,0.26751609044
0.0901297859556,0.038645210959,0.580446190918,0.290778812167
0.0149597281338,0.0109326800634,0.455395624338,0.518711967465
0.360194718797,0.319908701976,0.0980287876742,0.221867791553
0.271176901498,0.442102385375,0.231987947582,0.0547327655445
0.226522875237,0.232020903224,0.443167105039,0.0982891164997
0.223678247697,0.479124216023,0.0404174167888,0.256780119491
0.337344424613,0.0427917067191,0.304832620279,0.315031248389
0.354207687184,0.10067755345,0.342998976227,0.202115783139
0.282990640084,0.368273741922,0.0181862103583,0.330549407636
0.460039129378,0.302562952428,0.1707994022,0.0665985159946
0.134901615261,0.518557514226,0.0492195728022,0.297321297711
0.179201725628,0.519509704581,0.28094818022,0.0203403895709
0.187791519776,0.146052034834,0.156287250656,0.509869194734
0.118807710782,0.119945567796,0.45439670943,0.306850011992
0.0390855655328,0.283757621991,0.350456894883,0.326699917593
0.0711339103447,0.246351045098,0.47291133861,0.209603705947
0.369766349248,0.0656140777253,0.355777887872,0.208841685154
0.47867482593,0.0986414411973,0.300934270309,0.121749462564
0.242315397521,0.296666376373,0.0942781942732,0.366740031833
0.310547701739,0.394326028357,0.203346512267,0.0917797576362
0.210750863203,0.00437458560986,0.243825972115,0.541048579072
0.192727363594,0.0189011082755,0.449163466598,0.339208061532
0.0904525862665,0.384887895292,0.176259872679,0.348399645763
0.154258471519,0.577512679806,0.0547000917548,0.213528756921
0.259269160895,0.0415626936602,0.364143686717,0.335024458729
0.300223934785,0.191964138519,0.19869643413,0.309115492566
0.328874559639,0.281374195694,0.235154789169,0.154596455499
0.273350686429,0.212852108293,0.000802020816023,0.512995184462
0.190533837509,0.18440940113,0.393131763922,0.231924997439
0.25642715416,0.181507283842,0.294868160266,0.267197401732
0.334980176038,0.265660652438,0.0304975580811,0.368861613442
0.216132761547,0.420160092337,0.315973474913,0.0477336712031
0.0708859562123,0.378550860304,0.268293451705,0.282269731779
0.431535241566,0.150145216151,0.268365012678,0.149954529604
0.189558668073,0.248254025647,0.292415884623,0.269771421657
0.33810497968,0.0763417864161,0.333381128775,0.252172105128
0.2829780178,0.29788464376,0.326701258035,0.0924360804054
0.208537400945,0.470751102411,0.0913659283578,0.229345568286
0.181386240655,0.321318391141,0.0436385659531,0.453656802251
0.316680346185,0.229622697775,0.30960735522,0.144089600821
0.361960306509,0.261216966366,0.225791193093,0.151031534033
0.0875647498819,0.437276879062,0.0323601915751,0.442798179481
0.0418444591825,0.360112722396,0.314621226467,0.283421591955
0.482193143975,0.269752868209,0.216623796735,0.031430191081
0.0321071092145,0.407665916731,0.327989981115,0.232236992939
0.218078239639,0.120267515172,0.297276875952,0.364377369237
0.344116023664,0.255784767492,0.0729145495042,0.327184659339
0.0240068309726,0.718578189783,0.105073269865,0.152341709379
0.4269672156,0.121306990535,0.38703596256,0.0646898313044
0.405639896711,0.317086432058,0.00957377537831,0.267699895853
0.273708566265,0.0354042815483,0.347164084029,0.343723068157
0.287087523234,0.184355154102,0.233945093806,0.294612228858
0.56806074316,0.318952518705,0.0666020485386,0.0463846895967
0.156401775758,0.185154562202,0.458317370084,0.200126291956
0.0762316850538,0.143159474946,0.217938378773,0.562670461228
0.0574825743726,0.356684859296,0.27443378023,0.311398786101
0.0107789842622,0.311788937624,0.538267926764,0.13916415135
0.126226680117,0.609858419682,0.0335485896231,0.230366310578
0.292531937888,0.301600442668,0.187315963282,0.218551656163
0.0301160943586,0.479108005874,0.102119142451,0.388656757316
0.198109301332,0.299165501715,0.14445043496,0.358274761992
0.365496104748,0.0479952821875,0.445382197612,0.141126415452
0.207303893723,0.214942656169,0.248245610237,0.329507839871
0.192617099703,0.169645375179,0.20018209178,0.437555433338
0.357714411274,0.0454440138159,0.176474425832,0.420367149078
0.132331037823,0.427531557899,0.37962877764,0.0605086266383
0.316959847599,0.160872612403,0.271757094237,0.25041044576
0.155147713593,0.342777016579,0.147289774744,0.354785495084
0.283244168817,0.135148643476,0.341579769474,0.240027418233
0.367731862941,0.0526576338748,0.121252536678,0.458357966506
0.162575842399,0.172484446372,0.12589408543,0.539045625798
0.130195923733,0.315547085535,0.192118238343,0.362138752388
0.276454201923,0.000940237533006,0.118400577557,0.604204982987
0.349411345419,0.257518773768,0.333645218403,0.0594246624104
0.385554967635,0.321440248098,0.139950814356,0.153053969912
0.0644954431424,0.407734336916,0.25687993738,0.270890282562
0.296822786406,0.124193756582,0.287407985842,0.29157547117
0.182290586731,0.163919725346,0.462196108863,0.19159357906
0.396699485345,0.234610171919,0.195832410056,0.172857932681
0.284034780935,0.15240852155,0.387918059805,0.175638637709
0.334566179528,0.137649764758,0.360652552744,0.16713150297
0.229282411418,0.296629503959,0.0684635138862,0.405624570736
0.0460713520951,0.466174852929,0.376619735999,0.111134058977
0.187225087912,0.241292535927,0.300019401981,0.27146297418
0.311358744081,0.255322440257,0.286264428636,0.147054387026
0.64440167892,0.130968190184,0.0769769565863,0.14765317431
0.343476023661,0.303775154115,0.0349161818297,0.317832640394
0.317276759644,0.30795612917,0.297286796493,0.0774803146926
0.518830481335,0.399702441321,0.0693725429632,0.0120945343804
0.425557985415,0.0389760520951,0.0724767293183,0.462989233172
0.297273509234,0.319259149008,0.323553442791,0.0599138989674
0.369581124135,0.168244933064,0.000470916545158,0.461703026256
0.24804732922,0.438596453006,0.0809143419007,0.232441875874
0.329266071743,0.013697108125,0.366308204675,0.290728615457
0.145496372943,0.311608695002,0.238514864206,0.30438006785
0.334383651671,0.327340199833,0.21120017809,0.127075970406
0.414958996959,0.132245567662,0.373189800319,0.0796056350592
0.419415589296,0.0870543797527,0.232760748246,0.260769282705
0.570853401905,0.184490275059,0.00975685848437,0.234899464552
0.289997368739,0.209424194451,0.354374644403,0.146203792407
0.22551956198,0.408417917402,0.0232839894152,0.342778531203
0.222314424083,0.196087820651,0.546693670442,0.0349040848237
0.0119164267038,0.580167551708,0.368623354968,0.0392926666204
0.347702514091,0.2219069034,0.136297108377,0.294093474132
0.363848804044,0.110308631632,0.287787243331,0.238055320993
0.290761369956,0.271586694455,0.119002370241,0.318649565347
0.49932031566,0.105676918613,0.31444014429,0.0805626214373
0.13279382074,0.45123916914,0.19291305268,0.223053957439
0.150703788113,0.0782275099945,0.237636569352,0.533432132541
0.286774696781,0.379696614472,0.0594521801565,0.274076508591
0.555885474998,0.294912296772,0.136955167528,0.0122470607015
0.361489257018,0.174874492792,0.37114195294,0.0924942972498
0.0485267089098,0.0921183139309,0.289082406154,0.570272571005
0.494407858538,0.125227632054,0.35981305022,0.0205514591882