0.0469523081276,0.20901464378,0.593672153378,0.150360894714
0.384659032061,0.0131630091533,0.451857042178,0.150320916608
0.143256922795,0.0616863169997,0.0665604631022,0.728496297103
0.414760425566,0.311981800704,0.102343038678,0.170914735053
0.297287927207,0.234368852874,0.348343228156,0.119999991763
0.391695786854,0.00440629232197,0.188080416507,0.415817504317
0.210002318487,0.286688628624,0.329175304186,0.174133748704
0.257990605774,0.334662634328,0.0751248614939,0.332221898404
0.42645626176,0.250843005055,0.302994628079,0.019706105106
0.338472355589,0.336094088027,0.149151653504,0.17628190288
0.0159778128195,0.363986070993,0.311619664364,0.308416451824
0.282583129543,0.29311652852,0.226230223857,0.19807011808
0.22712214975,0.0747694553131,0.186901633848,0.511206761089
0.0933288833113,0.538444064165,0.0870525810168,0.281174471507
0.179381857864,0.516069715129,0.252881633135,0.0516667938719
0.318884435213,0.159041496361,0.145911314487,0.376162753939
0.499586425234,0.138232064548,0.129002380603,0.233179129614
0.308468871394,0.223354666434,0.0969100680251,0.371266394146
0.240421017032,0.332612779017,0.299394224359,0.127571979592
0.111312463355,0.221155795452,0.533824837651,0.133706903542
0.0405832882722,0.164895414935,0.27179493824,0.522726358553
0.231379699529,0.294874870455,0.202469950785,0.271275479231
0.208640257284,0.317780013468,0.206019377033,0.267560352215
0.382783633848,0.222720673538,0.228325521519,0.166170171095
0.171379422822,0.478301012736,0.0235296600894,0.326789904353
0.289542163451,0.216456971875,0.264154175186,0.229846689489
0.173232570552,0.230786190516,0.103584857299,0.492396381634
0.314521485391,0.0566429059278,0.231509930768,0.397325677913
0.257846700078,0.169383403369,0.537679819063,0.0350900774896
0.00918579769416,0.280070114719,0.0254956737666,0.68524841382
0.265241814262,0.228260095918,0.247684568874,0.258813520947
0.393519341324,0.293265648063,0.145340877625,0.167874132988
0.31115360382,0.327177687452,0.102078893086,0.259589815642
0.37550958131,0.168756662117,0.205002454381,0.250731302192
0.0297629476009,0.34803937448,0.194186955904,0.428010722015
0.561256752217,0.201206302149,0.0783004496332,0.159236496
0.154338587183,0.265065286568,0.235242831929,0.34535329432
0.00264699805252,0.609201314945,0.3159126953,0.0722389917024
0.420741289491,0.0371545214377,0.248595456408,0.293508732663
0.22619307876,0.57557007493,0.172455834207,0.0257810121036
0.32927520581,0.17874026992,0.248597009077,0.243387515194
0.322958947578,0.39554756895,0.26743725551,0.0140562279628
0.157194587489,0.286433860532,0.382833613334,0.173537938645
0.0809174446455,0.438551370428,0.36669861701,0.113832567917
0.249942001393,0.302808756288,0.281136060393,0.166113181927
0.328590123841,0.317759309411,0.190349734863,0.163300831885
0.416008131355,0.100767494895,0.277869256163,0.205355117587
0.289151740647,0.248939358238,0.366693475904,0.0952154252112
0.0402442211812,0.272527134934,0.431486516492,0.255742127393
0.249145012373,0.286899567624,0.225131588094,0.238823831909
0.0808765107337,0.306660434731,0.33398174371,0.278481310826
0.129047643659,0.331321676692,0.398068841146,0.141561838503
0.510793005773,0.0908108740608,0.36678378339,0.0316123367764
0.276015031892,0.316761217573,0.301828800464,0.105394950072
0.369154852526,0.229529763617,0.325646732464,0.075668651393
0.342551960441,0.314814955281,0.101792990867,0.240840093411
0.237654465017,0.436575780301,0.224201222965,0.101568531717
0.0176907825783,0.736521735837,0.113902538444,0.13188494314
0.0797487658167,0.229719468682,0.312115123529,0.378416641973
0.2356885921,0.127013162092,0.30297263445,0.334325611359
0.194854583679,0.29338070551,0.266545782216,0.245218928594
0.125986360251,0.305868968144,0.175605068296,0.39253960331
0.404029882473,0.298075039663,0.0702324248571,0.227662653007
0.267826151041,0.244351142516,0.00136880294283,0.4864539035
0.46828715568,0.0859029750483,0.341423594478,0.104386274794
0.409846144189,0.178452142797,0.161014165038,0.250687547976
0.235675717742,0.470817576235,0.292960854909,0.000545851113286
0.341799523809,0.0614543488252,0.265858228233,0.330887899132
0.426137011122,0.0733593935233,0.170199661712,0.330303933644
0.202300467272,0.26395995097,0.119592367097,0.414147214661
0.336647413594,0.239267855651,0.12147257136,0.302612159396
0.281766574824,0.251082749544,0.117667763418,0.349482912215
0.0872716129753,0.36847384213,0.329598110781,0.214656434114
0.0403685494609,0.299726003748,0.447148106276,0.212757340516
0.43927206365,0.0528463899529,0.00952418528256,0.498357361114
0.333043430467,0.217752318399,0.172595091801,0.276609159332
0.28117505528,0.28995748145,0.134965820239,0.293901643031
0.453937925797,0.0554314401312,0.203246317206,0.287384316866
0.320437200885,0.183986435876,0.361225598874,0.134350764364
0.0331685332485,0.184935375387,0.673170169823,0.108725921541
0.0796830246803,0.336290802624,0.292294267456,0.29173190524
0.249352470139,0.404565936887,0.0908401168816,0.255241476092
0.447209962483,0.144334847593,0.0146688439451,0.393786345979
0.297851205913,0.377963129994,0.164474716533,0.159710947561
0.20448277618,0.246783360259,0.130313432647,0.418420430914
0.172907705913,0.0797030021854,0.387931113084,0.359458178818
0.0983301217853,0.407824298491,0.412238895547,0.0816066841761
0.346562687819,0.306199577762,0.00581982928044,0.341417905138
0.327863750837,0.0562530942636,0.319866991698,0.296016163201
0.177765098724,0.343926725085,0.373816448861,0.10449172733
0.453160098159,0.0679188743368,0.426105608615,0.0528154188889
0.241884860314,0.0315379317651,0.399845626059,0.326731581861
0.0107398472156,0.473581781279,0.260962500012,0.254715871494
0.321307054471,0.249427935743,0.191694233904,0.237570775882
0.00223934690098,0.0964629796244,0.616638775015,0.28465889846
0.434706424778,0.410860561647,0.039407958712,0.115025054863
0.198119925473,0.321402150055,0.039849176921,0.440628747551
0.0785506002909,0.339866491796,0.238708444343,0.34287446357
0.365538937624,0.10190849045,0.138310869762,0.394241702164
0.0839295415118,0.205862752437,0.395036238491,0.315171467561
0.162058357638,0.248090089523,0.251987369643,0.337864183196
0.105119595693,0.398084830083,0.148023225432,0.348772348792
0.420881492011,0.379291142539,0.0258403156209,0.173987049829
0.247958402385,0.136330651372,0.276757251677,0.338953694565
0.307109529955,0.139094720629,0.329754998459,0.224040750957
0.0989514847488,0.0687750916703,0.149479127502,0.682794296079
0.321317747143,0.179038013144,0.385989037387,0.113655202326
0.325748485395,0.186890874847,0.303612833268,0.183747806491
0.184694348406,0.270662832502,0.299204214302,0.24543860479
0.03659554057,0.263618814393,0.543346591795,0.156439053243
0.296590763817,0.109606824974,0.258926379021,0.334876032188
0.107664072352,0.22081727919,0.595554744058,0.0759639043999
0.0808058318028,0.480300474654,0.287765354691,0.151128338852
0.336855310484,0.154515279094,0.229366890794,0.279262519628
0.0646789128557,0.298950964651,0.313472021811,0.322898100683
0.182652685888,0.263136027605,0.314649913987,0.23956137252
0.0966623810649,0.206747451246,0.42193951323,0.274650654459
0.169887553472,0.264875648265,0.492892468874,0.0723443293882
0.577518704399,0.130647168958,0.163526423323,0.12830770332
0.300051941248,0.020120406253,0.332910230719,0.34691742178
0.484624931446,0.0871002458902,0.328586888908,0.0996879337565
0.13434119535,0.326044096405,0.405582215611,0.134032492634
0.432601298961,0.370334730926,0.115265760397,0.0817982097167
0.0306739425449,0.20427513222,0.3440977936,0.420953131635
0.110951435164,0.275651889802,0.307091470708,0.306305204325
0.371825761743,0.204550674215,0.247688694005,0.175934870038
0.194017408738,0.069662733709,0.0206779457119,0.715641911842
0.302021939298,0.124319244652,0.139897076115,0.433761739935
0.488426172965,0.105014582888,0.0522187946661,0.354340449481
0.37654852944,0.00378712435573,0.233288431845,0.38637591436
0.248172199876,0.0640493447838,0.333336502559,0.354441952781
0.397216714131,0.198957809579,0.180373919097,0.223451557194
0.291154526205,0.219641835639,0.244584694964,0.244618943192
0.212586454921,0.124960827011,0.493712337592,0.168740380476
0.17795447938,0.42556038699,0.372074656387,0.0244104772432
0.1045199802,0.362703580863,0.322402402649,0.210374036289
0.0306681972639,0.472141912541,0.222947150685,0.27424273951
0.241585754291,0.271864536936,0.260479992319,0.226069716454
0.498540605712,0.342374566208,0.0693650513048,0.0897197767752
0.0733386923419,0.372419126694,0.548717496918,0.00552468404617
0.47582851934,0.048178322478,0.436105233492,0.0398879246898
0.327601152898,0.210176245596,0.316680165668,0.145542435837
0.370441289224,0.0710585381367,0.538239655234,0.0202605174061
0.00109708503196,0.372592621066,0.262477775112,0.363832518789
0.107965345559,0.35282170018,0.0179411385645,0.521271815697
0.059039017548,0.0348551321927,0.396814649993,0.509291200266
0.30161760207,0.395722104526,0.241937995211,0.0607222981931
0.349633824982,0.128362116467,0.00924975566853,0.512754302883
0.347966072786,0.325734916594,0.273392931398,0.0529060792213
0.344626853126,0.0965478271873,0.218588604037,0.340236715649
0.180699282961,0.19597254677,0.385532593786,0.237795576482
0.43684759703,0.302441389982,0.113911551891,0.146799461097
0.300044591995,0.122661945836,0.268444534161,0.308848928008
0.147174159233,0.733713132951,0.0905591241202,0.0285535836966
0.314529345166,0.303679385157,0.265449924295,0.116341345383
0.418613601397,0.276751682274,0.135336397293,0.169298319036
0.374632274741,0.242668906686,0.3455376223,0.0371611962723
0.00864603839186,0.451353138534,0.233533472164,0.30646735091
0.349469737099,0.221427582127,0.286422692717,0.142679988057
0.391377298012,0.292229146257,0.209611556717,0.106781999014
0.110631582879,0.443432473814,0.359878243415,0.086057699892
0.338057324113,0.0824654813563,0.240835143059,0.338642051472
0.512852646115,0.0996545522517,0.359441378471,0.0280514231623
0.458385524617,0.044528466578,0.271187338736,0.225898670069
0.275549522556,0.336375480835,0.160001588755,0.228073407854
0.253370669023,0.0392220591982,0.420145203039,0.28726206874
0.0380254773987,0.488713207478,0.221782248735,0.251479066388
0.428569697827,0.183737050525,0.0106496319471,0.3770436197
0.459370261936,0.0360038465868,0.234804032622,0.269821858855
0.0504688800041,0.309746222563,0.315438052961,0.324346844472
0.632229983673,0.130716361798,0.00381705692663,0.233236597603
0.0242450423023,0.507408009885,0.266548253612,0.201798694201
0.383560031592,0.0457917478937,0.272979138174,0.29766908234
0.550578786448,0.32924047292,0.0974439603775,0.0227367802548
0.436374532354,0.142407347573,0.301023568507,0.120194551566
0.124351980134,0.169471786515,0.455572302137,0.250603931214
0.0585548932667,0.0911640283391,0.650317488726,0.199963589668
0.0944792355054,0.288323657673,0.582777839605,0.034419267217
0.25251873686,0.259949154881,0.245336680375,0.242195427885
0.347641827745,0.243026216548,0.276659055731,0.132672899976
0.35913867415,0.0510790101726,0.452889363525,0.136892952153
0.235765652615,0.212240632975,0.0524673605617,0.499526353848
0.227527452166,0.155768999018,0.45232530948,0.164378239336
0.218388042997,0.14600533088,0.399676364191,0.235930261933
0.273704747235,0.471442747333,0.206683642398,0.0481688630338
0.275806416514,0.305984275721,0.0352761989123,0.382933108853
0.298210327763,0.272773990795,0.244587683624,0.184427997818
0.20841143212,0.339394053499,0.320794321729,0.131400192652
0.105990464185,0.0539176450319,0.318229896207,0.521861994576
0.258740748366,0.434559950669,0.0988874334872,0.207811867478
0.0710022025685,0.113580623871,0.438774260179,0.376642913382
0.233786831167,0.197458673318,0.0295759660898,0.539178529426
0.157244968011,0.182849817485,0.262913531838,0.396991682666
0.529904175156,0.0980861548633,0.0218997267986,0.350109943182
0.118527992517,0.265160865405,0.327192773386,0.289118368693
0.218378151071,0.335317109048,0.412086486599,0.0342182532815
0.00599202936832,0.288318238026,0.293251664095,0.41243806851
0.102356076449,0.461471143147,0.127142249739,0.309030530666
0.279294074229,0.220334596026,0.213929871577,0.286441458168
0.23677477716,0.28400190996,0.173492265717,0.305731047164