0.271950694263,0.372097267767,0.326060451046,0.0298915869238
0.492957070881,0.19136245574,0.0656108747479,0.250069598631
0.189409206706,0.451801828163,0.160177092982,0.198611872149
0.223076383013,0.322053144294,0.20756911124,0.247301361453
0.197773165071,0.316809866302,0.330146160048,0.155270808578
0.325159834269,0.0840297114365,0.408511969673,0.182298484622
0.25846445803,0.204314158125,0.0341837725506,0.503037611294
0.287938564923,0.185487457897,0.255375563184,0.271198413996
0.371620157703,0.17780621985,0.39163996823,0.0589336542183
0.307455571817,0.180939365384,0.143686107141,0.367918955659
0.627126923003,0.0150971933984,0.00421123445767,0.35356464914
0.16678165636,0.239916236718,0.218587623681,0.374714483241
0.417422976531,0.070850034444,0.219695879482,0.292031109543
0.292185764618,0.0972381520497,0.441689872583,0.168886210749
0.359103520725,0.210182629138,0.276576494619,0.154137355518
0.571426929715,0.214003039768,0.185236017795,0.0293340127219
0.463324827043,0.449443241861,0.0204107275999,0.0668212034961
0.149750378966,0.156965039308,0.37264200299,0.320642578737
0.506160531108,0.0456780081901,0.34732294179,0.100838518912
0.416349424104,0.204584971131,0.0827263727016,0.296339232063
0.0779295864602,0.315514617782,0.413910434572,0.192645361185
0.226191187385,0.214583874816,0.299828443452,0.259396494347
0.068441366001,0.225260539857,0.362811575714,0.343486518428
0.0056950244893,0.109229886678,0.242824605974,0.642250482858
0.256795276888,0.304836592478,0.186478898393,0.251889232242
0.24035971658,0.0410780578054,0.288883289477,0.429678936139
0.234934885709,0.225678924881,0.303458706447,0.235927482963
0.0361377700448,0.791316342346,0.114971242906,0.0575746447025
0.0249674574445,0.22748214126,0.201587351248,0.545963050047
0.0654511162628,0.417921679032,0.417305607263,0.0993215974413
0.0852145203187,0.0897148178394,0.42251670858,0.402553953262
0.0559912128296,0.224776486511,0.173610494216,0.545621806443
0.276672758466,0.472350536855,0.205700308251,0.0452763964279
0.0854043145845,0.080639903912,0.413502889023,0.420452892481
0.220625758214,0.306989066033,0.341051135246,0.131334040507
0.467675650804,0.181031915113,0.0615594382338,0.289732995849
0.381572958267,0.158377899849,0.103832114286,0.356217027598
0.288109271261,0.0676080945769,0.515898275618,0.128384358544
0.178628666457,0.221010860358,0.266232626225,0.33412784696
0.0847073061035,0.458770746434,0.152613290778,0.303908656684
0.157739919091,0.100467163534,0.137823400639,0.603969516736
0.173016900992,0.0786423397576,0.154506280174,0.593834479076
0.29185102817,0.302278249385,0.281657477897,0.124213244548
0.046570916743,0.220004603359,0.294502656518,0.43892182338
0.206262971375,0.246199649002,0.365475334523,0.1820620451
0.227196036569,0.0888886448573,0.151509387575,0.532405930998
0.432812103039,0.023124289846,0.465241511321,0.0788220957936
0.411471332918,0.168753348318,0.0293141109664,0.390461207798
0.393683554566,0.114894020365,0.112874456747,0.378547968323
0.315813332044,0.0225172046452,0.349159713632,0.31250974968
0.157391078358,0.468685229442,0.212375500262,0.161548191937
0.327433021847,0.0660019521525,0.364249556526,0.242315469474
0.283583023891,0.200783879978,0.0245986230813,0.49103447305
0.407102343607,0.152586975729,0.362443147356,0.0778675333083
0.267240076537,0.225066502519,0.313466272163,0.194227148781
0.13260051636,0.293767950708,0.519968913986,0.0536626189458
0.320968670042,0.303589815608,0.163088172458,0.212353341893
0.231747199775,0.166185809606,0.327782555445,0.274284435175
0.430058628287,0.0949131397746,0.297499444863,0.177528787075
0.18180402319,0.20977935473,0.41090113853,0.19751548355
0.0607389582177,0.415584192866,0.483567132653,0.0401097162632
0.456220584538,0.463923745054,0.0654903816579,0.0143652887497
0.347692999773,0.200104753702,0.132491035045,0.31971121148
0.175286927704,0.288580791375,0.223756975355,0.312375305565
0.197372926238,0.182828007624,0.33382460674,0.285974459398
0.418526471687,0.0122224437287,0.1910723464,0.378178738184
0.755265431764,0.00160229483469,0.0198990560953,0.223233217306
0.202185472136,0.122709816189,0.367352999104,0.307751712571
0.313967088506,0.319072831366,0.00442869947363,0.362531380655
0.0927925393597,0.120077242004,0.730948349177,0.0561818694585
0.515596147804,0.186789943415,0.0695142156313,0.228099693149
0.420703239672,0.422772941576,0.0767554631965,0.0797683555561
0.382503133205,0.215549811216,0.25468247305,0.147264582529
0.174651667605,0.346093607297,0.0701178415739,0.409136883523
0.0617045188867,0.396915880169,0.2585190892,0.282860511744
0.116074973099,0.201278915136,0.38708038631,0.295565725454
0.440139903871,0.144517930671,0.00589707065196,0.409445094806
0.272346077896,0.164157366455,0.206914053567,0.356582502082
0.430442716595,0.110516598309,0.0315928699404,0.427447815155
0.622341487714,0.0948735969157,0.0838360992674,0.198948816103
0.167098099497,0.278316127463,0.215511255,0.33907451804
0.156889117887,0.0620617424142,0.282620805219,0.49842833448
0.309534667485,0.390104505346,0.156928965968,0.1434318612
0.298671721892,0.458821422528,0.138213569069,0.104293286512
0.119764597634,0.198633425059,0.513358136624,0.168243840683
0.212193028052,0.0981691969902,0.410841227672,0.278796547286
0.280853926959,0.509898133514,0.151519019334,0.0577289201929
0.0765855632989,0.103304031055,0.445313387242,0.374797018404
0.297324089628,0.3605644182,0.329015426218,0.0130960659535
0.264884409441,0.243075917657,0.335214563212,0.15682510969
0.161498249346,0.0321844259629,0.76587144266,0.0404458820317
0.26904620517,0.275673588537,0.200169444513,0.25511076178
0.238065830348,0.308976450826,0.0760013354293,0.376956383396
0.0638775718493,0.403811478248,0.0586703163337,0.473640633569
0.0787092905694,0.805895515109,0.0703980285728,0.0449971657488
0.366584568313,0.193040865178,0.359641978875,0.0807325876348
0.355840867289,0.103124401145,0.163405164002,0.377629567564
0.0587454360761,0.179597139737,0.20418460306,0.557472821127
0.0778924015357,0.241301808451,0.261886271571,0.418919518443
0.121620420739,0.343306939878,0.289582807745,0.245489831638
0.316540955691,0.348304786608,0.278319113149,0.0568351445522
0.190225927684,0.0305219290689,0.441083220811,0.338168922436
0.280359657949,0.140010871475,0.26969027759,0.309939192987
0.262503773524,0.0368031902705,0.322512363119,0.378180673087
0.358057571169,0.0233250251782,0.348709448427,0.269907955226
0.383269576883,0.0800171154404,0.28546166431,0.251251643367
0.124670706227,0.579374047071,0.0368671022948,0.259088144407
0.0445726308551,0.315393566469,0.365723440796,0.27431036188
0.119888770098,0.42405861988,0.351288162942,0.104764447081
0.274233343564,0.241297322287,0.141157545673,0.343311788476
0.295230137432,0.262716955536,0.222975150188,0.219077756845
0.318059115737,0.309181392344,0.293215180292,0.0795443116268
0.25485356116,0.0592733593754,0.299762616854,0.38611046261
0.219335056867,0.155558847763,0.320835300709,0.304270794661
0.287273041002,0.272515260026,0.263753908909,0.176457790063
0.270117069494,0.44608825802,0.174488964395,0.109305708091
0.0700614812083,0.257636731658,0.341058505988,0.331243281146
0.25705372112,0.34132375969,0.0643251919736,0.337297327217
0.0961091097216,0.413573216922,0.389885756885,0.100431916472
0.160764318929,0.0561092961287,0.468995225347,0.314131159595
0.337273675409,0.184288561246,0.364980942734,0.113456820612
0.151797212687,0.240466702205,0.279835888311,0.327900196797
0.0534516629772,0.66171345055,0.168848767838,0.115986118635
0.45847770573,0.441379730787,0.0148749317845,0.085267631698
0.180062316768,0.314310246184,0.170711658046,0.334915779002
0.280026414966,0.285092566945,0.340441376835,0.0944396412532
0.440197162593,0.143109089376,0.0994912711518,0.317202476879
0.201875730334,0.156723735895,0.306097808235,0.335302725537
0.338013512692,0.171438724421,0.339515149974,0.151032612913
0.367454425095,0.220896122144,0.29793623781,0.11371321495
0.291763086436,0.202700589692,0.265354622921,0.240181700951
0.00997920178526,0.251522388715,0.40468005644,0.33381835306
0.128286712142,0.138193215153,0.0575537333802,0.675966339324
0.260607900968,0.140305688128,0.00232932907042,0.596757081833
0.304294610302,0.396697857682,0.0375001324386,0.261507399577
0.0367223216017,0.424165909306,0.1853236632,0.353788105892
0.128442813186,0.374297360545,0.209442975682,0.287816850586
0.324544639637,0.256786308068,0.240500811938,0.178168240357
0.267195678603,0.114297714001,0.459657337919,0.158849269477
0.237881336924,0.276873060504,0.108736864335,0.376508738237
0.346458451689,0.24002661305,0.166232211041,0.24728272422
0.310155182431,0.309250281149,0.0389175918148,0.341676944606
0.213341712343,0.157128050514,0.265218885444,0.364311351699
0.197017790208,0.287355353133,0.304120491899,0.21150636476
0.204198840384,0.378092975072,0.195985702667,0.221722481877
0.268354268196,0.185083659145,0.191532761515,0.355029311144
0.279882145124,0.215277783165,0.461112031075,0.0437280406354
0.0839938348946,0.495943274477,0.315603254691,0.104459635937
0.210077146354,0.255569890225,0.0368512811422,0.497501682279
0.143986145368,0.297840353686,0.239169727604,0.319003773342
0.318433048066,0.257394529554,0.372878603051,0.0512938193297
0.286563948538,0.121358078674,0.313161706656,0.278916266132
0.233484844694,0.436295216727,0.292841284917,0.0373786536616
0.260731429368,0.107753162046,0.425455738949,0.206059669637
0.283812323436,0.252547539591,0.209068028021,0.254572108951
0.409290864933,0.0156424641073,0.185208517266,0.389858153694
0.257594408551,0.322652926623,0.0892790121583,0.330473652667
0.375851607537,0.523319451544,0.039368891778,0.0614600491412
0.258863877284,0.10475615855,0.402990804472,0.233389159693
0.484381339655,0.00836479414902,0.294044635887,0.213209230309
0.350351814984,0.0973823433634,0.530862119077,0.0214037225757
0.147541699361,0.266184523822,0.351913359316,0.2343604175
0.2278960807,0.22312430029,0.26428630604,0.28469331297
0.357449247,0.0271560691049,0.321477096632,0.293917587263
0.0734238492078,0.408681760025,0.224187795111,0.293706595656
0.417101113305,0.392414651501,0.0836304155939,0.106853819601
0.494891286301,0.34944157472,0.0290341855867,0.126632953392
0.188959296854,0.528269407412,0.275068941024,0.00770235471103
0.242414996516,0.333567495133,0.199321460094,0.224696048258
0.272864214367,0.445774763346,0.0414968901545,0.239864132132
0.371939732212,0.205179226013,0.343597633774,0.0792834080006
0.233132646942,0.27186220901,0.0968505134971,0.398154630551
0.211388389853,0.236387156483,0.221565519427,0.330658934237
0.149371222612,0.268096201138,0.30130869659,0.28122387966
0.207372381902,0.56371634083,0.0921112820663,0.136799995201
0.363986511589,0.194584823553,0.139418140439,0.302010524419
0.0448979307613,0.589683485245,0.109244283381,0.256174300613
0.291703821517,0.0898199606948,0.220641215514,0.397835002274
0.250737280528,0.0897636514425,0.366198441711,0.293300626319
0.114969583232,0.346840943619,0.156995117701,0.381194355447
0.131005442541,0.141815696272,0.326555765095,0.400623096092
0.00439358353525,0.372525851612,0.34378504102,0.279295523832
0.241915159635,0.569732747315,0.122611289549,0.0657408035011
0.17108431021,0.356696895723,0.0735885883662,0.398630205701
0.153571399995,0.397267945205,0.0987271476104,0.35043350719
0.284842194837,0.170615253265,0.0858634013151,0.458679150583
0.283242493431,0.186325512115,0.211773455097,0.318658539357
0.215889639577,0.259143544886,0.208653763639,0.316313051898
0.220853271179,0.269834297958,0.500434811539,0.00887761932396
0.0164797121908,0.250976213219,0.341298092966,0.391245981624
0.266829616199,0.191353823814,0.358515826211,0.183300733776
0.559796729529,0.227944585882,0.119061221648,0.0931974629408
0.0113715549051,0.145259410872,0.753281786408,0.0900872478144
0.555169666314,0.241612236697,0.183145150577,0.020072946412
0.443386095475,0.124867709894,0.10272539112,0.329020803511
0.082442236166,0.51364648669,0.167870748871,0.236040528274
0.157488954576,0.451322508217,0.231413854112,0.159774683096
0.0411247233226,0.102407812176,0.511969283269,0.344498181232
0.332582060385,0.242654219025,0.225490693373,0.199273027216
0.305073234172,0.0730996437424,0.500987528565,0.120839593521