0.257268305065,0.186619707313,0.0227804073536,0.533331580269
0.686314921067,0.0349998321408,0.0856782162446,0.193007030547
0.0270249270421,0.032741718119,0.382531103207,0.557702251632
0.125275246321,0.311449393933,0.257205331567,0.306070028179
0.384011205104,0.275252673949,0.1896180893,0.151118031648
0.246427087064,0.305770645633,0.286878671898,0.160923595405
0.203925143184,0.187864566246,0.545253042799,0.0629572477712
0.0587655547954,0.00775921532283,0.246850496217,0.686624733665
0.254326183147,0.181400961478,0.334718195939,0.229554659437
0.052718407381,0.161548840511,0.0756734249114,0.710059327197
0.344928698861,0.197241556962,0.421530491486,0.0362992526914
0.0232403242906,0.436745994795,0.217057331451,0.322956349463
0.31286455885,0.337669983075,0.197064703459,0.152400754617
0.367478006483,0.235967464491,0.290784308263,0.105770220763
0.255780605507,0.267732467575,0.259153706031,0.217333220887
0.309979516528,0.351215319503,0.00518006475721,0.333625099212
0.324814615351,0.516772631747,0.137069574411,0.0213431784903
0.333186873975,0.309767259055,0.122689723397,0.234356143574
0.449510532039,0.0319428305275,0.453411371129,0.0651352663044
0.289491222529,0.253852055992,0.237332230416,0.219324491063
0.268894583061,0.266375115008,0.0394887738393,0.425241528092
0.445794484288,0.14889879005,0.293229269038,0.112077456624
0.198838153376,0.25425423146,0.307443551928,0.239464063236
0.26472591161,0.250003753196,0.149545872836,0.335724462358
0.00872386647166,0.31873737165,0.303075509926,0.369463251953
0.440743277627,0.159414110181,0.0803655338704,0.319477078322
0.118321996955,0.366076318781,0.325932254378,0.189669429887
0.264298815485,0.0873659004463,0.136112637689,0.512222646379
0.133856234313,0.0652211872128,0.390608778391,0.410313800083
0.161629682167,0.271648811015,0.229139378313,0.337582128505
0.300238460789,0.164609395639,0.207510558076,0.327641585496
0.35083059813,0.281011343079,0.255249519555,0.112908539235
0.448146382379,0.113139559846,0.28263581122,0.156078246555
0.303712321831,0.298278696438,0.20142403603,0.196584945701
0.160492753062,0.225768442231,0.213938484928,0.399800319778
0.205482350044,0.375006377406,0.10643874546,0.313072527089
0.0253499075981,0.671603530587,0.29400828159,0.00903828022485
0.229791126699,0.276091204934,0.235706996511,0.258410671856
0.0349285822803,0.374049004424,0.144797571365,0.446224841931
0.322076164669,0.235440209378,0.384819856419,0.0576637695338
0.389119624124,0.261698284153,0.0781497371968,0.271032354526
0.256854876545,0.254955831017,0.2609506476,0.227238644839
0.288011304992,0.190114433918,0.290617068466,0.231257192625
0.0240285247923,0.115758356007,0.308169764743,0.552043354457
0.245248011319,0.314667106757,0.400201169755,0.0398837121697
0.238117816014,0.20961785268,0.228532176877,0.323732154429
0.349763298436,0.17925702064,0.0437643297713,0.427215351153
0.148910850526,0.352012166214,0.455326438562,0.0437505446975
0.348392422917,0.0209607484236,0.220693481668,0.409953346991
0.377080922001,0.368418219881,0.111300186173,0.143200671944
0.177076662558,0.389158363522,0.276063545996,0.157701427924
0.217977342493,0.291276004511,0.302389687363,0.188356965633
0.583600439512,0.249129789423,0.118136661876,0.049133109189
0.192780796355,0.157468334268,0.112320229292,0.537430640085
0.178263874013,0.137650848594,0.276824419484,0.407260857909
0.0188429167317,0.354752064965,0.386515820973,0.239889197331
0.381144358508,0.191358820218,0.196511439049,0.230985382225
0.417297694383,0.0819616538413,0.090098416834,0.410642234942
0.177471979342,0.30798742408,0.359182337355,0.155358259223
0.217864050628,0.328544311911,0.212871020149,0.240720617313
0.314208012744,0.23583837533,0.0633704473988,0.386583164527
0.351422360138,0.0880742513251,0.403293830811,0.157209557726
0.182235942596,0.301565924153,0.239075508299,0.277122624951
0.165045207462,0.39297929817,0.0871641203247,0.354811374044
0.292513222582,0.0548423819725,0.270315733981,0.382328661464
0.397893181513,0.0272805517208,0.157804858247,0.41702140852
0.101253085558,0.372550610119,0.48646007956,0.0397362247629
0.388564955162,0.262669988764,0.275239036071,0.0735260200033
0.194774977252,0.229063305117,0.277034500523,0.299127217108
0.298331488391,0.25693223248,0.105445202182,0.339291076947
0.0741055817541,0.291197369017,0.0656637855405,0.569033263688
0.438719150174,0.205797723419,0.0760798575528,0.279403268855
0.302472996368,0.12114963935,0.453765787861,0.12261157642
0.377505572019,0.179945128244,0.143127801311,0.299421498427
0.3120490768,0.329182581971,0.318197495699,0.0405708455302
0.155697025319,0.398332356937,0.358584610438,0.0873860073055
0.120573010043,0.308680075436,0.1737007973,0.397046117221
0.270938116084,0.270117091937,0.0796423616925,0.379302430287
0.0313556653484,0.0279731173926,0.493333497312,0.447337719947
0.266448873317,0.511454786204,0.0812265326226,0.140869807857
0.1097877702,0.337476872443,0.371603249431,0.181132107926
0.562632310488,0.261916826085,0.109757771124,0.065693092303
0.41201121705,0.206227005996,0.0394281362341,0.34233364072
0.379761250852,0.0770383673684,0.51823149582,0.024968885959
0.23165777454,0.134386552992,0.290885909705,0.343069762763
0.282456548472,0.0279334721049,0.363348288296,0.326261691127
0.136939707337,0.240433614669,0.182139374026,0.440487303968
0.312516869058,0.337884175726,0.196170603446,0.15342835177
0.0925680474804,0.421396485198,0.0608298213627,0.425205645959
0.232050743925,0.218677899601,0.297389656128,0.251881700346
0.305212541996,0.198647401357,0.315353235364,0.180786821284
0.251564368109,0.240051133473,0.307818088302,0.200566410116
0.444004293273,0.312856247961,0.194479158277,0.0486603004886
0.143897994747,0.0659776626406,0.223580226569,0.566544116044
0.434239106298,0.153669021872,0.094233691225,0.317858180606
0.279431842581,0.237457114741,0.0257439635939,0.457367079084
0.454945635483,0.243581407121,0.0140807464226,0.287392210973
0.108349889811,0.420224531507,0.425381493509,0.0460440851726
0.3229281493,0.53928234642,0.0658353411691,0.0719541631109
0.30759457253,0.185668179879,0.00109221831167,0.505645029279
0.0720584452852,0.329773209123,0.327083585888,0.271084759703
0.113650905927,0.308837154182,0.342338787113,0.235173152778
0.119292070147,0.480344955197,0.232118055416,0.168244919239
0.172298036561,0.388895149706,0.330455104271,0.108351709462
0.139014116718,0.199903083609,0.114486941422,0.54659585825
0.596200215385,0.0622087044143,0.170334859542,0.171256220659
0.16776368913,0.216687961653,0.429806647199,0.185741702018
0.308713826946,0.159445258275,0.0239450212416,0.507895893537
0.27081357129,0.19130992911,0.378804001757,0.159072497843
0.242866642011,0.278244351133,0.19082541409,0.288063592765
0.325572961263,0.268331768488,0.0509920459865,0.355103224263
0.22688364499,0.397657543197,0.203338537821,0.172120273991
0.335651301636,0.236058169328,0.37015973499,0.0581307940464
0.263377335278,0.281024371572,0.282353411388,0.173244881762
0.180817088963,0.298749713358,0.179237053635,0.341196144044
0.40957679226,0.0321096865069,0.369780820456,0.188532700777
0.13013582857,0.450613352456,0.054525847662,0.364724971311
0.224349358832,0.201941657303,0.28346046254,0.290248521325
0.355122670563,0.140089251512,0.155218380448,0.349569697476
0.254010698582,0.235481778466,0.0680018956878,0.442505627264
0.06104574061,0.453470709267,0.442875577965,0.0426079721572
0.33211536617,0.0325314071191,0.315296202159,0.320057024552
0.221948931383,0.299022135455,0.186297423329,0.292731509832
0.131510874523,0.0874435092161,0.385008997771,0.39603661849
0.368393878087,0.0804982899779,0.272688725328,0.278419106607
0.080299293872,0.480563432292,0.0885985513631,0.350538722473
0.129095866148,0.0299752250085,0.390583118333,0.45034579051
0.0546359535553,0.312866324371,0.302488250077,0.330009471996
0.144465509456,0.557185347799,0.0257145385866,0.272634604159
0.0943844176426,0.224868079132,0.555032601276,0.125714901949
0.414191132423,0.333515070642,0.235787345702,0.0165064512341
0.594498150503,0.200723296595,0.0341802869483,0.170598265954
0.462759426164,0.0416374610356,0.472178704786,0.0234244080144
0.187156719484,0.331056268149,0.244877411545,0.236909600821
0.143621810702,0.341791424621,0.11058910402,0.403997660656
0.0638667477684,0.387630944557,0.381110724445,0.167391583229
0.0645386717338,0.329642459153,0.303741231601,0.302077637512
0.14900203979,0.248071512741,0.258909588835,0.344016858635
0.191379236413,0.252933111282,0.318882210138,0.236805442167
0.0273712517028,0.434714762061,0.228338200209,0.309575786027
0.324117588356,0.242166721795,0.185128982545,0.248586707303
0.409585656682,0.226090852194,0.347382999319,0.0169404918054
0.365097626898,0.352662921123,0.0761775115892,0.20606194039
0.126344928199,0.164605482203,0.0258865280807,0.683163061517
0.270144718112,0.252280218466,0.152416901313,0.325158162109
0.10346781469,0.212128045918,0.287030226404,0.397373912989
0.550533403801,0.376393701159,0.0317842745125,0.0412886205277
0.0448339080857,0.295929473887,0.117670372076,0.54156624595
0.136515828857,0.349739644793,0.311872208355,0.201872317995
0.102524513442,0.281458140821,0.20743923468,0.408578111057
0.0683839074056,0.301718715817,0.329948751662,0.299948625116
0.266411942911,0.0737883413157,0.411846171882,0.247953543891
0.183109915523,0.285077112715,0.120913501938,0.410899469825
0.224142867028,0.28260232784,0.174392653729,0.318862151403
0.281908595424,0.203637859878,0.337726119149,0.17672742555
0.172164018617,0.343858283022,0.284474202628,0.199503495733
0.376699616262,0.261946630686,0.190906024905,0.170447728147
0.489571604393,0.476543669749,0.0303424817872,0.00354224407067
0.36478841152,0.123309158054,0.142630561922,0.369271868504
0.283939388081,0.33641752156,0.33931339684,0.0403296935182
0.292830264654,0.145672712281,0.314666556057,0.246830467008
0.110068421933,0.573831471502,0.0362095192742,0.279890587292
0.097255675973,0.278709254051,0.561711369794,0.0623237001815
0.23324323667,0.213572604839,0.48902195442,0.064162204071
0.267717563301,0.202123507567,0.235335281212,0.29482364792
0.107991762578,0.444041275336,0.257279578327,0.190687383759
0.395390239937,0.349184302736,0.0794991443478,0.175926312979
0.494559964295,0.00856280909825,0.116417046758,0.380460179849
0.157821584886,0.114817536953,0.148922119622,0.57843875854
0.227823339904,0.017239810224,0.510850573352,0.24408627652
0.116873600726,0.277567617283,0.168021946879,0.437536835112
0.318257303486,0.0327787297922,0.256271214697,0.392692752025
0.215110657525,0.295097204998,0.247204047972,0.242588089505
0.381990726515,0.335031496536,0.231678678656,0.0512990982936
0.373933319062,0.251346942354,0.114361585061,0.260358153523
0.0278137763615,0.0562871569704,0.152633198129,0.763265868539
0.39210078687,0.341844110934,0.0819228330028,0.184132269193
0.0684342055421,0.334627874624,0.122743176397,0.474194743436
0.357522234708,0.284241279349,0.262743776503,0.0954927094408
0.167562304471,0.339249099308,0.146432501111,0.34675609511
0.526728776334,0.00838255966556,0.289391073144,0.175497590857
0.232214801014,0.353343506918,0.0510330128659,0.363408679202
0.0173519706812,0.320759815438,0.482522961038,0.179365252843
0.0777408420537,0.555014993655,0.217586922556,0.149657241736
0.294029884884,0.423280494657,0.0259485262598,0.256741094199
0.392694387257,0.0756911161392,0.108557378994,0.42305711761
0.109712157084,0.15323882765,0.193118832783,0.543930182483
0.245670714525,0.305030686805,0.251263347414,0.198035251256
0.203712874212,0.196905344914,0.223279941068,0.376101839805
0.361046570239,0.238149543764,0.11177533974,0.289028546257
0.25000241367,0.200747707908,0.250315673102,0.29893420532
0.366116008358,0.45872904379,0.129411827113,0.0457431207392
0.0122512889454,0.185183994426,0.278223741755,0.524340974873
0.271719819866,0.217554616349,0.0899084684895,0.420817095295
0.0726215483864,0.121083964339,0.118081361206,0.688213126069
0.00638862169578,0.328977151814,0.332378892597,0.332255333893
0.161254441903,0.548754176197,0.281239671883,0.00875171001834
0.0133932650316,0.29139244285,0.479928134788,0.21528615733
0.387499648481,0.275263286369,0.062363029051,0.2748740361
0.369002615183,0.203858802817,0.116045722649,0.311092859352