0.130398749491,0.335265093517,0.203206640672,0.331129516321
0.131983100131,0.524906885147,0.222446697372,0.12066331735
0.00930298760105,0.404819354971,0.0936485803497,0.492229077079
0.0848114486654,0.436913662018,0.275185352717,0.2030895366
0.324318314729,0.217218364484,0.326154377621,0.132308943166
0.115115904856,0.402540571316,0.157883980975,0.324459542852
0.430487111935,0.0265386537938,0.188021603119,0.354952631152
0.394427842163,0.123572890219,0.187842984716,0.294156282902
0.0319888694476,0.22571400447,0.362651771426,0.379645354657
0.393938963403,0.101486732764,0.190325079892,0.31424922394
0.352216260382,0.225680456376,0.175701689309,0.246401593933
0.167078791812,0.295478555994,0.343628387685,0.193814264509
0.17311035982,0.275364183571,0.226068965935,0.325456490674
0.324509891932,0.0492391837712,0.324921960948,0.301328963348
0.407685594606,0.415396873652,0.143100240744,0.0338172909982
0.120069204814,0.245547583438,0.270164030513,0.364219181234
0.35173007979,0.196044323817,0.113807392434,0.338418203958
0.220802686674,0.0800028944299,0.391501728003,0.307692690893
0.181382534732,0.338765026816,0.0848330827352,0.395019355717
0.548488301496,0.0390610054218,0.0760708005667,0.336379892516
0.420922817971,0.209661890998,0.334147821508,0.0352674695233
0.111063894807,0.0360246413474,0.682244199052,0.170667264794
0.0559391022088,0.324985404018,0.460170464267,0.158905029506
0.201249559675,0.14343101355,0.362898469182,0.292420957593
0.238500711016,0.426263891535,0.0617799592425,0.273455438206
0.0438047218174,0.444571042868,0.351845958615,0.159778276699
0.482890700202,0.167326634062,0.144876595563,0.204906070173
0.302561032631,0.037592889713,0.0718670950808,0.587978982576
0.163190227943,0.341086434426,0.352384073676,0.143339263954
0.165634614422,0.457804376267,0.146770404843,0.229790604469
0.105508784357,0.149309838992,0.590336426045,0.154844950607
0.559880779353,0.21051714346,0.0798576335873,0.1497444436
0.271914468714,0.30579599697,0.195549315435,0.226740218881
0.226811231721,0.296541855494,0.174309722109,0.302337190676
0.0572669756829,0.31366227171,0.358500922187,0.270569830421
0.495490826613,0.253994846754,0.154120016274,0.0963943103594
0.295494311082,0.264527448076,0.224591235821,0.215387005021
0.0026447559376,0.336281692276,0.342785159279,0.318288392508
0.181443119486,0.255175633636,0.215296924137,0.348084322741
0.327135355324,0.325722120254,0.0114543143423,0.33568821008
0.0701516723656,0.250258227776,0.238597807499,0.44099229236
0.176616084401,0.0222039413951,0.65643079991,0.144749174294
0.134519302824,0.408738825382,0.453097283634,0.00364458816072
0.39456330219,0.323335917027,0.219871233189,0.0622295475932
0.281229701295,0.323683651993,0.345077789068,0.050008857643
0.404376589424,0.0282105972176,0.270626363457,0.296786449902
0.18366685209,0.201038862089,0.50894871456,0.106345571261
0.275464112593,0.331034516554,0.256853862487,0.136647508365
0.35047557483,0.225575505813,0.0689392383327,0.355009681024
0.268451537796,0.12287560617,0.35413698137,0.254535874664
0.209570204255,0.191221133003,0.394492164176,0.204716498566
0.318671187527,0.0629538925406,0.218460769907,0.399914150026
0.230500086443,0.213138721429,0.230283729095,0.326077463033
0.239000234777,0.0983008854975,0.624378777218,0.0383201025076
0.149614929921,0.379540412696,0.244592723924,0.226251933458
0.202323199775,0.153868563804,0.162965012525,0.480843223896
0.0877452619314,0.361267733446,0.120594873158,0.430392131465
0.211848681084,0.447057506508,0.293410807637,0.0476830047708
0.212589604773,0.242928282095,0.51193623792,0.0325458752113
0.291971164931,0.393478892294,0.0255361773696,0.289013765405
0.290835241226,0.354237548426,0.212860540263,0.142066670084
0.43978913439,0.246898480522,0.0705434347139,0.242768950375
0.376461494303,0.314581011223,0.163223905835,0.145733588639
0.263136948271,0.109982702316,0.204311597521,0.422568751893
0.406815123257,0.355189794821,0.235287959828,0.00270712209497
0.256902941627,0.318526292569,0.154014733237,0.270556032567
0.0121466953818,0.36675180924,0.45424894179,0.166852553589
0.110324910754,0.154702209694,0.38377998147,0.351192898081
0.236584214795,0.0744899070085,0.489255211819,0.199670666378
0.301381782012,0.376759634573,0.106554009526,0.215304573889
0.323060749732,0.264906052837,7.60744000644e-05,0.411957123031
0.2545644901,0.216313067706,0.381966405516,0.147156036679
0.243356506039,0.152719592584,0.386436026678,0.217487874699
0.0909509378774,0.334163755393,0.169141649134,0.405743657595
0.262618214119,0.488705869412,0.026128395983,0.222547520486
0.323209187691,0.179450156436,0.316861079377,0.180479576497
0.270092265808,0.302921820238,0.12614591942,0.300839994534
0.248493646599,0.268046362849,0.306958784945,0.176501205607
0.235192285215,0.251121087166,0.162444748093,0.351241879526
0.143675011577,0.403390349762,0.255174409645,0.197760229016
0.260463450352,0.0670718527497,0.520120569736,0.152344127163
0.172075346655,0.253455390781,0.564702904015,0.00976635854936
0.139460210029,0.501000403829,0.105774706929,0.253764679213
0.316980640633,0.348583510937,0.230393696249,0.104042152181
0.00208768895975,0.070080515664,0.445524081793,0.482307713583
0.453020680187,0.110170179492,0.30907643155,0.127732708771
0.326088134763,0.0382226979249,0.288691434507,0.346997732805
0.315986494148,0.287649770978,0.0474560016853,0.348907733189
0.201181222612,0.212519695832,0.394027121991,0.192271959564
0.128765656203,0.305726249075,0.135237063791,0.430271030931
0.434346391,0.163114727143,0.111431237818,0.29110764404
0.424660180601,0.195091482905,0.157984760462,0.222263576032
0.0962045494934,0.155719105677,0.186697296515,0.561379048315
0.354005044766,0.205148831487,0.311609444691,0.129236679056
0.156159572511,0.30355580453,0.298895155092,0.241389467867
0.148224225982,0.208604072884,0.280373515775,0.362798185359
0.045628609728,0.074840074727,0.527218286268,0.352313029277
0.438610063926,0.277698658926,0.0630982460306,0.220593031117
0.490466037342,0.0821528726867,0.393385389754,0.0339957002174
0.236140961215,0.290233746325,0.286927889699,0.186697402761
0.164041361427,0.269138818318,0.463835582649,0.102984237606
0.384346712185,0.387002027106,0.00972681476427,0.218924445945
0.0392046146217,0.509446983057,0.276711842425,0.174636559896
0.422460049427,0.0547052370127,0.220059782522,0.302774931038
0.319263671493,0.331021067547,0.325553890231,0.0241613707292
0.268731284218,0.110889974628,0.26293919792,0.357439543234
0.149940552336,0.143187638124,0.255718228828,0.451153580712
0.223485982189,0.391549815693,0.326256585824,0.0587076162935
0.299679309622,0.219038631367,0.371656876064,0.109625182947
0.325929980471,0.0171360663373,0.399135811649,0.257798141543
0.0944743478838,0.162554480773,0.147952919725,0.595018251618
0.444647670131,0.0739665294723,0.145575360085,0.335810440312
0.577070538653,0.305043355192,0.0848458303243,0.0330402758304
0.110486179539,0.182197271839,0.699829991189,0.00748655743359
0.176790051027,0.693238046049,0.0305031621009,0.0994687408226
0.235323962255,0.260337741344,0.249091122785,0.255247173616
0.40575463563,0.476375061859,0.0674158421778,0.0504544603332
0.101640139333,0.052738493444,0.421779425832,0.42384194139
0.410870849823,0.440448560847,0.0118129724737,0.136867616856
0.0732091561044,0.0486382714142,0.475126536393,0.403026036089
0.634927726174,0.00993249360064,0.268529460128,0.0866103200973
0.271944551586,0.0152225766116,0.385257903626,0.327574968177
0.0856878407849,0.461220442734,0.370087113329,0.0830046031519
0.537828023586,0.129272087173,0.0836145880026,0.249285301239
0.198371790961,0.398805514741,0.355114029785,0.0477086645128
0.114843292835,0.334125428708,0.278871404204,0.272159874253
0.422298128878,0.332574738485,0.238860610338,0.00626652229899
0.410438738857,0.216643270572,0.211848904585,0.161069085986
0.175942440856,0.0659005136769,0.480406372224,0.277750673243
0.28743094003,0.218591315827,0.252625892656,0.241351851486
0.076812451869,0.305799946241,0.13304776196,0.484339839931
0.224169162334,0.333482902451,0.302096461605,0.14025147361
0.362436264518,0.175802524269,0.201935077927,0.259826133286
0.388777276626,0.177037186681,0.162186420135,0.271999116558
0.0829360906499,0.219119185467,0.441992738948,0.255951984935
0.123830908474,0.316503828238,0.251824125658,0.307841137629
0.354260380682,0.213222076322,0.317579016114,0.114938526882
0.367530641644,0.0405240021747,0.210448725852,0.38149663033
0.132437427528,0.465600387832,0.162604317083,0.239357867557
0.0136784502784,0.60608420506,0.193924937697,0.186312406965
0.31057504833,0.214154863069,0.343170838081,0.13209925052
0.26574123357,0.301572624094,0.166308574182,0.266377568153
0.158842116417,0.27513289568,0.219773223649,0.346251764253
0.152831849761,0.175348476229,0.307312896275,0.364506777734
0.335265606572,0.131305223975,0.302974868187,0.230454301266
0.0984796444211,0.346587928593,0.361235749195,0.193696677791
0.351961036094,0.226908356034,0.130610327081,0.29052028079
0.145390301242,0.281095929979,0.435644738294,0.137869030484
0.264288152069,0.176001243811,0.525201111042,0.0345094930779
0.325951170933,0.240194055426,0.0724913227538,0.361363450887
0.222731672089,0.442497666699,0.0573318059746,0.277438855238
0.226505639748,0.0368927326175,0.353566016908,0.383035610727
0.381672787741,0.16128647575,0.0298569749945,0.427183761514
0.428311080784,0.211617954535,0.306404496724,0.0536664679576
0.362719448715,0.147484431773,0.0968061817531,0.392989937759
0.2211921501,0.100797979455,0.435199745763,0.242810124682
0.120801636374,0.678521403706,0.197102971108,0.0035739888118
0.405573541432,0.379491636327,0.165883939354,0.0490508828873
0.324804196147,0.224955821468,0.278947241469,0.171292740915
0.440812231967,0.223253752165,0.0527423329131,0.283191682954
0.478761846749,0.229974342479,0.284955026001,0.00630878477061
0.496058023814,0.368783223878,0.0827100126835,0.0524487396245
0.311301848674,0.0854264762523,0.368472552422,0.234799122651
0.141550677265,0.107672701023,0.702455398557,0.0483212231538
0.415141742699,0.317467856722,0.219444042401,0.0479463581776
0.176476296427,0.180546635322,0.309320462267,0.333656605984
0.0961878974244,0.283673382322,0.380397293323,0.23974142693
0.183276198465,0.292906775234,0.245283125998,0.278533900304
0.191225573352,0.383216693349,0.204439173409,0.22111855989
0.312449604433,0.116867107275,0.189760991987,0.380922296304
0.0453789940726,0.34577513533,0.371509238587,0.23733663201
0.348424967694,0.0820121233524,0.273186224751,0.296376684202
0.40462095743,0.430336708086,0.0984412435589,0.0666010909253
0.229196913465,0.0872111107694,0.313026792559,0.370565183207
0.0945250649742,0.502425798287,0.176890528112,0.226158608627
0.229015625164,0.574296224108,0.171499855939,0.0251882947887
0.339484830077,0.329037310346,0.156479138511,0.174998721066
0.1192528392,0.482089115827,0.157447095295,0.241210949678
0.249672654835,0.382113620751,0.142794106022,0.225419618391
0.0235649175898,0.29202402196,0.167739878751,0.5166711817
0.381217659943,0.154977035021,0.0923418651463,0.37146343989
0.22353346707,0.1296356923,0.324620486472,0.322210354158
0.212379745509,0.158017567543,0.28939883754,0.340203849407
0.315609407849,0.213381735739,0.303350451007,0.167658405405
0.284301098877,0.405805589122,0.10334333767,0.206549974331
0.0779191291075,0.335650904138,0.178516326936,0.407913639818
0.194999550613,0.349942485285,0.086356485351,0.368701478751
0.149850075457,0.10827907113,0.346339568057,0.395531285356
0.244113133567,0.00762031001778,0.333518903757,0.414747652659
0.363143065996,0.357586241704,0.0331297234764,0.246140968823
0.241432571357,0.360455837898,0.204853815269,0.193257775476
0.380825679409,0.444386909866,0.0643545360818,0.110432874643
0.319666615245,0.246022545243,0.00975147126428,0.424559368248
0.327414589109,0.203458418766,0.292251874243,0.176875117882
0.477195005085,0.111554959813,0.0745445090007,0.336705526101
0.19245024029,0.330781171182,0.210819174032,0.265949414495
0.395908782553,0.290167545329,0.313169355138,0.000754316980301
0.238102324143,0.107271265232,0.132714211675,0.521912198951
0.437432993384,0.109574978516,0.103317840696,0.349674187405
0.353400748325,0.207862811063,0.090024966694,0.348711473918