0.146022104736,0.239284140322,0.29816773194,0.316526023001
0.0950836843144,0.318897120421,0.376720480526,0.209298714739
0.295067356889,0.12493838785,0.254483574144,0.325510681117
0.281022553703,0.344468375256,0.20030300177,0.174206069271
0.389252075061,0.322356353838,0.169735883329,0.118655687772
0.21700759847,0.415829210534,0.135548316095,0.231614874901
0.388305880315,0.0622134537669,0.37667215255,0.172808513368
0.297523327054,0.221775402712,0.338675448811,0.142025821423
0.303951897029,0.242519762865,0.249258652658,0.204269687449
0.0973404305674,0.191024598749,0.344941164897,0.366693805787
0.313838570216,0.3421283271,0.086054241691,0.257978860993
0.119096119574,0.471203394906,0.0282415084839,0.381458977036
0.0192117217498,0.476406128389,0.143395013766,0.360987136095
0.291812043907,0.257596927102,0.356999803622,0.0935912253686
0.371163220253,0.453786135218,0.100504355998,0.074546288531
0.113857468565,0.337905331472,0.130112438555,0.418124761408
0.288616484185,0.173178076623,0.232055101432,0.306150337761
0.741366442756,0.0782048336066,0.0037472296003,0.176681494038
0.118110563909,0.051024044051,0.47551068963,0.35535470241
0.196066915257,0.0772283456989,0.680542036181,0.0461627028629
0.336329720173,0.274505817518,0.312738734458,0.0764257278523
0.335121282975,0.197649224591,0.333456014519,0.133773477915
0.375786762849,0.158138317044,0.323689625195,0.142385294913
0.193794487543,0.283371570981,0.197808640608,0.325025300868
0.340030249618,0.14981710849,0.155588511189,0.354564130703
0.428558765127,0.103933276075,0.17927241604,0.288235542758
0.287316580846,0.211037619872,0.213684782233,0.287961017049
0.445653041059,0.0717434254192,0.0163393809618,0.46626415256
0.194736768786,0.399154777692,0.0243420164918,0.38176643703
0.112240668565,0.829629915154,0.0181248685243,0.0400045477568
0.206630355636,0.322427744654,0.194167134956,0.276774764753
0.290923603945,0.300322101473,0.28577851158,0.122975783002
0.497768301918,0.142883260173,0.329105242909,0.0302431949998
0.267691088852,0.21476857796,0.300125578722,0.217414754466
0.292755940496,0.2502650152,0.280677402344,0.17630164196
0.0937859695101,0.078016842316,0.447089761594,0.38110742658
0.349576839603,0.237769834935,0.0494375198145,0.363215805647
0.0844484776866,0.303538773645,0.333023663587,0.278989085081
0.16844845395,0.287855355883,0.366665109101,0.177031081066
0.314501404149,0.0590236067884,0.104135866323,0.522339122739
0.205853497542,0.0710309593429,0.528295834195,0.19481970892
0.436136550697,0.0411423119362,0.379336614971,0.143384522395
0.105457136446,0.611521311374,0.247312293291,0.0357092588885
0.129393648997,0.52326155808,0.256389435847,0.0909553570763
0.0550815785831,0.666034128847,0.256507515386,0.0223767771839
0.154073775959,0.211775153823,0.393400925466,0.240750144752
0.100083356272,0.352800208568,0.287535314479,0.25958112068
0.170788026281,0.119467918402,0.677451865354,0.0322921899641
0.213529901527,0.270253338989,0.282032433821,0.234184325663
0.160072791402,0.0471735872328,0.511162368503,0.281591252863
0.290861370497,0.152304196388,0.400081066207,0.156753366908
0.364714999578,0.175440402304,0.457306882163,0.00253771595444
0.228233532096,0.290899039241,0.212510214198,0.268357214465
0.0882185836184,0.386034556892,0.264038880171,0.261707979318
0.272044362722,0.0950722930233,0.0972150540151,0.53566829024
0.166857469919,0.277144704773,0.264882343698,0.291115481609
0.201991651199,0.173866698331,0.311570195153,0.312571455318
0.35470524818,0.149063227303,0.222587798912,0.273643725605
0.276175857016,0.333383043433,0.273122373464,0.117318726088
0.291755359868,0.476736865166,0.114755525984,0.116752248983
0.00126335812297,0.372646866829,0.217705206653,0.408384568395
0.371377577675,0.25535402858,0.168690387773,0.204578005971
0.203697573226,0.4683385635,0.0881586821286,0.239805181145
0.366477890704,0.427601105579,0.00426447168002,0.201656532036
0.0229991080688,0.341213025695,0.393203889058,0.242583977178
0.304559654481,0.302180159139,0.107809545934,0.285450640446
0.0181728671931,0.32647138979,0.199128212328,0.456227530689
0.292091272249,0.215710205774,0.390902075514,0.101296446463
0.395179418715,0.0316584157384,0.0412438566794,0.531918308867
0.206738884377,0.278856707542,0.323152123042,0.19125228504
0.338486943404,0.299564149245,0.0805419450546,0.281406962297
0.390275538952,0.217184933875,0.24201020072,0.150529326453
0.231314013053,0.170684225949,0.269287603481,0.328714157517
0.00842973331051,0.404809842764,0.566813948914,0.0199464750111
0.453922932133,0.0192055773325,0.468242288044,0.0586292024908
0.310288210078,0.187187219586,0.240311897539,0.262212672797
0.35293523663,0.100486286556,0.382979657294,0.163598819519
0.219725243904,0.40830360747,0.202968110554,0.169003038072
0.0445781764366,0.236842166752,0.498067098631,0.220512558181
0.201552410875,0.301064109508,0.126568531138,0.370814948479
0.00938902663671,0.499523321589,0.0462042981912,0.444883353583
0.227948471733,0.401985308832,0.297579692271,0.0724865271637
0.107061195124,0.320849738794,0.302918983036,0.269170083045
0.306031157279,0.153893721333,0.20312648192,0.336948639468
0.0757299445235,0.27415262962,0.369784263517,0.28033316234
0.0433818195504,0.351399028468,0.235135051377,0.370084100605
0.441561800937,0.00339213701019,0.110464206387,0.444581855666
0.432057191055,0.31512251821,0.206011229178,0.0468090615574
0.445473390064,0.0276698407436,0.0792580777131,0.447598691479
0.0107645617412,0.207380509034,0.282485623636,0.499369305588
0.409122438913,0.0249488396385,0.351484312003,0.214444409445
0.187023414488,0.214810830887,0.465713961942,0.132451792683
0.181298614137,0.330328320356,0.328406991944,0.159966073563
0.28779917617,0.117727487825,0.166815795987,0.427657540017
0.621057752235,0.188513900243,0.155453801125,0.0349745463962
0.486634651019,0.0484021512881,0.0238692343076,0.441093963385
0.0532550919031,0.284010943515,0.391857758545,0.270876206036
0.0864391002884,0.220385879162,0.405758225714,0.287416794836
0.261423473905,0.380047049295,0.0827348425363,0.275794634263
0.318656987227,0.15583264474,0.203668426365,0.321841941669
0.135832113963,0.327453567471,0.14558961516,0.391124703406
0.139027169671,0.51726001657,0.14938252375,0.194330290009
0.131016842927,0.220875503549,0.217296061083,0.430811592442
0.44080086703,0.162320704789,0.208588863973,0.188289564207
0.00119465873877,0.238648248847,0.342208895405,0.417948197009
0.351206201246,0.143833146763,0.287181325578,0.217779326413
0.315252953122,0.0410236775123,0.291110204174,0.352613165192
0.18430864838,0.380877465025,0.205709863484,0.229104023112
0.187071840095,0.0929670658148,0.52997966745,0.189981426641
0.00951307572322,0.328211478659,0.333494100572,0.328781345045
0.00310188753889,0.35626047782,0.147965355565,0.492672279076
0.559940445865,0.136623339071,0.167233625699,0.136202589364
0.218608444762,0.198473862571,0.286057731244,0.296859961422
0.365004538663,0.171087781722,0.125111081751,0.338796597863
0.281229893808,0.307622056181,0.227451007468,0.183697042542
0.155021322527,0.366463172241,0.172687213414,0.305828291817
0.164284367687,0.0462175805874,0.322633900462,0.466864151264
0.043236171085,0.31528363941,0.182902578728,0.458577610777
0.0170683977938,0.228168449712,0.529814461634,0.22494869086
0.352398405339,0.409550028006,0.206929295054,0.0311222716012
0.255557013116,0.181676658449,0.167343976676,0.395422351759
0.40418535544,0.211624752181,0.356214747857,0.0279751445226
0.259709829004,0.187534889495,0.217380535075,0.335374746425
0.0338242700999,0.176305447487,0.39255171537,0.397318567043
0.129585420508,0.15871150165,0.59175936488,0.119943712962
0.240587810563,0.299725901854,0.210987229637,0.248699057945
0.0723495893564,0.300243295791,0.370438910152,0.2569682047
0.293084288857,0.207736221302,0.314957936266,0.184221553575
0.270284116172,0.166171508588,0.173811342863,0.389733032377
0.139190719783,0.344515931353,0.229651898042,0.286641450822
0.0205147239253,0.429283001638,0.261353558704,0.288848715733
0.342875557029,0.146703415849,0.139352990192,0.37106803693
0.113349285482,0.0398644987584,0.287988189087,0.558798026672
0.2461836752,0.28965780601,0.107741193363,0.356417325427
0.284533260254,0.262096415581,0.246258381869,0.207111942295
0.0424600977771,0.612866907517,0.312630503564,0.0320424911421
0.254804282878,0.280938914387,0.153305099477,0.310951703259
0.214444127151,0.131707500477,0.240485048055,0.413363324317
0.113809913696,0.354772042461,0.251960281623,0.27945776222
0.234257077903,0.385551855454,0.222697155257,0.157493911386
0.352140954596,0.194424875502,0.44343843704,0.00999573286229
0.0905090836182,0.393336689817,0.0271467327601,0.489007493805
0.266246083567,0.399870517962,0.0660356461891,0.267847752282
0.230578150899,0.171674940606,0.368118059986,0.229628848509
0.204335935806,0.301254036877,0.229945927603,0.264464099714
0.495921423607,0.192390700112,0.15013030274,0.161557573541
0.354658444002,0.463636772128,0.0754957205598,0.10620906331
0.18044252102,0.272909766605,0.296060462019,0.250587250356
0.178506279353,0.305673562138,0.203385064475,0.312435094033
0.264609287023,0.087506330606,0.255217189985,0.392667192386
0.356618163155,0.10644543226,0.157475283146,0.379461121438
0.373618289986,0.257657066526,0.200477052189,0.168247591299
0.290926631692,0.357415371321,0.114989906371,0.236668090616
0.172568879743,0.441668023421,0.377069170763,0.00869392607255
0.326844137331,0.204320030746,0.25493099857,0.213904833352
0.256118439363,0.317324130833,0.350187829223,0.0763696005805
0.113422128076,0.144669503233,0.453501713872,0.288406654819
0.241276975088,0.484957477539,0.136343776965,0.137421770408
0.0229880673015,0.378642603536,0.399289767244,0.199079561919
0.318210328875,0.343981676701,0.293102172193,0.0447058222309
0.467132904953,0.231969776066,0.00251098365892,0.298386335322
0.398135930273,0.362508176918,0.0594284158067,0.179927477003
0.334515134919,0.269057508449,0.0256892465169,0.370738110115
0.209582273651,0.121777467607,0.160646653805,0.507993604936
0.226087669003,0.0899627489839,0.459841241267,0.224108340746
0.279413020251,0.0130393544975,0.306806285632,0.400741339619
0.11372157311,0.214847717794,0.256124214445,0.415306494651
0.402591374453,0.367275535122,0.0457118459301,0.184421244495
0.423491554219,0.0738909250089,0.384342761991,0.118274758781
0.22471640151,0.0953684032005,0.484601964673,0.195313230616
0.236814231428,0.00495621061842,0.710156061507,0.0480734964462
0.355573742472,0.00607571169805,0.203663561292,0.434686984538
0.355552564248,0.395691358159,0.0767061296849,0.172049947909
0.0324996783225,0.0774509934426,0.131707774171,0.758341554064
0.0410321073284,0.121527607362,0.336558818784,0.500881466526
0.178614750106,0.363630622445,0.151554098279,0.30620052917
0.129987248332,0.206031630859,0.370864149582,0.293116971228
0.00853734456508,0.175742758447,0.413991714599,0.401728182389
0.0662792919792,0.00846700345369,0.367256824307,0.55799688026
0.278042140708,0.215413855684,0.231777598304,0.274766405304
0.71487917917,0.000647180639892,0.201662375288,0.0828112649021
0.146230138155,0.371557503363,0.248983558445,0.233228800037
0.386731234115,0.0470438371776,0.345670407221,0.220554521487
0.268594082806,0.626602397072,0.0308079886267,0.0739955314949
0.113189865921,0.0192101366096,0.043090537352,0.824509460117
0.256376003524,0.206566669378,0.251901609041,0.285155718057
0.170079265228,0.0235420459076,0.451954254911,0.354424433953
0.400098287283,0.0304763867355,0.352095066302,0.21733025968
0.399462505948,0.132712180597,0.196099921445,0.271725392009
0.35752822709,0.254765334,0.313095036707,0.0746114022032
0.216270974654,0.127190104502,0.460610024115,0.195928896728
0.222105239649,0.230455006444,0.252821973614,0.294617780293
0.156623566566,0.378356635636,0.338095721805,0.126924075993
0.445734489357,0.268677866237,0.231578287344,0.0540093570615
0.221171445836,0.406635266713,0.14211248956,0.230080797891
0.30261077905,0.306379986723,0.0161372774992,0.374871956728
0.184482107774,0.329224071433,0.282138974114,0.204154846679
0.400945094364,0.386221484074,0.0258714538162,0.186961967745
0.0670555916989,0.32874990509,0.285586175756,0.318608327455
0.0691266740445,0.718753706358,0.0924213218721,0.119698297726