0.372606209325,0.283522580112,0.0201005946533,0.32377061591
0.284610285328,0.333633162406,0.286889482083,0.0948670701832
0.111862893575,0.230003931275,0.360543888963,0.297589286187
0.313597862127,0.24462769017,0.0652781017998,0.376496345903
0.238205195295,0.0975330727447,0.281954704748,0.382307027211
0.419194977816,0.245791674772,0.141702833285,0.193310514127
0.228954859706,0.0724770073785,0.356304368538,0.342263764378
0.254861965293,0.165744423311,0.356797330713,0.222596280684
0.406537079837,0.283534492698,0.0421850137681,0.267743413697
0.380769302091,0.160417281277,0.290116354329,0.168697062302
0.0483820831354,0.397145157755,0.242598765926,0.311873993183
0.36749273452,0.359112836857,0.0109939496134,0.262400479009
0.415902441968,0.0911687067714,0.362505621712,0.130423229548
0.399293066863,0.0451456088775,0.150211259789,0.40535006447
0.187953308117,0.285141868915,0.404155941892,0.122748881076
0.0533820093225,0.0561434381742,0.289720586343,0.60075396616
0.160941320332,0.479443752562,0.184619058883,0.174995868223
0.311051130969,0.469566972437,0.122263788943,0.097118107651
0.287518507791,0.0290283484727,0.0358746315087,0.647578512228
0.31224823515,0.178402827957,0.140117117251,0.369231819642
0.162195166644,0.219276761782,0.380792942438,0.237735129136
0.327927195388,0.259543222842,0.259365542846,0.153164038923
0.279340060832,0.410805785967,0.291009133736,0.0188450194654
0.209783031761,0.334798131923,0.184027886866,0.27139094945
0.229041599087,0.116149546371,0.348492980017,0.306315874524
0.360398375497,0.199885783956,0.0885030617391,0.351212778807
0.499321085926,0.0813570693551,0.276152903571,0.143168941148
0.230088273687,0.357692755609,0.304541348807,0.107677621897
0.322164311939,0.33435524656,0.0180714057969,0.325409035704
0.0355701905947,0.329738804719,0.35643934038,0.278251664307
0.372883963072,0.0685374715881,0.225921587614,0.332656977726
0.38584733568,0.0020128386195,0.252028669762,0.360111155939
0.0739785735764,0.311734233755,0.399865403577,0.214421789092
0.293354097727,0.29841523036,0.113802158321,0.294428513591
0.164278228187,0.492797858687,0.0786290055488,0.264294907577
0.29744121583,0.362408997056,0.249479352149,0.0906704349649
0.243957476619,0.440804623409,0.274861494789,0.0403764051824
0.291692348071,0.398630611398,0.248423910334,0.0612531301975
0.399753199941,0.195108496609,0.0833258656809,0.32181243777
0.267933541794,0.308180793434,0.215514112478,0.208371552295
0.274603876434,0.173066517832,0.361562650306,0.190766955429
0.0344821548825,0.317573170582,0.392434621493,0.255510053043
0.0622657010841,0.519582645156,0.221176977068,0.196974676692
0.650596975429,0.0543727953778,0.0348204383262,0.260209790867
0.0839849840909,0.327313430501,0.416160290869,0.17254129454
0.427561638663,0.064812636249,0.278761629365,0.228864095723
0.274116438452,0.304922524443,0.115288112537,0.305672924568
0.240979193,0.321648739709,0.279807716053,0.157564351238
0.272159014205,0.405460391554,0.165631920956,0.156748673285
0.258645753336,0.0417934968862,0.347631979273,0.351928770506
0.0909100611363,0.273228766375,0.437419107966,0.198442064523
0.248024320444,0.404164041637,0.106358744075,0.241452893844
0.0648964683593,0.269002801083,0.317438751453,0.348661979105
0.432317514365,0.220806842558,0.285502252478,0.0613733905999
0.36129271481,0.29027097125,0.187548594695,0.160887719245
0.128838428516,0.208149270037,0.183848525005,0.479163776443
0.303740872232,0.226183498259,0.170035593953,0.300040035556
0.118016734574,0.293836600637,0.238811053111,0.349335611678
0.365388339709,0.265357853076,0.0169779932161,0.352275813999
0.241311427741,0.0951857555861,0.172852315045,0.490650501628
0.271904968366,0.0429826275607,0.178824951358,0.506287452715
0.277446794475,0.268689864143,0.198216384988,0.255646956393
0.265529876646,0.12780395579,0.388772877231,0.217893290332
0.0478066384366,0.00812999360263,0.57713290875,0.366930459211
0.305972862217,0.450057798994,0.0586574917357,0.185311847054
0.0300626638453,0.270740798572,0.362843310168,0.336353227414
0.0348514932999,0.30436073493,0.228497888313,0.432289883457
0.369466139728,0.0121193158956,0.436376446659,0.182038097717
0.111841199756,0.309214204405,0.27882969193,0.300114903908
0.0866990462051,0.0544956319106,0.557692743965,0.301112577919
0.285865148956,0.0950864857454,0.28355687323,0.335491492069
0.266315654939,0.355389476691,0.078531157717,0.299763710653
0.305524494348,0.117965304413,0.0903453282276,0.486164873011
0.0456585346797,0.380076191737,0.238938566534,0.335326707049
0.158338912298,0.227681110293,0.448992616359,0.16498736105
0.606712728928,0.195310340365,0.0182921125023,0.179684818205
0.2826244806,0.324201446031,0.24384199978,0.149332073589
0.164199219595,0.280551432725,0.312243409753,0.243005937927
0.480354387575,0.184785734068,0.131234249772,0.203625628585
0.0916442061433,0.422382137971,0.417130959391,0.0688426964947
0.201307297965,0.24946152438,0.158915315806,0.390315861849
0.348359684722,0.277639818422,0.206678063825,0.167322433031
0.50474519787,0.0574007916792,0.232391722373,0.205462288078
0.318790186593,0.138163514411,0.236009819877,0.307036479119
0.358206489496,0.353540819609,0.0593078330223,0.228944857873
0.35265955186,0.286157416243,0.134137070598,0.227045961299
0.549945668052,0.164315173308,0.260656503855,0.0250826547854
0.297815482493,0.390027574866,0.0704111817453,0.241745760897
0.00237936305408,0.490233878024,0.367069178301,0.140317580621
0.14678605701,0.426825286368,0.172361954863,0.254026701759
0.25718510288,0.34084605614,0.0938131037815,0.308155737198
0.28790822984,0.358119244477,0.0354060263401,0.318566499342
0.233571902318,0.519922605255,0.154122588374,0.0923829040524
0.156065128104,0.20808589997,0.361606142791,0.274242829134
0.232662207195,0.214289878155,0.27129739996,0.28175051469
0.277785841344,0.508824022172,0.141386537223,0.0720035992616
0.067236555016,0.402561315964,0.248144400817,0.282057728204
0.179174850431,0.321728841122,0.236107632637,0.26298867581
0.15342296662,0.271219083418,0.273978176927,0.301379773035
0.318454190989,0.141273217688,0.289885634625,0.250386956697
0.145498410357,0.0836306376719,0.487764190442,0.28310676153
0.221083428294,0.362077626845,0.0681364540629,0.348702490798
0.175310306522,0.331522068829,0.0822238376723,0.410943786976
0.0725233103818,0.30911928149,0.330433979672,0.287923428456
0.346623099681,0.142536116196,0.185378319947,0.325462464176
0.275607776977,0.361013663788,0.291418751533,0.0719598077016
0.276529063317,0.269463741324,0.211057673798,0.242949521561
0.1412174104,0.522951529543,0.264142875343,0.0716881847145
0.345376792149,0.192485988234,0.444226880888,0.0179103387294
0.199624507248,0.352813769603,0.222487810077,0.225073913072
0.30078359442,0.217209096921,0.251707518083,0.230299790576
0.238861836563,0.192190143564,0.281713803441,0.287234216432
0.255418483692,0.40280545368,0.312592355455,0.0291837071734
0.35253587108,0.273032191847,0.165053974919,0.209377962154
0.0985400111554,0.298668959582,0.371589769744,0.231201259518
0.458219738309,0.013739328135,0.33212646988,0.195914463676
0.117414098166,0.158327651723,0.308411296408,0.415846953703
0.315723648859,0.140025795013,0.308271587181,0.235978968946
0.183669236195,0.402752698387,0.294367942877,0.119210122541
0.374088012761,0.315030960427,0.188774607798,0.122106419014
0.348795398097,0.173272132821,0.362805348366,0.115127120716
0.384464366072,0.234275966627,0.37401325802,0.00724640928112
0.38552528013,0.159268931489,0.322328430314,0.132877358067
0.529218365351,0.128272448444,0.0658564442137,0.276652741991
0.340177444336,0.340579369419,0.250570425196,0.0686727610491
0.289018883391,0.458527700275,0.0318589979164,0.220594418418
0.257253154852,0.201972405839,0.316201364828,0.22457307448
0.184565624958,0.484937669352,0.251297460753,0.0791992449369
0.258786485692,0.122740114306,0.420578936134,0.197894463869
0.236975152286,0.55529093073,0.0463237640126,0.161410152972
0.226618902462,0.402905319617,0.0228399389925,0.347635838928
0.32983047333,0.0587557239091,0.319662660543,0.291751142218
0.283862522346,0.115339212426,0.313953969093,0.286844296135
0.332458825684,0.131774269701,0.18399538095,0.351771523664
0.205403661779,0.481666433356,0.0051988782667,0.307731026599
0.26719157948,0.283710410511,0.291916038656,0.157181971354
0.0635943746924,0.155723177195,0.362463966004,0.418218482109
0.358635542815,0.0197132509008,0.395577869627,0.226073336656
0.0252146518933,0.350341570018,0.185623129385,0.438820648703
0.0188621497476,0.526013301568,0.216005813276,0.239118735409
0.176386725432,0.275413063725,0.13134465229,0.416855558553
0.254501008754,0.168299062495,0.122570341837,0.454629586913
0.181746905127,0.179609285949,0.167985866714,0.47065794221
0.314958095776,0.0308589094153,0.179218698884,0.474964295925
0.275938490263,0.302550989634,0.165193131815,0.256317388289
0.0184419390631,0.501167761406,0.380880458098,0.0995098414331
0.136027948061,0.338457075559,0.375814180483,0.149700795897
0.285316791918,0.251229614044,0.22908205004,0.234371543998
0.462500223498,0.322851980842,0.149260022598,0.0653877730614
0.544776015308,0.118460256838,0.169176343889,0.167587383965
0.276146455103,0.343265471595,0.126547262467,0.254040810835
0.318844886218,0.399763364778,0.0368094752782,0.244582273726
0.535661756731,0.196848193031,0.0732488052017,0.194241245036
0.153692875601,0.279538078598,0.185660686327,0.381108359474
0.340280096444,0.147583504425,0.417312356385,0.0948240427462
0.0720744052173,0.11611838476,0.44664265765,0.365164552373
0.0304121935904,0.780186451843,0.037383346638,0.152018007928
0.18839921218,0.22329363375,0.392086432853,0.196220721218
0.510340804231,0.0137958326916,0.318762486622,0.157100876455
0.331167316492,0.189505354355,0.299278018484,0.180049310669
0.378112240738,0.326922818076,0.0246440289048,0.270320912282
0.0590804454776,0.0596737365821,0.444954310268,0.436291507672
0.414256684338,0.281924147959,0.13203499799,0.171784169714
0.217936684667,0.126697082295,0.372095881831,0.283270351208
0.340357557303,0.0425632471519,0.456550732282,0.160528463263
0.717764375946,0.152573705056,0.0218160106531,0.107845908344
0.173753907999,0.265256164873,0.232583383121,0.328406544008
0.0899128772996,0.292893074749,0.330350457756,0.286843590196
0.377182940483,0.423491340564,0.0717000926772,0.127625626275
0.505813779587,0.209907811678,0.158639992965,0.125638415771
0.0177779226519,0.392470431409,0.0427200698904,0.547031576049
0.145496973025,0.0493732987365,0.535833380701,0.269296347538
0.101415940913,0.191096463332,0.217302334259,0.490185261496
0.164167542924,0.208153236113,0.282666826861,0.345012394102
0.395326868185,0.000409370200532,0.230505102538,0.373758659077
0.152673890034,0.0387451374187,0.519218943908,0.28936202864
0.408026668702,0.260444908631,0.0149538128995,0.316574609768
0.0432235625883,0.301200060122,0.323933758909,0.331642618381
0.0184897948748,0.435387071291,0.159582239691,0.386540894144
0.321301678717,0.307769785185,0.29030877598,0.0806197601175
0.396388271217,0.0687507391002,0.0723278169549,0.462533172728
0.197927998558,0.248450294424,0.111168370703,0.442453336314
0.49763899748,0.100627984011,0.0458042978917,0.355928720618
0.0448930087338,0.235686037732,0.334732185952,0.384688767582
0.147255928983,0.333481041903,0.336855264983,0.182407764132
0.066837475832,0.311998026483,0.309274020641,0.311890477044
0.386806191748,0.168707537432,0.316723323304,0.127762947516
0.403399004552,0.0396984686976,0.450331307741,0.10657121901
0.288085809024,0.0953233277438,0.276882653542,0.33970820969
0.13466268917,0.280091223167,0.32107502635,0.264171061313
0.199902583,0.323902822216,0.444411931948,0.0317826628358
0.12277422104,0.0817796727365,0.287474240767,0.507971865457
0.262139066773,0.163902262145,0.281724537051,0.292234134031
0.203474581123,0.333436948534,0.195093994426,0.267994475918
0.164803386367,0.260745603326,0.0324432775598,0.542007732748
0.0105587699717,0.438647893708,0.345607369128,0.205185967192
0.168281081858,0.238450726039,0.334077509759,0.259190682344
0.311020744586,0.288804347952,0.315430640682,0.0847442667798
0.137645015768,0.194702137347,0.355785931289,0.311866915597
0.133135209899,0.424609247588,0.0988867925826,0.343368749931