0.295065321334,0.107751094165,0.333768202041,0.26341538246
0.180563477173,0.50924139336,0.213613253753,0.0965818757139
0.212415593651,0.398585739346,0.162524575208,0.226474091795
0.177479958194,0.0291382345022,0.344876070205,0.448505737098
0.0990633533514,0.121948952812,0.369225424078,0.409762269759
0.0427796636692,0.106830108556,0.613469992792,0.236920234983
0.283530477749,0.23127223226,0.285961033517,0.199236256474
0.199487166167,0.028365434001,0.336688343297,0.435459056535
0.22432694296,0.282702595085,0.276831817054,0.216138644901
0.306254607999,0.334168610245,0.31882862059,0.0407481611662
0.329102258667,0.209561253794,0.388975816499,0.0723606710402
0.330498611385,0.317886853939,0.068103404465,0.283511130212
0.485883688823,0.0198276618667,0.152048341332,0.342240307979
0.292901192079,0.222497670663,0.225119936392,0.259481200866
0.121342772889,0.390601683907,0.141337425357,0.346718117847
0.514820472425,0.0289438898357,0.0181033793681,0.438132258371
0.0978140795162,0.308067636391,0.266771902998,0.327346381095
0.0821319256008,0.486763966664,0.0750809978224,0.356023109912
0.239708967982,0.304950278425,0.208275361819,0.247065391775
0.195747731547,0.202464288947,0.254542596621,0.347245382884
0.278519075683,0.219295808879,0.36154669433,0.140638421109
0.0922258998874,0.212855599558,0.340357689856,0.354560810699
0.285566084053,0.21666128654,0.169039646967,0.32873298244
0.339725244494,0.0321877562667,0.452906409485,0.175180589754
0.250009418496,0.126924938787,0.111776560138,0.511289082579
0.176756160233,0.380321132563,0.0183600599316,0.424562647273
0.402939270849,0.0336709842029,0.405178223059,0.158211521889
0.357895955257,0.216380920395,0.208338560106,0.217384564243
0.375725409091,0.0335659541112,0.36368211107,0.227026525728
0.293978288841,0.137678312896,0.122448452672,0.445894945591
0.176621641598,0.142989835285,0.244719639805,0.435668883312
0.218416513972,0.270313676434,0.269362361768,0.241907447827
0.319816222248,0.0916027642626,0.25984714313,0.328733870359
0.261775746052,0.264966760968,0.263923851301,0.209333641679
0.454030736551,0.530501078292,0.0119978521185,0.00347033303801
0.0525585508262,0.285917886619,0.468056593911,0.193466968644
0.190258023826,0.338413126734,0.288729178441,0.182599671
0.359899875495,0.325348045133,0.0614709909655,0.253281088407
0.129984947186,0.283008246336,0.0988050230321,0.488201783446
0.365955377206,0.00798843964052,0.217384137642,0.408672045512
0.315338230693,0.113324925236,0.354492530742,0.216844313329
0.295948152239,0.288755019444,0.0318596660142,0.383437162303
0.478383212364,0.0967624394178,0.150859817143,0.273994531075
0.437233130294,0.152832380973,0.146139191371,0.263795297362
0.12022857335,0.0610723780562,0.384400501892,0.434298546701
0.331818205652,0.279040594991,0.0713447970337,0.317796402323
0.558865158851,0.0266120390982,0.248290524149,0.166232277901
0.150880908778,0.457053111474,0.344991124855,0.0470748548933
0.317472206729,0.0406964652902,0.380069837042,0.261761490939
0.108205634606,0.406128114924,0.382565873714,0.103100376756
0.11531032338,0.553599663098,0.309546007652,0.0215440058704
0.366281870497,0.241293940405,0.239854787441,0.152569401658
0.427112782808,0.151958014695,0.00547063999414,0.415458562503
0.263893594964,0.109443210026,0.374612138828,0.252051056182
0.347708769435,0.22727124381,0.410319567758,0.0147004189966
0.262011104833,0.294668100985,0.214807687383,0.228513106799
0.367643017326,0.0133284032339,0.353114494038,0.265914085402
0.373932756969,0.195801786493,0.00244072264358,0.427824733894
0.282174157117,0.308291621163,0.262475990143,0.147058231576
0.200805063542,0.208083905781,0.291775299817,0.29933573086
0.0573784056871,0.339323375696,0.347603722383,0.255694496235
0.264283577857,0.27031795802,0.265701734038,0.199696730085
0.192507670946,0.350681931598,0.133133617206,0.32367678025
0.308191632858,0.330711830547,0.124320663203,0.236775873392
0.322730177657,0.156703842703,0.109390845845,0.411175133795
0.238807677831,0.279264361693,0.281560136269,0.200367824207
0.385720530314,0.126223704664,0.249728743296,0.238327021726
0.323332633992,0.269579567849,0.102875406408,0.30421239175
0.0468940311637,0.452745122771,0.0641490401521,0.436211805913
0.180554821572,0.229853618712,0.0861219717537,0.503469587962
0.301098092765,0.209509049401,0.270380943624,0.21901191421
0.341507231607,0.00175776049585,0.291010329845,0.365724678052
0.113039329908,0.353236150524,0.229461983286,0.304262536283
0.181187574413,0.177474152761,0.132800946054,0.508537326773
0.267005828053,0.126232187145,0.297536416327,0.309225568475
0.349884855702,0.257599791829,0.0995883821718,0.292926970297
0.122484531369,0.3628841501,0.281068417897,0.233562900635
0.361671996617,0.269349246748,0.143949911156,0.225028845479
0.234026271879,0.331616773769,0.311077266762,0.12327968759
0.140040674639,0.431318062436,0.382747350449,0.0458939124767
0.241900239557,0.318122602608,0.147880669653,0.292096488183
0.231668518414,0.26405004853,0.358529697038,0.145751736018
0.0413287422779,0.00912839840498,0.514956190629,0.434586668688
0.344361405647,0.305804479682,0.273263931348,0.0765701833228
0.394809713098,0.361967954024,0.0989631206937,0.144259212184
0.368168017219,0.194178227811,0.215317999969,0.222335755001
0.444351276597,0.211684291535,0.3398349399,0.0041294919674
0.195159083277,0.206402504472,0.390811668954,0.207626743297
0.403721720358,0.280471494396,0.262700278631,0.0531065066146
0.354512207745,0.080948317196,0.510504920198,0.0540345548612
0.233832855852,0.0947277014746,0.274780575436,0.396658867238
0.219327425067,0.367643672536,0.332638722888,0.0803901795086
0.173014698984,0.253411386286,0.151334209586,0.422239705144
0.330923463627,0.101061777801,0.213867791912,0.35414696666
0.0650162826482,0.231680271702,0.421887789629,0.281415656021
0.136416581558,0.442084733785,0.106726407001,0.314772277656
0.396924381322,0.295488017106,0.18688518435,0.120702417222
0.185141043588,0.2798284991,0.196232521777,0.338797935534
0.269220653544,0.242954564543,0.0375153699858,0.450309411928
0.354097342784,0.312452785944,0.0696443628592,0.263805508413
0.142569223889,0.257065969018,0.0923873343511,0.507977472742
0.209563877706,0.322282973958,0.163754281668,0.304398866668
0.301146128765,0.661847287854,0.0207002301159,0.0163063532644
0.331138231278,0.325239179962,0.0875883167307,0.25603427203
0.233124135066,0.258754008755,0.279445525173,0.228676331006
0.184770358051,0.332274875894,0.129512794792,0.353441971263
0.163392816688,0.222619998618,0.382268178638,0.231719006056
0.18771873128,0.324406925921,0.21923062405,0.268643718749
0.0326439958085,0.355629053395,0.425151083871,0.186575866926
0.263825834974,0.464094101877,0.0349989303408,0.237081132808
0.391757701428,0.0359281526833,0.265320545302,0.306993600587
0.305410776461,0.179280328118,0.0674293817673,0.447879513654
0.0556170152476,0.395258562193,0.360641145509,0.188483277051
0.169823146787,0.242558445366,0.259139435562,0.328478972285
0.300754698267,0.333421306381,0.364072245092,0.00175175026028
0.115771659884,0.0901929404258,0.178525685982,0.615509713708
0.416528482545,0.255572657361,0.23092988541,0.0969689746833
0.292639685198,0.314508296338,0.148512141028,0.244339877436
0.0575263740475,0.356668935586,0.0371936437887,0.548611046578
0.317003985989,0.23995467874,0.435853612991,0.00718772227967
0.400881855416,0.0217874303352,0.0873378984804,0.489992815768
0.313239421184,0.27199511004,0.32423428279,0.0905311859854
0.224069940299,0.0576804524985,0.278159974056,0.440089633147
0.330718999543,0.175163000859,0.409313144548,0.0848048550503
0.238133518549,0.478770625274,0.17212032193,0.110975534247
0.118041842257,0.361531779909,0.301640290336,0.218786087498
0.0485129315358,0.397185587137,0.430590441999,0.123711039328
0.319967599222,0.266099553359,0.245715265904,0.168217581515
0.174529881665,0.113575699762,0.388553542258,0.323340876315
0.399245608161,0.409457520376,0.00806884707757,0.183228024386
0.225154865082,0.055263588015,0.471885425228,0.247696121675
0.155766997702,0.238520506048,0.181790928147,0.423921568102
0.0408381958242,0.194122528778,0.55819581569,0.206843459708
0.368415837141,0.350695091933,0.0553695931917,0.225519477735
0.405440421529,0.321193313496,0.00237609295696,0.270990172018
0.317947669196,0.421421859931,0.183124481298,0.0775059895744
0.00722705551213,0.428290132586,0.21188791322,0.352594898681
0.554590170258,0.0833065321198,0.0196263815203,0.342476916102
0.0398674254672,0.396332314759,0.560688933954,0.00311132582012
0.189652314349,0.323868857559,0.0502926618207,0.436186166271
0.581306313394,0.132116989333,0.0461686047648,0.240408092509
0.406651243743,0.16394604305,0.155263622621,0.274139090587
0.19342747797,0.151265419517,0.0950975765759,0.560209525937
0.241093929449,0.138741978242,0.307006994737,0.313157097573
0.161798177631,0.0681905710509,0.245396165747,0.524615085571
0.322891808321,0.159684995502,0.304849502443,0.212573693734
0.115383376779,0.0398690565595,0.309370794553,0.535376772108
0.29295426536,0.23763896275,0.20248381281,0.266922959079
0.282063791877,0.236260117248,0.180246596472,0.301429494404
0.298291504475,0.0889959707312,0.250395910338,0.362316614456
0.289206227806,0.324744229312,0.232882199002,0.153167343879
0.286462746393,0.313445331064,0.150183597149,0.249908325393
0.34695526376,0.307970426709,0.0250151606112,0.32005914892
0.0951796354398,0.0918935970743,0.497483926907,0.315442840579
0.0277651347706,0.616524654438,0.193234527499,0.162475683292
0.181155714924,0.235916710989,0.357300733682,0.225626840405
0.265407537477,0.045546257359,0.160660337477,0.528385867687
0.316968725197,0.171152659944,0.366914329735,0.144964285124
0.194107916223,0.019301110207,0.452261601322,0.334329372249
0.213922014532,0.234172100547,0.278416067317,0.273489817604
0.162730489141,0.354533248583,0.157420078744,0.325316183532
0.0321866682527,0.0110051067579,0.732270655912,0.224537569077
0.0672171794394,0.232007432926,0.385232687961,0.315542699673
0.310427623915,0.059378355008,0.0729769929459,0.557217028131
0.324022504762,0.113516830444,0.309353612205,0.253107052589
0.0124132361702,0.210622207743,0.688990781623,0.0879737744641
0.323999070221,0.236791432481,0.357943231697,0.081266265601
0.459948614417,0.144328330029,0.166806840752,0.228916214802
0.602271065263,0.090057620813,0.0166923319322,0.290978981992
0.42907401153,0.410484325226,0.107152468035,0.0532891952085
0.290156620829,0.309942795151,0.33673038491,0.0631701991103
0.155114719072,0.392233142849,0.185910951489,0.26674118659
0.0752534137211,0.124540352563,0.365778991324,0.434427242392
0.230936845672,0.227717451742,0.266880018974,0.274465683613
0.280607454953,0.127975326649,0.0273357085179,0.56408150988
0.272032266661,0.281810083983,0.331050040966,0.11510760839
0.328939261312,0.162479750439,0.13104242545,0.377538562798
0.346634690424,0.254187389091,0.240552439037,0.158625481448
0.505458138842,0.242660532098,0.0570702969745,0.194811032086
0.254839217144,0.270166776946,0.0943201945306,0.38067381138
0.0322128588638,0.628888190914,0.227110215553,0.111788734669
0.16520914205,0.306805433453,0.219127069378,0.308858355119
0.274345508611,0.224415850579,0.194501935139,0.306736705671
0.250256496467,0.0855282375495,0.0803167836031,0.58389848238
0.279225508813,0.213362584707,0.220319630232,0.287092276248
0.0385680873975,0.351498137053,0.174147555856,0.435786219694
0.0469136147668,0.155765516,0.385331341968,0.411989527266
0.274760875342,0.284326425706,0.181608902782,0.25930379617
0.220681457334,0.189960286111,0.112146702889,0.477211553667
0.157898508326,0.369501497214,0.0300495155142,0.442550478945
0.348911342022,0.144057455045,0.44284465416,0.0641865487725
0.144192016923,0.267521026085,0.567790431249,0.0204965257433
0.264893827864,0.478229075691,0.218708336672,0.0381687597733
0.187872903356,0.162057810227,0.230005249249,0.420064037168
0.227830923954,0.321485215351,0.367471637567,0.083212223128
0.519045135995,0.090248033261,0.0385186294937,0.352188201251
0.124292536603,0.146477835951,0.542288915453,0.186940711992
0.200072763623,0.360506588563,0.025831262452,0.413589385361
0.341041211327,0.176585511734,0.0763455455021,0.406027731437
0.288791149841,0.356980251766,0.239260810133,0.114967788259