0.265057520307,0.13147869635,0.322371710976,0.281092072368
0.322651717826,0.324296295604,0.062305738189,0.290746248381
0.286018980527,0.171358394964,0.191571785076,0.351050839434
0.070312761555,0.461749723505,0.131835817337,0.336101697603
0.147544579944,0.113623133633,0.565600949539,0.173231336885
0.121451663156,0.143404053198,0.579515820773,0.155628462873
0.0592533757297,0.36501976712,0.34515280591,0.23057405124
0.169292279732,0.258667975789,0.322701037779,0.249338706701
0.227615846457,0.247656572979,0.129606921055,0.395120659509
0.294675409725,0.0883432304122,0.0896618926345,0.527319467229
0.331868227857,0.289425336407,0.35926968524,0.0194367504951
0.168399995343,0.595698120012,0.218109405399,0.0177924792462
0.143890056851,0.312345384176,0.490645804031,0.0531187549428
0.406727259373,0.161114250095,0.0772255858564,0.354932904675
0.21100977818,0.226306631426,0.195367871223,0.367315719171
0.232547492715,0.218426499873,0.422102959489,0.126923047923
0.269508404283,0.310288515802,0.14318493432,0.277018145595
0.218237481548,0.407346447772,0.144932116896,0.229483953784
0.356668838038,0.317244188148,0.137417579588,0.188669394225
0.256015412174,0.233790666834,0.268438269439,0.241755651553
0.472448426532,0.176115000837,0.227802171925,0.123634400706
0.414262858035,0.222246316243,0.298438468018,0.0650523577046
0.413576387837,0.467172452284,0.00849337259781,0.110757787281
0.46751513006,0.098740130849,0.318551368209,0.115193370882
0.0865023536575,0.22020109185,0.127578671127,0.565717883365
0.220149620276,0.00822041245249,0.390196101548,0.381433865723
0.302690472566,0.228690267448,0.252432629324,0.216186630663
0.183328213238,0.255342853501,0.302017445206,0.259311488055
0.0634989452901,0.618892570505,0.30395088869,0.0136575955146
0.275545603856,0.3277821869,0.290545801119,0.106126408125
0.482789665252,0.22897451762,0.179995924152,0.108239892975
0.354250738268,0.323966561759,0.054339141929,0.267443558043
0.126951813147,0.730274399137,0.113355623948,0.0294181637673
0.37885307778,0.359204319467,0.218996046458,0.0429465562954
0.278903800368,0.318308844644,0.0688545650341,0.333932789954
0.275534391495,0.351287852502,0.313628523396,0.0595492326063
0.14384702453,0.13322335128,0.27061758422,0.45231203997
0.278567193268,0.342521131439,0.364814136481,0.0140975388118
0.477490606854,0.141955907346,0.279824768516,0.100728717285
0.0139710079891,0.0059524852061,0.497519691902,0.482556814903
0.339279429289,0.302257079402,0.260726945527,0.0977365457822
0.13708504489,0.323203134452,0.242549029019,0.29716279164
0.33782100602,0.298520253035,0.0267091342087,0.336949606736
0.230621741366,0.448387202704,0.025915173779,0.295075882151
0.189825341767,0.202266930739,0.258888808969,0.349018918525
0.000194323679585,0.567140491325,0.25343302374,0.179232161255
0.351307557244,0.142578814975,0.119528924795,0.386584702986
0.310599705036,0.0784086529291,0.308609675484,0.30238196655
0.242604821731,0.10002068984,0.286888587417,0.370485901012
0.126114804871,0.502885093681,0.0599586898075,0.31104141164
0.283441148592,0.333787142125,0.125409944068,0.257361765215
0.348465202386,0.076508504581,0.0998356262152,0.475190666818
0.31591374949,0.0159250764289,0.463405124042,0.204756050039
0.310308231446,0.00664709538606,0.253058646347,0.429986026821
0.153211980074,0.0606797176073,0.0822409558607,0.703867346458
0.368035124774,0.142259405361,0.07833517825,0.411370291614
0.152107195538,0.077907000715,0.281744110658,0.488241693089
0.225402848285,0.372278481505,0.228650791114,0.173667879097
0.278940862133,0.415269667009,0.240860852667,0.0649286181914
0.119038128081,0.0485798098136,0.410603004619,0.421779057487
0.0947872223233,0.0626260304597,0.299513712671,0.543073034546
0.066637136421,0.31020149848,0.589340958445,0.0338204066534
0.141706453343,0.0316209672724,0.44278783476,0.383884744625
0.404952966165,0.03687715515,0.444771948675,0.11339793001
0.0787465165662,0.361318740042,0.254857280279,0.305077463113
0.251070213803,0.291620637933,0.139057954213,0.318251194051
0.326353077606,0.253080231311,0.149775902246,0.270790788837
0.394268698586,0.283632474913,0.0406966334958,0.281402193005
0.276739423423,0.29744863979,0.126479589061,0.299332347726
0.373277007151,0.433869233337,0.119627461241,0.0732262982703
0.379421313217,0.339436894396,0.136515146779,0.144626645608
0.308914717293,0.598121875651,0.0702356268779,0.0227277801786
0.144198862883,0.306967875934,0.278071746224,0.270761514959
0.393542270285,0.0456564169664,0.385240504446,0.175560808303
0.209892849827,0.390143795512,0.165709795367,0.234253559295
0.183859894256,0.154202273468,0.373862030142,0.288075802134
0.531730194932,0.342700499326,0.0284153186012,0.097153987141
0.166579289853,0.297077669557,0.238175442013,0.298167598577
0.0785215606839,0.137423609922,0.481081752154,0.30297307724
0.334935641132,0.239591838604,0.0934323834541,0.33204013681
0.40321585275,0.211544450506,0.188395403548,0.196844293197
0.186430229804,0.255709804118,0.184551855313,0.373308110765
0.100766136075,0.376103585664,0.338936307889,0.184193970373
0.163212550001,0.0458845401663,0.602493093601,0.188409816232
0.00616851442409,0.552164736443,0.350538508987,0.0911282401462
0.168982341648,0.0695761226505,0.459084923138,0.302356612564
0.345854382381,0.167607525341,0.222074462912,0.264463629366
0.210518720501,0.196555291497,0.215925575417,0.377000412586
0.346480920493,0.397372684246,0.130014509374,0.126131885887
0.285911529241,0.146567208321,0.365048281992,0.202472980446
0.0999823736884,0.368900847232,0.229308563852,0.301808215228
0.336777891429,0.0485903152173,0.266666512424,0.34796528093
0.0245830879368,0.116085013745,0.52470459753,0.334627300788
0.195030680325,0.221346617182,0.148135377437,0.435487325056
0.0333708470448,0.0570764455321,0.597279654149,0.312273053274
0.165924622171,0.0484536424304,0.125389026537,0.660232708861
0.309995522332,0.172153198898,0.3551063162,0.162744962569
0.0758760751369,0.39081833027,0.479440134279,0.0538654603142
0.321185393228,0.289755415963,0.351392767048,0.0376664237602
0.271114274657,0.274631711107,0.0739639684377,0.380290045799
0.10757002243,0.374694147795,0.349825623128,0.167910206647
0.0136517414483,0.310290620844,0.376397862562,0.299659775146
0.0520194387641,0.0138332617363,0.406299707707,0.527847591793
0.212277654751,0.193927357411,0.250863924117,0.342931063721
0.444950774453,0.0848139323533,0.357295752016,0.112939541178
0.304258002737,0.307764444287,0.231164066966,0.15681348601
0.36337543321,0.292327479507,0.0988355397007,0.245461547582
0.151174125493,0.259652167959,0.330841330244,0.258332376304
0.393860018839,0.201883626589,0.0443637888704,0.359892565702
0.263938375662,0.385337937566,0.146202489191,0.204521197581
0.253402257433,0.218299993804,0.491460659229,0.0368370895341
0.0677767698504,0.271743110274,0.442447858577,0.218032261299
0.110919716096,0.16334335275,0.383378525195,0.342358405958
0.328835023704,0.433758095466,0.13700676347,0.10040011736
0.273171429303,0.230821133797,0.337964718982,0.158042717918
0.346897125153,0.254808020924,0.00685637492735,0.391438478996
0.0925139990111,0.171480166676,0.3236695249,0.412336309413
0.150009752332,0.540823848972,0.244212907961,0.0649534907351
0.0493885274852,0.466045796817,0.482305072763,0.0022606029354
0.130279949519,0.278883474756,0.371426357396,0.219410218328
0.522087203951,0.171355470271,0.179508768382,0.127048557396
0.249977493273,0.0704020689506,0.330584169287,0.349036268489
0.255243495546,0.172343643284,0.517993991554,0.0544188696154
0.105736560274,0.357666248789,0.343332175845,0.193265015092
0.246073211451,0.483637050495,0.019705397866,0.250584340188
0.23307821125,0.00210749510415,0.300099085242,0.464715208404
0.29392597396,0.0734021833982,0.345012192988,0.287659649654
0.289439659511,0.159150000095,0.332762448593,0.218647891802
0.141632142727,0.287135438034,0.246788433128,0.32444398611
0.401607877613,0.0292125701906,0.266318879526,0.30286067267
0.311482697314,0.185463456405,0.35912830128,0.143925545001
0.248672056041,0.344677489617,0.306296869746,0.100353584596
0.145877915833,0.482862279682,0.315775721207,0.0554840832777
0.157511827094,0.308015063068,0.20952519366,0.324947916178
0.157550495167,0.186209048706,0.344740492496,0.311499963631
0.176018619859,0.265974783935,0.34220800917,0.215798587036
0.304863862762,0.0644576450174,0.318665337889,0.312013154331
0.260567311188,0.0937359748414,0.455317980229,0.190378733742
0.252519271552,0.0440258297154,0.294319621405,0.409135277327
0.226124472254,0.1762338606,0.313783957762,0.283857709384
0.283630819562,0.383341708424,0.266195494135,0.0668319778795
0.148044370133,0.204012032133,0.352298366767,0.295645230967
0.0558776744405,0.377138781602,0.262038470162,0.304945073795
0.249071002949,0.267372017239,0.189538836427,0.294018143385
0.0574655758359,0.23525993881,0.291786255638,0.415488229716
0.0369693649818,0.404987899308,0.296957144536,0.261085591175
0.396673374194,0.201193729412,0.156133768134,0.245999128261
0.328702421397,0.408979307085,0.0296898515308,0.232628419986
0.235041917077,0.304358275987,0.155027871195,0.30557193574
0.28066474176,0.325724776142,0.145635698864,0.247974783234
0.257352335035,0.195373109679,0.277485480591,0.269789074695
0.364187222341,0.138939066999,0.396431361757,0.100442348903
0.239675136989,0.0841624686043,0.207654195123,0.468508199284
0.335574564387,0.344560911025,0.279454530413,0.0404099941749
0.465237008983,0.317200240756,0.00224706125057,0.21531568901
0.170354945304,0.298079784807,0.337973597828,0.193591672062
0.0631043652447,0.214076055253,0.276147961289,0.446671618213
0.598965626007,0.0568767583319,0.269266519493,0.0748910961681
0.0363664219491,0.136525766456,0.438639390256,0.38846842134
0.137764657287,0.546580050093,0.00873213814247,0.306923154477
0.377828657672,0.102366637369,0.000629873955988,0.519174831003
0.18142887624,0.381613698454,0.368970291411,0.0679871338954
0.0336815998148,0.390577370197,0.389186335549,0.186554694439
0.00368707431198,0.0555043108145,0.654504781769,0.286303833105
0.179233012814,0.429384342344,0.327966241472,0.0634164033699
0.276070024625,0.175572404741,0.457315462875,0.0910421077598
0.253517210699,0.250746940241,0.269122534495,0.226613314565
0.117495074612,0.409735351851,0.0763783235036,0.396391250034
0.345392853512,0.318181901788,0.0769095529106,0.259515691789
0.248750841431,0.100393648888,0.351977139224,0.298878370457
0.0392101496519,0.144278360548,0.28555283225,0.53095865755
0.185252457447,0.335898789315,0.11991193789,0.358936815348
0.163375624318,0.0602400157469,0.343131289159,0.433253070776
0.196657156179,0.362928604952,0.0985871256399,0.34182711323
0.23229480271,0.282214747626,0.373891563735,0.111598885929
0.347656644344,0.231034314981,0.210113807979,0.211195232696
0.129208466794,0.450273487489,0.124602674307,0.29591537141
0.252219707497,0.175545886481,0.488455639153,0.0837787668692
0.26627797205,0.0294733004274,0.192356809571,0.511891917952
0.153809654331,0.328984482621,0.376559643842,0.140646219206
0.0890768189624,0.0847821542164,0.394215409289,0.431925617533
0.0468319644847,0.41290230216,0.202732975453,0.337532757903
0.119759322953,0.356335828324,0.267586035818,0.256318812905
0.0435137242097,0.227535409934,0.389211559676,0.33973930618
0.15596171978,0.042901445193,0.0560354338461,0.745101401181
0.291123671516,0.0371787135153,0.579374479294,0.0923231356745
0.159694367027,0.316791943502,0.205882755237,0.317630934235
0.117487596547,0.464417291015,0.0543675143361,0.363727598101
0.0837289554536,0.210921186746,0.352500021823,0.352849835977
0.321801208282,0.00633865233908,0.244960335194,0.426899804185
0.496871598012,0.457916080944,0.0307482051081,0.0144641159359
0.153152018001,0.0488696136445,0.164031832751,0.633946535604
0.0647439225493,0.359914408708,0.152593696143,0.422747972599
0.351703935783,0.210794153487,0.36998370045,0.0675182102797
0.289862431177,0.106360550291,0.0233298370933,0.580447181439
0.0997639729734,0.567558096301,0.275729260251,0.0569486704751
0.074462064235,0.743660344275,0.0841415987912,0.097735992699
0.149770731682,0.0706310898869,0.558026757604,0.221571420827
0.0424528735814,0.563785228042,0.190413007665,0.203348890712
0.232095196145,0.250140732659,0.218516543842,0.299247527354