0.109926512706,0.0497507307733,0.445117128149,0.395205628372
0.523884305625,0.00357089052398,0.323205521824,0.149339282027
0.162583128134,0.137932824002,0.328555934798,0.370928113066
0.390893169063,0.243687188631,0.338850275694,0.026569366611
0.026441518455,0.37499983998,0.103570259729,0.494988381836
0.174159556237,0.237080549126,0.309554490579,0.279205404058
0.141737925049,0.1602438062,0.182943558829,0.515074709923
0.276353833049,0.193193060389,0.389122395721,0.141330710842
0.248082168774,0.322448182159,0.134145488359,0.295324160709
0.0389284557458,0.211177975083,0.296459252788,0.453434316384
0.421092541384,0.128268185092,0.0766829923244,0.373956281199
0.336380520032,0.281285521608,0.156358570908,0.225975387453
0.37194634255,0.134944202229,0.11966849097,0.373440964252
0.130728287503,0.154780781427,0.357975711672,0.356515219398
0.0910091403353,0.316590803786,0.213457995154,0.378942060725
0.499208540881,0.00798170335189,0.122810746949,0.369999008818
0.0710472875658,0.743817492032,0.180013725969,0.005121494433
0.172498424199,0.343792296721,0.24680810123,0.23690117785
0.537751040984,0.237869397154,0.105362217644,0.119017344218
0.245163387203,0.365695672748,0.20311783899,0.186023101059
0.394257116847,0.0161179215616,0.280504060027,0.309120901565
0.225474132637,0.262117121133,0.23185458731,0.28055415892
0.166522223209,0.484064287139,0.0028239415213,0.34658954813
0.264141267639,0.307617530857,0.32726804656,0.100973154944
0.18244635331,0.187658116802,0.29631402306,0.333581506828
0.284984246344,0.254675053597,0.102539882495,0.357800817564
0.0489509708229,0.579682990793,0.342212483277,0.0291535551066
0.31686435021,0.198935340733,0.208647006083,0.275553302975
0.180822909823,0.361711766826,0.3604890307,0.0969762926509
0.100010254732,0.0683175125206,0.546194009537,0.28547822321
0.735162119429,0.00225603766295,0.0544594497125,0.208122393196
0.197114935001,0.431355146435,0.140006666076,0.231523252488
0.340786611695,0.133053411872,0.281008792699,0.245151183735
0.21340914731,0.329897135992,0.265938647827,0.19075506887
0.512821047638,0.31184566739,0.0809237131883,0.0944095717831
0.30963012413,0.421858868684,0.12863003821,0.139880968976
0.319035784334,0.0869550969926,0.276659004884,0.317350113789
0.300500231757,0.22342587025,0.277696913198,0.198376984795
0.265284117303,0.359906633738,0.228401006956,0.146408242003
0.285210222527,0.294568846382,0.130376270607,0.289844660484
0.200860620104,0.394455298634,0.229993738888,0.174690342373
0.38159831843,0.469380112968,0.0468631228292,0.102158445773
0.0516838890781,0.340618804256,0.146720329876,0.460976976789
0.241912075464,0.298500802188,0.15231526396,0.307271858388
0.357406981096,0.100480701447,0.204811757313,0.337300560143
0.289052185108,0.399513515548,0.0992887591248,0.212145540219
0.318067013067,0.239862072311,0.17726281008,0.264808104542
0.229581026319,0.581728852445,0.0227371847386,0.165952936497
0.0712385033615,0.193894840257,0.408627923263,0.326238733118
0.0831386641715,0.281258964892,0.321841121188,0.313761249749
0.250609291328,0.189904910407,0.209411817011,0.350073981255
0.297831832289,0.013040954496,0.387744880404,0.301382332812
0.0189672315247,0.417888911698,0.0132415744736,0.549902282303
0.248200816976,0.258309462254,0.112179078768,0.381310642003
0.33563664991,0.220256044985,0.016133253316,0.427974051789
0.316580262306,0.342579845917,0.102575895145,0.238263996632
0.0507875667984,0.350370733569,0.330916941563,0.26792475807
0.314401419044,0.0422260927436,0.384526487481,0.258846000732
0.038954890411,0.311570320344,0.234814276012,0.414660513234
0.447047078304,0.330145364079,0.074779089324,0.148028468293
0.264367766954,0.0284728474689,0.302639286747,0.40452009883
0.478956301279,0.0054194153163,0.114675429953,0.400948853452
0.208181127848,0.557746705265,0.157758900943,0.0763132659439
0.211280922532,0.281209499858,0.253437486781,0.254072090828
0.0910025305579,0.247163263655,0.285405259367,0.37642894642
0.269574290283,0.227404802768,0.121415605515,0.381605301434
0.25875339694,0.407987408924,0.303130692036,0.0301285021001
0.101657362529,0.183387410971,0.363665140929,0.351290085571
0.527254681201,0.0323681840149,0.0487660374214,0.391611097362
0.170239034415,0.378052983359,0.107360466588,0.344347515639
0.23849239215,0.431754810897,0.18992261464,0.139830182313
0.0213872729907,0.520311782914,0.419272327814,0.0390286162813
0.254080851067,0.314433402096,0.110752603377,0.32073314346
0.269172972132,0.173320697862,0.232118982696,0.32538734731
0.342542414787,0.189059111828,0.293381956868,0.175016516517
0.182583561784,0.00242742873008,0.503363397318,0.311625612168
0.0792554367343,0.196686944783,0.648911534671,0.0751460838109
0.383716929035,0.273822507807,0.193568325542,0.148892237616
0.0387128839442,0.097089035357,0.508254534979,0.35594354572
0.0107038341743,0.378369227167,0.284823778426,0.326103160232
0.166213559805,0.283193700417,0.28839452338,0.262198216398
0.266506185665,0.492458085632,0.0143770719699,0.226658656733
0.170073469747,0.220309865905,0.0795178517968,0.530098812551
0.571590154202,0.0280575384651,0.101464540992,0.298887766341
0.200720190828,0.369555990024,0.251065617401,0.178658201747
0.278004896907,0.338608145698,0.211214593515,0.17217236388
0.192634812535,0.247788613352,0.274635896961,0.284940677152
0.530228508369,0.364013684871,0.0944549138859,0.0113028928749
0.342487223311,0.179841789529,0.412281747341,0.0653892398189
0.269143956296,0.437619692841,0.0312246138061,0.262011737057
0.109348130827,0.210526221843,0.311419709217,0.368705938114
0.300898188414,0.0553000660982,0.278174551858,0.36562719363
0.410283040389,0.227345062703,0.0780163083299,0.284355588578
0.216720583343,0.205559576448,0.341595587747,0.236124252462
0.0177056132287,0.19598750657,0.746561735748,0.0397451444532
0.394304979773,0.0109174859603,0.352293683228,0.242483851039
0.259068682472,0.202098371903,0.286523324432,0.252309621194
0.14886824987,0.455945786115,0.363164572842,0.0320213911736
0.418121818779,0.00113730410086,0.189279109975,0.391461767145
0.25482957094,0.260725288518,0.199867772019,0.284577368523
0.396755351904,0.215395451178,0.290915042084,0.0969341548344
0.195831984816,0.328901126415,0.388053999444,0.087212889324
0.303950495531,0.351500721914,0.247669321415,0.0968794611407
0.242138385235,0.365874284048,0.224211735292,0.167775595426
0.0432210161986,0.466785383434,0.232288238745,0.257705361623
0.362528561598,0.143090487223,0.162286698998,0.33209425218
0.257151248639,0.399042426194,0.0142470199287,0.329559305238
0.367301077391,0.279306948762,0.322825354925,0.0305666189215
0.502670476611,0.218355461981,0.0752445654101,0.203729495998
0.149980656341,0.0953520881244,0.352613430818,0.402053824717
0.227761972337,0.255097186457,0.0430924912087,0.474048349997
0.16117418681,0.157771171608,0.379260982468,0.301793659115
0.475733882573,0.189874219031,0.153417835067,0.180974063329
0.0435725412218,0.30885636033,0.38876362898,0.258807469468
0.126622753806,0.155781502547,0.309728265689,0.407867477958
0.238466494884,0.295898669071,0.18407350542,0.281561330624
0.0419364413866,0.36311151876,0.261797762337,0.333154277516
0.363965885006,0.17792133384,0.396257502192,0.0618552789618
0.051573363154,0.315295961614,0.465242364783,0.167888310449
0.465464312351,0.156007727326,0.0873919927213,0.291135967602
0.15680208525,0.343793605421,0.439662232545,0.0597420767837
0.453339875625,0.28259692514,0.166927863715,0.0971353355199
0.246897572185,0.204269407966,0.232010908488,0.316822111361
0.583123424571,0.159685910314,0.145940678942,0.111249986174
0.323151285417,0.348211097672,0.275135938581,0.0535016783308
0.0801517731658,0.344823734594,0.22404669486,0.35097779738
0.418717581447,0.185999813921,0.0595372510486,0.335745353583
0.419493428466,0.141705920258,0.248754043021,0.190046608254
0.359069305302,0.139388242746,0.28126056531,0.220281886642
0.0248136968325,0.138866072896,0.452206492404,0.384113737868
0.1850639462,0.389209951247,0.136796211928,0.288929890625
0.337299116545,0.329142436745,0.182918435812,0.150640010898
0.281434460215,0.268608602517,0.203991306199,0.245965631069
0.430654546222,0.240389789649,0.0751246560042,0.253831008125
0.461104698474,0.0393023917249,0.178209099314,0.321383810488
0.396644982606,0.513233766725,0.0668627519092,0.0232584987604
0.336607087574,0.350070283957,0.182919188826,0.130403439642
0.222221340654,0.317608258483,0.0418908271829,0.418279573681
0.178401743306,0.383640587544,0.39293107143,0.0450265977198
0.458020462942,0.165423851626,0.355679992542,0.02087569289
0.268371442021,0.295572633997,0.218029904861,0.218026019121
0.279340482736,0.308093997511,0.36322723102,0.0493382887331
0.320773189412,0.322042598731,0.0868215098218,0.270362702035
0.183506887193,0.149205875544,0.411916121969,0.255371115293
0.349300781686,0.0908968066845,0.518345859272,0.0414565523572
0.0540921555306,0.506002877682,0.347236602365,0.092668364422
0.0388080308925,0.471027630841,0.253936168633,0.236228169634
0.375428608561,0.274385366528,0.229761477986,0.120424546925
0.371263672169,0.27001236657,0.000121692849785,0.358602268411
0.217570518161,0.621761371729,0.103649716858,0.0570183932525
0.226534067301,0.22568366084,0.211549582904,0.336232688955
0.0382465330587,0.383514827614,0.21151611135,0.366722527978
0.392494793819,0.102286787819,0.472127611012,0.0330908073502
0.284617322144,0.421131516483,0.207194130383,0.0870570309895
0.0776423418515,0.244236251456,0.328055306409,0.350066100284
0.15536803361,0.296454243716,0.368824891557,0.179352831118
0.173424651261,0.415921020127,0.213365001427,0.197289327185
0.135337708669,0.336303115307,0.343339627137,0.185019548887
0.111250234826,0.49270761185,0.260805370027,0.135236783296
0.310043677485,0.265862125234,0.150456758702,0.273637438579
0.213326118887,0.309478554515,0.133592135249,0.343603191349
0.198129187253,0.32029989163,0.23473069154,0.246840229577
0.176862044838,0.156609358534,0.399268627107,0.267259969522
0.00646692424032,0.387059436118,0.590257556976,0.0162160826651
0.239250258152,0.284248561768,0.360022983321,0.11647819676
0.233943115483,0.328427957958,0.355973706808,0.0816552197504
0.125911766083,0.483958712314,0.282527555507,0.107601966096
0.296399769355,0.136567089607,0.325327043421,0.241706097617
0.396705839247,0.281070595817,0.1832939067,0.138929658236
0.279003520736,0.194464625171,0.387220312876,0.139311541216
0.323092538309,0.0832467537885,0.267101133689,0.326559574214
0.261473197706,0.246134333648,0.0838018507066,0.408590617939
0.192219976202,0.111575689818,0.448323418579,0.247880915402
0.109211318747,0.372185305462,0.282227619209,0.236375756582
0.490287297606,0.239729603335,0.125757274548,0.144225824511
0.114148539856,0.313319829476,0.533704211179,0.0388274194887
0.208738788703,0.0906830127589,0.331728204949,0.368849993589
0.377327253438,0.221085022681,0.0653999453524,0.336187778529
0.250634449206,0.356737690389,0.251319514592,0.141308345813
0.00189144703965,0.420437736579,0.0699739516717,0.507696864709
0.206994055705,0.0847663242744,0.592644775459,0.115594844561
0.0876357417378,0.464918711113,0.254459662794,0.192985884355
0.238077637181,0.179159687493,0.463574886399,0.119187788927
0.423616366,0.0844310250955,0.452534611959,0.0394179969452
0.0696900224066,0.206163582931,0.452461324225,0.271685070438
0.286130072463,0.363143521947,0.0222853926984,0.328441012891
0.27008611463,0.148836875521,0.194191073532,0.386885936317
0.0613168458975,0.201001766748,0.0599691299271,0.677712257427
0.237566103795,0.304564882595,0.363743166595,0.0941258470144
0.123077418436,0.448154263915,0.036809451232,0.391958866417
0.266410614039,0.17005090306,0.305082366479,0.258456116422
0.252351476982,0.319077606977,0.27800197393,0.150568942111
0.107329353041,0.319116983284,0.154432537971,0.419121125705
0.422464198008,0.186341313162,0.169671095082,0.221523393748
0.0857024379078,0.00583957443854,0.646790443649,0.261667544005
0.277439334302,0.317046179787,0.334438524102,0.0710759618082
0.130104114941,0.360519515517,0.0822666920439,0.427109677497
0.382658683962,0.0449998160336,0.432608987356,0.139732512648
0.126471390066,0.299449741751,0.314289054349,0.259789813833
0.057696315117,0.294793829395,0.514198797844,0.133311057644