0.486980775056,0.230645500772,0.185825391261,0.0965483329099
0.214227443947,0.282248833793,0.288029960353,0.215493761906
0.124866538382,0.343728511633,0.295914453105,0.235490496881
0.350466998937,0.505634460842,0.0261201428444,0.117778397376
0.203018158732,0.211132713958,0.415138948152,0.170710179158
0.202822700808,0.360466667078,0.124154906121,0.312555725992
0.0804670329539,0.0735631978644,0.351110975461,0.494858793721
0.252289520693,0.184356807821,0.383445591465,0.179908080021
0.336624039246,0.182384282917,0.235689634394,0.245302043443
0.220171845543,0.153474677838,0.274643473279,0.351710003341
0.43132239442,0.264290434334,0.254610052556,0.0497771186904
0.233660830971,0.143722816262,0.402674988325,0.219941364442
0.362584934018,0.24053097937,0.274982242955,0.121901843657
0.0627655507895,0.100675973148,0.454095546032,0.38246293003
0.139245357054,0.403366241777,0.155805115754,0.301583285415
0.133574162982,0.452991737603,0.274910464457,0.138523634958
0.142138566075,0.460300951365,0.308917495365,0.088642987196
0.265835432649,0.137846708891,0.285712572705,0.310605285754
0.254991413629,0.195497876293,0.137478924624,0.412031785453
0.155929622571,0.371703409734,0.00978693769772,0.462580029997
0.0877251066473,0.367132724499,0.18834178348,0.356800385374
0.412147454498,0.00881263438765,0.262374188068,0.316665723047
0.197795831349,0.0748709547657,0.207465245707,0.519867968178
0.348215456858,0.263710100003,0.0354582686902,0.352616174448
0.359533964948,0.15562822772,0.409652272447,0.0751855348854
0.340348668099,0.109425706461,0.245245316054,0.304980309385
0.342332181521,0.273728983643,0.20545968949,0.178479145345
0.639040508771,0.063040735878,0.121189818166,0.176728937185
0.342127049617,0.211958982553,0.137029539022,0.308884428809
0.296698495747,0.0746347843256,0.170156455901,0.458510264026
0.00835284372698,0.406473714438,0.157525379115,0.427648062721
0.136473661602,0.258825017876,0.438938961402,0.16576235912
0.480662238514,0.25698833243,0.115835738377,0.146513690678
0.0606072297612,0.435633253403,0.37480288846,0.128956628376
0.0548498412201,0.286793159589,0.252913999872,0.40544299932
0.338848005696,0.287227270243,0.116055736487,0.257868987574
0.290165604955,0.0989218514911,0.264797882248,0.346114661305
0.269565412301,0.289079259394,0.109276561694,0.332078766611
0.0529192432279,0.847283227649,0.0676510149181,0.0321465142049
0.0266320485352,0.151137263545,0.520808412253,0.301422275667
0.235850783125,0.262562864505,0.2349968504,0.26658950197
0.322500219211,0.304339198125,0.139291098352,0.233869484312
0.300695829204,0.0907441612342,0.348733470743,0.259826538818
0.405514596543,0.0320871636096,0.138549792541,0.423848447306
0.524371948825,0.0278480377851,0.0734522181474,0.374327795243
0.331355164021,0.277205763132,0.240331270126,0.151107802721
0.0500262252219,0.181318464184,0.261555579577,0.507099731017
0.151650313399,0.324163616289,0.45497530808,0.0692107622326
0.399102135068,0.250452667414,0.144364777933,0.206080419585
0.348926976045,0.170530539579,0.218665595996,0.261876888381
0.730661254665,0.0141231269713,0.0278989702068,0.227316648157
0.46335914498,0.239761148127,0.177088377064,0.119791329829
0.652053483129,0.00197174212811,0.219404287557,0.126570487185
0.215528874185,0.456229168927,0.0697733478362,0.258468609051
0.41712026734,0.110235890954,0.253691061198,0.218952780509
0.0912959156633,0.0699043940639,0.465712318456,0.373087371817
0.1491929692,0.221552435165,0.491473097564,0.137781498071
0.46134082531,0.180927166805,0.0287587696567,0.328973238229
0.171313188847,0.279181757042,0.280970977157,0.268534076955
0.12633543015,0.251455848951,0.292784379948,0.32942434095
0.136466147857,0.468381222267,0.260291819484,0.134860810392
0.129468917133,0.034750685349,0.372882320432,0.462898077085
0.359982933443,0.0318529215214,0.461955177991,0.146208967044
0.454347219293,0.0111750357449,0.243991874551,0.290485870411
0.326512862799,0.103983882214,0.464155935101,0.105347319887
0.372050788202,0.111667490767,0.126381525339,0.389900195692
0.173484065814,0.455039897897,0.326123159983,0.045352876306
0.0837812030521,0.20985935177,0.365416840896,0.340942604282
0.406848530448,0.157801620094,0.208336524071,0.227013325387
0.207394900698,0.4351538089,0.196937106138,0.160514184264
0.122282070258,0.228156395285,0.185366720363,0.464194814094
0.289459922399,0.455417265094,0.0462733600128,0.208849452493
0.0904440160068,0.370013497724,0.364109682761,0.175432803508
0.0135140644793,0.457824577364,0.479691003069,0.0489703550878
0.317006414047,0.228596046348,0.215361037468,0.239036502136
0.081982256649,0.21236720196,0.588337925935,0.117312615456
0.326107001733,0.016299829539,0.228218928113,0.429374240615
0.358565635537,0.198768454429,0.160112863672,0.282553046361
0.140653871732,0.154856213075,0.430014550145,0.274475365048
0.0918155657881,0.104246786197,0.431283950177,0.372653697838
0.303021035273,0.381693808273,0.208299950384,0.10698520607
0.273001331708,0.249268117345,0.205952446223,0.271778104724
0.0142547260666,0.483875609445,0.232108428139,0.26976123635
0.25641816883,0.289708396153,0.329964184981,0.123909250036
0.525553533461,0.233812901355,0.0491027047653,0.19153086042
0.087989930255,0.302013789196,0.315026136731,0.294970143818
0.27753972606,0.0952565377112,0.36335046083,0.263853275399
0.193937260917,0.208060100597,0.196918620568,0.401084017918
0.268649536456,0.293079287415,0.259682029379,0.17858914675
0.307759115097,0.329538218229,0.0970864213281,0.265616245346
0.234139738452,0.65277623878,0.00825509992964,0.104828922838
0.413930163979,0.135814004297,0.153140849984,0.29711498174
0.185046510734,0.27785501061,0.393448291748,0.143650186908
0.138564350535,0.322129974867,0.142024434163,0.397281240436
0.426975733183,0.387224646179,0.139599672066,0.0461999485718
0.368134735292,0.183256177472,0.283523826635,0.165085260601
0.344886919857,0.365887986015,0.277710390911,0.0115147032176
0.257834371865,0.309772390326,0.1065671491,0.325826088709
0.478579373067,0.0429877015023,0.0798000883921,0.398632837039
0.0400425671432,0.139860928272,0.413936646052,0.406159858532
0.180565712547,0.422593034031,0.246034655741,0.150806597681
0.242369614016,0.208936021024,0.268230529823,0.280463835138
0.168430538985,0.194619446029,0.404458915242,0.232491099744
0.377136819009,0.342168108829,0.0262133824271,0.254481689735
0.463609384833,0.0851408284676,0.170151371425,0.281098415274
0.144251403114,0.462059765755,0.140223183777,0.253465647355
0.244052384693,0.459400538113,0.191653900762,0.104893176433
0.0525548477094,0.276967539778,0.125950268569,0.544527343943
0.497205794007,0.266994156702,0.15923002635,0.076570022941
0.239761335454,0.441940822723,0.023226467505,0.295071374318
0.372032310054,0.293342058871,0.190428454275,0.1441971768
0.0327135619492,0.325910653372,0.286056951731,0.355318832948
0.308106917582,0.10770111311,0.149958932102,0.434233037205
0.169681565986,0.348175920344,0.147482110101,0.334660403569
0.302062441894,0.321093466407,0.228796609965,0.148047481733
0.279562362904,0.127171058857,0.356410519284,0.236856058956
0.512128833337,0.200760537739,0.0375116989162,0.249598930008
0.321043320266,0.111667215604,0.18359413371,0.383695330421
0.089315589987,0.104160918778,0.49474287522,0.311780616015
0.148001950109,0.419045496345,0.0926814365955,0.340271116951
0.324491813278,0.265995684461,0.301548165197,0.107964337063
0.178763828991,0.385872292844,0.124734104819,0.310629773345
0.57983479166,0.00723457579846,0.250910639963,0.162019992579
0.31158899585,0.222696842065,0.359195873969,0.106518288116
0.191595525702,0.423204554931,0.157367222413,0.227832696954
0.19912902396,0.418449974805,0.00501860164073,0.377402399594
0.375836844408,0.0602821995428,0.523117330273,0.0407636257759
0.186881805838,0.131319930604,0.515656377112,0.166141886445
0.311961347103,0.142782597108,0.295075462003,0.250180593786
0.291528974689,0.286941767289,0.0805394220907,0.340989835931
0.496158118409,0.0302584125758,0.35430278692,0.119280682095
0.276084390672,0.0397272450237,0.267455610301,0.416732754003
0.290579434064,0.190841171023,0.126159517815,0.392419877097
0.100987532639,0.303634432936,0.348024798918,0.247353235507
0.257195894332,0.260403620729,0.204982956996,0.277417527943
0.0591060817364,0.330202146948,0.226388383857,0.384303387459
0.428981755226,0.0860232961886,0.479074234105,0.00592071448037
0.253968975203,0.31788414457,0.269449739055,0.158697141172
0.372180722308,0.0211987179106,0.528371784849,0.0782487749317
0.13114323603,0.239897104052,0.405917364796,0.223042295121
0.422289181134,0.403124146543,0.160868955196,0.013717717126
0.418278398785,0.152696230998,0.308481069833,0.120544300383
0.140781870422,0.201909259753,0.332265483895,0.325043385929
0.490210183867,0.0110481777394,0.46797361468,0.0307680237138
0.185864812213,0.294229091601,0.200858371247,0.319047724939
0.284037408204,0.243026423421,0.257985121854,0.214951046521
0.369106078452,0.0916388913124,0.348768942081,0.190486088154
0.494597017269,0.0619021365558,0.0604695247066,0.383031321469
0.29371810866,0.0737030320393,0.617209692039,0.0153691672617
0.18891411934,0.217830302611,0.208962238106,0.384293339943
0.135430644836,0.312792804282,0.287323303908,0.264453246975
0.341043071188,0.35048088282,0.276772446391,0.0317035996015
0.173819563697,0.220915868623,0.325278880621,0.279985687059
0.0126181440628,0.66098067153,0.302974181716,0.0234270026907
0.759714422177,0.0298232038828,0.0205278686308,0.189934505309
0.160472181971,0.268386649373,0.565569888015,0.00557128064049
0.353265792654,0.254187982311,0.34593831236,0.0466079126763
0.279351299349,0.292002909651,0.268897427537,0.159748363463
0.175499769511,0.238226358519,0.257117844751,0.329156027219
0.0475334692093,0.400870670824,0.325282833823,0.226313026144
0.256574745694,0.290838673546,0.31889439908,0.13369218168
0.181701616931,0.288818095473,0.294682573665,0.234797713931
0.178666772117,0.125488875155,0.37838446027,0.317459892458
0.398391818588,0.154450316174,0.218265669434,0.228892195804
0.376036119397,0.261093843571,0.0513710317492,0.311499005282
0.261599047003,0.191203159326,0.352418137888,0.194779655782
0.269889818008,0.201286547452,0.269000862491,0.259822772049
0.17758991689,0.170731904612,0.146366001917,0.505312176581
0.302531867669,0.235407497575,0.174561926459,0.287498708297
0.49241807998,0.0187561788272,0.421364888103,0.0674608530897
0.423384834445,0.0189045572616,0.154504892077,0.403205716216
0.127840671542,0.323310099338,0.282087667524,0.266761561595
0.32853112133,0.173989501792,0.338289302827,0.159190074051
0.0300816827527,0.133497924961,0.46074740991,0.375672982377
0.255842617612,0.375648760398,0.037704528086,0.330804093904
0.25072062407,0.189760763478,0.47379379855,0.0857248139014
0.408954414926,0.0939579397189,0.0866090568784,0.410478588477
0.301452340886,0.190735517839,0.306741858358,0.201070282917
0.484841399792,0.0316401929126,0.118398685918,0.365119721377
0.141866408558,0.388677298382,0.295144109029,0.174312184031
0.325906847697,0.463959082014,0.183127440206,0.0270066300831
0.173248004671,0.343882906455,0.302279876622,0.180589212253
0.192869303102,0.417335003116,0.353256007548,0.0365396862337
0.453743336403,0.327610898941,0.198370859589,0.0202749050667
0.242626741536,0.243138402886,0.460284170761,0.0539506848168
0.686027009322,0.0543311061319,0.140032384586,0.11960949996
0.357319547606,0.282406458315,0.101736384422,0.258537609657
0.141535390803,0.0780669792339,0.612519953342,0.167877676621
0.316707684306,0.312280503875,0.331598572642,0.0394132391765
0.414992587693,0.188404330807,0.0606941992784,0.335908882223
0.278829867662,0.181350850305,0.241706612634,0.2981126694
0.374253550839,0.141158989735,0.35723837006,0.127349089365
0.0964562622872,0.114745257851,0.26408331605,0.524715163812
0.364340342265,0.0847246905501,0.488823649213,0.0621113179724
0.288069795664,0.244507172257,0.257519816177,0.209903215902
0.202917242697,0.604476307313,0.00666697108033,0.18593947891
0.107400259939,0.258286795991,0.303486168359,0.330826775711
0.197866842352,0.0887955407108,0.337032808189,0.376304808748
0.154707313042,0.332452658641,0.451757670784,0.0610823575328
0.347028085306,0.00848486207511,0.306924668387,0.337562384232