0.28843984426,0.202795257475,0.212947575586,0.295817322679
0.0286193861253,0.00197842100572,0.596195619433,0.373206573436
0.396947757921,0.398085058738,0.0846001105838,0.120367072757
0.226088766191,0.111482984414,0.257200933955,0.40522731544
0.1547508887,0.110241237284,0.430534233973,0.304473640044
0.218064574123,0.39410501244,0.130305801902,0.257524611535
0.165947156423,0.357980556876,0.18276428392,0.29330800278
0.3204449992,0.162855325498,0.126562113752,0.39013756155
0.338642724072,0.188808776241,0.21806003231,0.254488467378
0.161509211558,0.374432849906,0.0169430997828,0.447114838753
0.1472151125,0.210091083648,0.34360653235,0.299087271502
0.309940639436,0.244275274725,0.150790043887,0.294994041953
0.160797625515,0.391603275453,0.249314983721,0.198284115311
0.335885743428,0.300044558724,0.0682563102536,0.295813387595
0.0708115965079,0.228860661018,0.31404510876,0.386282633714
0.350543774093,0.171096221626,0.243749034567,0.234610969714
0.0103998541091,0.19172022366,0.509099259571,0.288780662661
0.0711547959836,0.288019590054,0.232730425938,0.408095188024
0.380953702469,0.174901234493,0.279827329599,0.16431773344
0.192994495631,0.105403151371,0.409957477492,0.291644875506
0.384005852419,0.455295126687,0.0411914457585,0.119507575135
0.28608123412,0.4701829549,0.162838266753,0.0808975442273
0.053030499834,0.439784962237,0.41179748148,0.0953870564495
0.520643033401,0.280750761688,0.0135609572063,0.185045247705
0.062084677153,0.31618315698,0.116447219271,0.505284946596
0.202289559742,0.160980726483,0.214757325021,0.421972388755
0.289368029494,0.279936920773,0.328048870659,0.102646179073
0.116199557031,0.248337469076,0.225559125986,0.409903847907
0.388006635037,0.0285953138839,0.389484083628,0.193913967451
0.209168486609,0.255649034261,0.425923202668,0.109259276462
0.3216062146,0.315284207846,0.339484484022,0.0236250935316
0.495974248513,0.119982444059,0.322684218108,0.0613590893204
0.163751521689,0.118531841796,0.358073402052,0.359643234463
0.277368785007,0.24673966592,0.321051605742,0.154839943332
0.386154447655,0.355149231417,0.0379648978274,0.220731423101
0.145704570555,0.256973326616,0.226036355692,0.371285747137
0.275861587892,0.199384884121,0.230561650836,0.294191877151
0.211765414334,0.191482457955,0.341797373012,0.254954754699
0.260700616937,0.260548555762,0.211012779003,0.267738048298
0.0137712270459,0.439679843794,0.506445478755,0.0401034504047
0.0323081712756,0.599564406594,0.0273278605526,0.340799561577
0.18676821541,0.29424909578,0.120566762279,0.398415926532
0.224911749811,0.267249411625,0.212372478736,0.295466359828
0.0642174202679,0.292390394455,0.267848714784,0.375543470493
0.434829461741,0.147064562438,0.327542824454,0.0905631513664
0.342359945721,0.420206673098,0.0250357948436,0.212397586337
0.343705903072,0.0205447039743,0.446164425432,0.189584967521
0.281053776885,0.215291345271,0.303048573242,0.200606304603
0.179817599359,0.343081913655,0.00353324611136,0.473567240875
0.209836539656,0.0833017469764,0.364050133233,0.342811580135
0.172268486025,0.01149447317,0.538017106123,0.278219934682
0.0211139905817,0.34945843397,0.286149650248,0.343277925201
0.160341771416,0.362401452571,0.0683620225954,0.408894753418
0.0970345149271,0.696785763304,0.172259579646,0.0339201421229
0.0673602313374,0.386211106566,0.435695287616,0.110733374481
0.567819458659,0.0938936265572,0.075592966576,0.262693948208
0.0554090694707,0.552655557625,0.0140361890204,0.377899183884
0.866603147409,0.0371317626408,0.0305380647197,0.0657270252309
0.273582747938,0.239670450585,0.0901229230379,0.396623878439
0.339737563958,0.39504921743,0.175411682735,0.0898015358769
0.269880355805,0.222427471471,0.0457606812478,0.461931491477
0.189774614592,0.319145439296,0.19514749302,0.295932453091
0.0345253727814,0.292801725977,0.362525287131,0.310147614111
0.000453257893113,0.258713758768,0.223098336056,0.517734647283
0.0812759468643,0.429435555356,0.124473460041,0.364815037739
0.435801915262,0.248569989755,0.135690825372,0.179937269611
0.373696316951,0.343870117772,0.122138783302,0.160294781976
0.209868892389,0.364923922389,0.169661627405,0.255545557817
0.335243533187,0.247243123656,0.275411620496,0.142101722661
0.361053534765,0.0510685172919,0.152007705168,0.435870242775
0.49920536628,0.354483035009,0.0502888699824,0.0960227287283
0.401685094045,0.115255046176,0.435963834907,0.0470960248716
0.446579399308,0.207598796536,0.300580306396,0.0452414977594
0.466754541027,0.105108588112,0.391811053581,0.03632581728
0.0716904217911,0.229937332847,0.303606507759,0.394765737603
0.120554310749,0.227675894127,0.270864829977,0.380904965147
0.289472285567,0.114398753998,0.28178577059,0.314343189845
0.265670598626,0.314376002922,0.292840136028,0.127113262423
0.0729325129362,0.0592164306263,0.30875279938,0.559098257058
0.153906393717,0.499167084751,0.247703612709,0.0992229088235
0.0745226308783,0.140920160665,0.441120712897,0.343436495559
0.289784875353,0.197558928026,0.409608905884,0.103047290737
0.124993488376,0.0833816736353,0.278849478935,0.512775359054
0.134537998973,0.510519340113,0.35443086297,0.00051179794371
0.252356477246,0.0686212697729,0.341494293225,0.337527959756
0.371393779292,0.0527999257614,0.158785344683,0.417020950263
0.330064934256,0.265738841767,0.320219858556,0.0839763654208
0.186898520253,0.247142543117,0.258739901743,0.307219034887
0.138852511136,0.331249574383,0.14615673774,0.383741176742
0.314813792278,0.402311123272,0.183985809974,0.0988892744763
0.162978165087,0.0573231486365,0.521356033017,0.25834265326
0.173812390372,0.297147917195,0.171495157457,0.357544534976
0.156567469294,0.347944620415,0.361080856271,0.13440705402
0.417395088393,0.135606723127,0.0227533071828,0.424244881297
0.26171687658,0.360129515846,0.229974712215,0.148178895359
0.246706104633,0.308226705595,0.0962271098709,0.348840079901
0.206373232308,0.276614886557,0.254861202454,0.262150678681
0.285355114639,0.0171175303796,0.279688158363,0.417839196618
0.258683663932,0.267577031994,0.355459943856,0.118279360218
0.592745741369,0.253709056993,0.0501211765313,0.103424025107
0.30707208632,0.191633178771,0.243539616526,0.257755118384
0.257492710394,0.244380612056,0.36539520728,0.13273147027
0.397485872341,0.198497462384,0.172590802532,0.231425862743
0.373909942268,0.3116728042,0.010341245044,0.304076008488
0.615090626771,0.184444147641,0.115520401641,0.0849448239466
0.448350218513,0.312997765559,0.179845232354,0.0588067835739
0.422937263789,0.0237910255321,0.226491462363,0.326780248315
0.0431164960251,0.721861644619,0.162348502811,0.0726733565445
0.513434512506,0.0317145295564,0.0234069892858,0.431443968652
0.626285852397,0.013114461752,0.0747022466423,0.285897439209
0.223873097478,0.29536901543,0.0625338028146,0.418224084277
0.239055294779,0.308636816745,0.192353640655,0.259954247821
0.0270917191893,0.0368974266119,0.276699898214,0.659310955985
0.244729006702,0.178000990359,0.15168764139,0.425582361548
0.423142329011,0.214096994492,0.11010233606,0.252658340437
0.317870431211,0.360515829784,0.0598395808219,0.261774158183
0.262537899675,0.191924113029,0.199739250712,0.345798736584
0.255540117472,0.313791025787,0.162097013929,0.268571842811
0.326322411185,0.154726767567,0.0954019154934,0.423548905754
0.00445875085725,0.23521408981,0.44603032387,0.314296835463
0.126980374485,0.549221250083,0.175893686669,0.147904688763
0.284430269701,0.484178719251,0.048602574606,0.182788436443
0.163713115961,0.00288924831637,0.195796206452,0.63760142927
0.236764792388,0.323568934715,0.176335770228,0.263330502669
0.222800985021,0.387276360281,0.0275073514766,0.362415303221
0.153897783736,0.230287534771,0.32494909411,0.290865587383
0.150046833351,0.00539066165733,0.0538817005093,0.790680804482
0.0380886800207,0.143710743302,0.563767486724,0.254433089953
0.16559028901,0.318251995768,0.37485881475,0.141298900473
0.291010515702,0.272030157851,0.213516622741,0.223442703706
0.516548923563,0.11807633729,0.265800691339,0.099574047808
0.436370697761,0.282340056282,0.0258215148986,0.255467731059
0.0261831751142,0.28125179981,0.36283575117,0.329729273906
0.258638182975,0.0901595210261,0.264187275842,0.387015020157
0.185209224641,0.208783811102,0.292590367979,0.313416596279
0.176778223508,0.411740398574,0.393195997015,0.0182853809037
0.0508083727215,0.424613914112,0.150454986148,0.374122727019
0.088116384964,0.393164067121,0.30634986287,0.212369685045
0.31813746625,0.336266890833,0.0478585254271,0.29773711749
0.335815229257,0.395555986574,0.256626101702,0.0120026824666
0.186069221648,0.241767886938,0.304253013338,0.267909878076
0.0643604940109,0.598179748778,0.0215844147909,0.31587534242
0.397569920697,0.00949464250549,0.442882008361,0.150053428436
0.248872742094,0.191239346232,0.507021679362,0.052866232312
0.313229216942,0.0950292544502,0.174685702037,0.417055826571
0.302032167829,0.44860801153,0.166887905522,0.0824719151192
0.357732778173,0.192862623114,0.338716583612,0.1106880151
0.0606004669841,0.416870683363,0.139890213999,0.382638635653
0.264704997273,0.154932262501,0.408152310032,0.172210430194
0.246038201359,0.0911408406848,0.578151689535,0.0846692684209
0.0870735206169,0.225871806967,0.351990734391,0.335063938025
0.52304241447,0.0985353708917,0.048194253996,0.330227960642
0.304315905281,0.265015344412,0.267982387582,0.162686362725
0.175612403041,0.370958492716,0.111409754519,0.342019349724
0.56074694792,0.407654909588,0.0307772589473,0.000820883545453
0.352889491325,0.0155229177887,0.265678914752,0.365908676134
0.356257875645,0.0641843086993,0.182702697289,0.396855118367
0.396893581739,0.200019372284,0.290970780549,0.112116265427
0.317537216882,0.17259116167,0.331996534139,0.177875087309
0.582569168713,0.140339372219,0.165445229521,0.111646229547
0.229862091468,0.0359230456495,0.717890700737,0.0163241621457
0.349706206708,0.238889665039,0.155622052669,0.255782075584
0.550226937601,0.0446139106878,0.0645668075061,0.340592344205
0.187466591956,0.0983632096133,0.260589177801,0.45358102063
0.184921898449,0.341923691649,0.21167128807,0.261483121832
0.337280442655,0.271672635911,0.0368265112238,0.354220410211
0.260627023981,0.220950611101,0.21771286675,0.300709498168
0.0205066954723,0.255936920558,0.44412669703,0.279429686939
0.368247545402,0.0490973486635,0.356956638757,0.225698467178
0.138872913195,0.339471106661,0.20294883332,0.318707146824
0.308396636172,0.20908503444,0.109253272879,0.373265056509
0.369611443636,0.339391259064,0.181137407362,0.109859889938
0.337634009821,0.523170688979,0.0761435920185,0.0630517091812
0.356446699797,0.113127578756,0.0947566598685,0.435669061578
0.0207665791596,0.312027277661,0.330652266395,0.336553876784
0.296115228121,0.356184552672,0.0510904048393,0.296609814367
0.387038961834,0.32147106708,0.278038088624,0.0134518824621
0.0836307730418,0.00186262762376,0.407953102761,0.506553496573
0.149767690219,0.21998173835,0.318597798942,0.311652772489
0.367358437108,0.00956281902605,0.103721229773,0.519357514092
0.219403846725,0.107766723582,0.366738890421,0.306090539273
0.1399610566,0.466789631345,0.0845822215795,0.308667090476
0.487343271316,0.0402372548681,0.317910137288,0.154509336528
0.0257365726889,0.577029301834,0.265374386423,0.131859739054
0.133293351,0.314542206588,0.234589252309,0.317575190104
0.437032189176,0.306858005528,0.151031840329,0.105077964966
0.240873452335,0.395422139071,0.297128723001,0.0665756855933
0.290701179741,0.0527898606981,0.323571615394,0.332937344167
0.169340852184,0.195273212597,0.372933046936,0.262452888283
0.440763688592,0.0186634113082,0.471575334089,0.0689975660104
0.35260089737,0.105067026545,0.29830970318,0.244022372905
0.23427727421,0.361310938558,0.0452734159853,0.359138371247
0.359814194129,0.397957083443,0.111398093934,0.130830628493
0.254716687491,0.217922635007,0.157276503968,0.370084173534
0.101673718205,0.252048818767,0.29315601407,0.353121448959
0.376106995846,0.224290932433,0.150911013965,0.248691057757
0.271726501861,0.32477935621,0.189271126647,0.214223015282
0.230073329304,0.281163400711,0.246429211603,0.242334058382
0.264611211616,0.158750935802,0.310461443455,0.266176409127
0.165910766963,0.247479634585,0.312214882332,0.27439471612