0.257073732638,0.228895615764,0.42307485008,0.0909558015173
0.327395176271,0.124428549689,0.239570714574,0.308605559466
0.0483838928186,0.757289044661,0.152822089727,0.0415049727929
0.448484579134,0.155721079442,0.0797327667486,0.316061574675
0.316801070443,0.215245816601,0.0513765697454,0.416576543211
0.330729683514,0.399811852101,0.0836295395625,0.185828924823
0.28002090133,0.270470413616,0.35502057414,0.0944881109149
0.255483507398,0.326250761674,0.107931509957,0.310334220971
0.362064912825,0.0410875801548,0.227978603313,0.368868903707
0.197439646216,0.232485156679,0.195821454551,0.374253742553
0.076199932479,0.368448664376,0.391361736232,0.163989666913
0.32518490045,0.250013276708,0.0738762057203,0.350925617122
0.25394047828,0.281336289349,0.267515683892,0.197207548479
0.409883130234,0.320454422784,0.199824972761,0.0698374742213
0.0150589018188,0.450327413462,0.298219498316,0.236394186404
0.246175735802,0.326223834059,0.411634042748,0.01596638739
0.361944137906,0.0769497852696,0.157172300578,0.403933776247
0.254727741487,0.281385245497,0.46364081641,0.000246196606893
0.417536799837,0.456210202903,0.0580437804799,0.0682092167803
0.253988209132,0.377457098815,0.0789587871563,0.289595904896
0.0510412781961,0.374051131689,0.454850726298,0.120056863817
0.1276267053,0.189841251038,0.456367981235,0.226164062428
0.130596840724,0.533449287354,0.0594504872319,0.27650338469
0.281709763968,0.192595913402,0.394599210153,0.131095112477
0.230849816053,0.27927001198,0.263770283351,0.226109888616
0.112415888853,0.0281868395637,0.522031788128,0.337365483455
0.298590552795,0.260055037947,0.138833192661,0.302521216597
0.275881686123,0.207366126469,0.320590271719,0.196161915689
0.528606992634,0.137072580932,0.0511013662437,0.28321906019
0.145656109373,0.399359196631,0.29652026347,0.158464430526
0.345314125221,0.139802272765,0.0113930131952,0.503490588819
0.0345048158504,0.397215394282,0.418927023719,0.149352766148
0.0225321661277,0.29628554639,0.29730105702,0.383881230462
0.327812304797,0.243788825595,0.279118374818,0.14928049479
0.2260162872,0.206569747543,0.255596957457,0.311817007799
0.174690112753,0.119551597432,0.327911250162,0.377847039652
0.496533520818,0.0606959580005,0.0638921727661,0.378878348416
0.278735228383,0.490967213697,0.195632541752,0.034665016168
0.236664299366,0.0516251968347,0.562579683313,0.149130820486
0.195372887821,0.333873863734,0.349365304434,0.12138794401
0.561396513915,0.272436712536,0.092681696714,0.0734850768345
0.0978529557357,0.103533495274,0.447550610848,0.351062938143
0.0467770633121,0.518049672821,0.310837236386,0.124336027482
0.263340584652,0.222517189285,0.36686683306,0.147275393002
0.0185067138014,0.458703762406,0.340514974792,0.182274549
0.181069913802,0.350205385342,0.299282628536,0.16944207232
0.213489334407,0.445297356393,0.288356656159,0.0528566530409
0.32319997352,0.289579941114,0.0867002744362,0.300519810929
0.723078496801,0.129752879535,0.00952275212848,0.137645871536
0.115206877828,0.354807084276,0.173323259618,0.356662778277
0.292504396614,0.0654813488325,0.365203157623,0.27681109693
0.306676892255,0.360539330257,0.0285132269101,0.304270550578
0.395236367754,0.299121068094,0.184165759022,0.12147680513
0.361282030253,0.315177326872,0.265653137408,0.0578875054661
0.0529150236612,0.297794714204,0.345095713096,0.304194549039
0.313653381597,0.125440445358,0.22800025343,0.332905919615
0.565601556334,0.0436623754744,0.26547364892,0.125262419271
0.153639556512,0.170567344537,0.141349032391,0.53444406656
0.370240355068,0.251304153462,0.0219288354478,0.356526656023
0.0485767502533,0.200336104688,0.550532654914,0.200554490145
0.1733712824,0.238238079042,0.492418457152,0.0959721814064
0.276809424541,0.302711602032,0.105662789629,0.314816183798
0.261290971328,0.205883226726,0.192130071273,0.340695730673
0.100230470986,0.412316739093,0.238224391771,0.249228398151
0.375578292203,0.0585249274551,0.189508589441,0.376388190901
0.06828494352,0.138642376586,0.422884765021,0.370187914873
0.174066181082,0.276553228877,0.27119328885,0.278187301192
0.182797683127,0.441657390843,0.200157307219,0.175387618811
0.282653565219,0.419135484334,0.274927439041,0.023283511406
0.400109427585,0.29652402239,0.264821042778,0.0385455072476
0.0222628467123,0.28304426306,0.376365404375,0.318327485853
0.320880705739,0.447215547114,0.0627463985228,0.169157348624
0.358484937775,0.358885860475,0.101163027341,0.181466174409
0.321011427512,0.194647958042,0.0768809524636,0.407459661983
0.438454532199,0.284546925234,0.0572436972771,0.21975484529
0.0637883805804,0.261246770448,0.646457746826,0.0285071021457
0.519071196392,0.339186436129,0.093019495446,0.0487228720328
0.547696138521,0.0581540668962,0.0449361161782,0.349213678405
0.119069766013,0.27336412194,0.30475443961,0.302811672437
0.314901884725,0.412838025284,0.0757415795955,0.196518510395
0.206483420811,0.245158847183,0.400411946129,0.147945785878
0.138589152491,0.0487406031607,0.542739236655,0.269931007693
0.268281392946,0.345848869516,0.0307298530495,0.355139884488
0.24595229222,0.227308040035,0.0339893372944,0.492750330451
0.398041257115,0.0842733241966,0.348998878428,0.168686540261
0.0401684875023,0.386502628289,0.142236360348,0.431092523861
0.466910842916,0.357174474765,0.132610941538,0.0433037407808
0.241474175213,0.427967001531,0.26274027789,0.0678185453655
0.228926025547,0.14975523702,0.327113704767,0.294205032666
0.24000707196,0.300559599149,0.211764888125,0.247668440766
0.135504134045,0.313071869081,0.257771872144,0.29365212473
0.261602124503,0.0944257354459,0.410479732526,0.233492407526
0.450496337507,0.314012609214,0.0898896000306,0.145601453247
0.379219438783,0.0130215609241,0.605828276525,0.00193072376811
0.294394079339,0.298578673166,0.223011825924,0.18401542157
0.19271882067,0.321904888352,0.0367551732054,0.448621117773
0.156367859505,0.408401295997,0.0395117897038,0.395719054794
0.383363885671,0.258214914282,0.343377859029,0.015043341018
0.0597605857408,0.34537913805,0.0580708188127,0.536789457396
0.0494104152452,0.0945098523804,0.415765172325,0.440314560049
0.0128665546953,0.26526609241,0.314329209947,0.407538142948
0.3744874548,0.0327607794947,0.218376875957,0.374374889748
0.282946877409,0.30447915196,0.0945246142317,0.318049356399
0.260544261761,0.251236697687,0.221975190502,0.26624385005
0.335220681468,0.24247924286,0.0470100055379,0.375290070134
0.217519863564,0.243712409945,0.400144714343,0.138623012148
0.0859175914468,0.393146369794,0.151390146356,0.369545892403
0.409420937076,0.337664098268,0.104198258244,0.148716706412
0.275534546805,0.23006736607,0.456423908639,0.0379741784868
0.299059945511,0.263012525208,0.1310657593,0.306861769981
0.118919029498,0.17637602802,0.390880987214,0.313823955268
0.103029966154,0.224406999517,0.319206190908,0.35335684342
0.0913464020389,0.136097786409,0.349832666652,0.4227231449
0.100435849074,0.353964830811,0.269563643691,0.276035676424
0.158223577536,0.24821953878,0.318365029119,0.275191854565
0.228595855491,0.174334263716,0.0416591734494,0.555410707344
0.343291742184,0.193515532408,0.375902348467,0.0872903769409
0.309441456372,0.240642237117,0.324778887186,0.125137419325
0.0380566987832,0.21394413531,0.320184532915,0.427814632991
0.108185950367,0.395320783494,0.211275232345,0.285218033795
0.298515693265,0.0983379589543,0.260102924532,0.343043423249
0.459214570616,0.177219647714,0.091605610575,0.271960171095
0.272928307608,0.0292512717244,0.426983586044,0.270836834623
0.600278621579,0.290133912226,0.105222273557,0.00436519263849
0.219422803991,0.267305564663,0.318584663616,0.194686967731
0.275995305121,0.173194092747,0.254919275021,0.295891327111
0.388632469875,0.192905097579,0.222542229253,0.195920203292
0.14949676728,0.251809150458,0.132511282057,0.466182800204
0.248066429328,0.262771299829,0.322312709813,0.166849561029
0.396186350523,0.0312100221707,0.248452400131,0.324151227175
0.23038499005,0.144507380543,0.338713477659,0.286394151748
0.174317924234,0.233052654014,0.155336609623,0.43729281213
0.241024034132,0.0684916863985,0.318172623874,0.372311655595
0.442157781323,0.417507730549,0.1049942392,0.0353402489273
0.0193029951343,0.2537792541,0.346181648569,0.380736102196
0.225196993911,0.0511001124619,0.22216379071,0.501539102916
0.166024630623,0.263563007832,0.293500956322,0.276911405222
0.10268737495,0.202941567521,0.300806923357,0.393564134171
0.20063865146,0.246867270027,0.471818330261,0.0806757482513
0.447122070084,0.174150568508,0.271933772684,0.106793588724
0.21914445938,0.25138572733,0.392915777608,0.136554035681
0.359000032119,0.15920758535,0.187322458713,0.294469923817
0.468946025842,0.0796704321423,0.151332463463,0.300051078552
0.359949144348,0.252033410886,0.122211329713,0.265806115053
0.453588732332,0.276990952734,0.150559226686,0.118861088249
0.267426245371,0.0919473900715,0.574361312298,0.0662650522591
0.294131156469,0.141822880013,0.301272950135,0.262773013383
0.207214651191,0.533137714396,0.00237639332593,0.257271241087
0.0913574355875,0.371251075953,0.274096067029,0.26329542143
0.147314007563,0.168134694461,0.309034879089,0.375516418887
0.243912066512,0.476609263361,0.246050928465,0.0334277416623
0.347050041893,0.145120523101,0.320182943901,0.187646491104
0.385109907285,0.373410914048,0.217627915692,0.0238512629746
0.158014796867,0.338170259016,0.0755497160006,0.428265228116
0.258210971189,0.155056756624,0.380144784826,0.206587487361
0.312215380745,0.402563557297,0.124810692956,0.160410369002
0.172385568589,0.384309121453,0.125335635043,0.317969674914
0.228842780398,0.339184422038,0.224154401932,0.207818395632
0.309159990142,0.570413211874,0.0895268964692,0.0308999015145
0.299422008805,0.410831317555,0.000239293339152,0.2895073803
0.191939585438,0.306365749775,0.18642310056,0.315271564226
0.126480170329,0.024789529101,0.3963954437,0.45233485687
0.0137199085011,0.48020183171,0.161479552203,0.344598707586
0.156086845144,0.224695053358,0.315117450813,0.304100650685
0.490864489555,0.0468701473434,0.386490103801,0.0757752593009
0.0678611449123,0.396199329416,0.457678674479,0.0782608511933
0.147275939963,0.215705012602,0.168950819485,0.46806822795
0.388012918901,0.181623710469,0.26574611322,0.16461725741
0.348590211093,0.299550254355,0.0986059474231,0.253253587129
0.00710499834385,0.490596063211,0.0913526891682,0.410946249276
0.312358405744,0.242045003178,0.261702891067,0.183893700011
0.335536581242,0.33603168992,0.13298229849,0.195449430348
0.251826313126,0.181189346717,0.393067512697,0.17391682746
0.285786109646,0.0615600063004,0.29750547463,0.355148409424
0.19989143905,0.295190333975,0.377854910223,0.127063316752
0.279536647864,0.529350333701,0.185979240479,0.00513377795612
0.0434321413893,0.279173415638,0.151345435344,0.526049007629
0.270376093661,0.309333702943,0.16121511382,0.259075089576
0.103503162101,0.73346831969,0.127787069539,0.0352414486703
0.0351812250748,0.430002634846,0.358141496972,0.176674643108
0.0157220179566,0.097286378404,0.623267048624,0.263724555015
0.552529107002,0.346885484423,0.0151936783377,0.0853917302373
0.0877668643333,0.301726990504,0.404647875342,0.20585826982
0.3695425056,0.197099005425,0.209589244967,0.223769244008
0.104411243459,0.279736462673,0.348174824543,0.267677469325
0.336518506529,0.368334942535,0.0724603338635,0.222686217072
0.0233271133495,0.109566730136,0.713427532737,0.153678623777
0.0044947271853,0.410503217285,0.310672455669,0.27432959986
0.0721053907849,0.388961854584,0.19671477234,0.342217982291
0.095884487974,0.077873508336,0.1326685164,0.69357348729
0.0528216257285,0.133759469177,0.439506235345,0.37391266975
0.00548668270096,0.497699686432,0.456465970834,0.0403476600333
0.263513119092,0.298908056152,0.392834949273,0.0447438754832
0.0947304860283,0.289939760285,0.420098759373,0.195230994314
0.358048319264,0.304958075511,0.174352460716,0.162641144509
0.586485947839,0.207022546809,0.167627167432,0.0388643379211
0.254391544319,0.226704815192,0.258112443384,0.260791197104
0.389917070564,0.144990098184,0.38125135195,0.0838414793016
0.404265883496,0.0769847235488,0.410085144362,0.108664248594
0.382171173082,0.421358026297,0.151755386602,0.0447154140188