0.464260322271,0.297267631599,0.210408264353,0.0280637817762
0.16934208881,0.258228023124,0.164771136675,0.407658751391
0.0165272469839,0.402416107301,0.204183973149,0.376872672566
0.34390492192,0.503585951604,0.0319640198306,0.120545106645
0.138323213525,0.45626032974,0.292244131471,0.113172325263
0.23929574348,0.291629272721,0.236202484893,0.232872498906
0.208929143573,0.0767709586833,0.5993516259,0.114948271843
0.239571899411,0.365090955713,0.179710235275,0.2156269096
0.280875568594,0.306803085019,0.353266696665,0.059054649722
0.303203375016,0.480435397646,0.0116302266596,0.204731000678
0.472332674664,0.404973626092,0.0677767557455,0.0549169434988
0.458012141505,0.388463176257,0.0638508192904,0.0896738629479
0.440986956291,0.324605536568,0.153218629987,0.0811888771548
0.202118774215,0.250746523188,0.366958554922,0.180176147675
0.316241607726,0.0980343100314,0.137598432252,0.448125649991
0.223268217149,0.300096103442,0.253759185884,0.222876493525
0.0315087253973,0.0322938220097,0.364264312887,0.571933139706
0.0559839366914,0.00224915131772,0.769213645119,0.172553266872
0.218623865018,0.242271689597,0.139719103059,0.399385342326
0.0972736910867,0.159624190937,0.339350189803,0.403751928173
0.508776403241,0.348366557751,0.0768323204134,0.0660247185946
0.187363842238,0.12636798595,0.365831774195,0.320436397617
0.00956357640594,0.322292908788,0.350765732651,0.317377782156
0.46623700088,0.193171661622,0.0831551334568,0.257436204041
0.263038687095,0.2530799523,0.212476192452,0.271405168154
0.0885540264136,0.411878468065,0.233443614948,0.266123890573
0.232024522989,0.102617542733,0.214396734888,0.450961199389
0.266619725652,0.245387467207,0.296641486499,0.191351320642
0.369699786324,0.0676853459175,0.353526169739,0.209088698019
0.288130456579,0.238046264795,0.195675319826,0.2781479588
0.141184846315,0.0947200567723,0.380737055388,0.383358041525
0.0758386902452,0.177427588551,0.341949822458,0.404783898745
0.290601663014,0.115497582376,0.363023408494,0.230877346116
0.152349112028,0.0454201320331,0.121391920372,0.680838835567
0.322071776876,0.33549585757,0.0688297811434,0.273602584411
0.220111835964,0.173352361016,0.362479799035,0.244056003985
0.366935847129,0.338919197995,0.250865145054,0.0432798098216
0.145189217341,0.367907075784,0.282746720278,0.204156986598
0.333870067678,0.0695503924903,0.469532876994,0.127046662838
0.39451545085,0.0261779318238,0.277805648595,0.301500968731
0.116019788956,0.273214081624,0.309735040219,0.3010310892
0.299601535107,0.0366926993563,0.338191995105,0.325513770432
0.315835215827,0.38645227719,0.292449816844,0.00526269013809
0.122218207661,0.408570995385,0.166819085069,0.302391711886
0.392238082163,0.249901495991,0.287176614965,0.0706838068816
0.205016300529,0.46070608404,0.188976505251,0.14530111018
0.183803015635,0.29583824103,0.303356730984,0.217002012351
0.285540676342,0.386944053746,0.195700378326,0.131814891586
0.189217109762,0.258853554756,0.28316196838,0.268767367101
0.00274803462991,0.0455251249057,0.298722376679,0.653004463785
0.331014017527,0.0957660961791,0.16521097952,0.408008906774
0.279487415891,0.13502299003,0.428624967812,0.156864626266
0.37625740242,0.20269435176,0.167740777554,0.253307468266
0.110273526311,0.1920446895,0.210568441882,0.487113342306
0.302552139936,0.19713001159,0.273691376647,0.226626471827
0.246875838354,0.182990301368,0.336978916798,0.233154943481
0.33378210998,0.0755123611915,0.424360226988,0.16634530184
0.290676893872,0.220810616173,0.101444473519,0.387068016437
0.437955514094,0.000232322915488,0.0124739051154,0.549338257875
0.0579336295008,0.32500824521,0.134457401258,0.482600724031
0.37861294354,0.0307176243747,0.333939004868,0.256730427218
0.0301556273848,0.311633361874,0.257388259145,0.400822751597
0.240692569958,0.0288360255641,0.560870135142,0.169601269335
0.401492926934,0.176329707286,0.256520289626,0.165657076155
0.291675640291,0.19156573201,0.396286050594,0.120472577105
0.136396098767,0.030113220957,0.588978709436,0.24451197084
0.407604809234,0.16295185973,0.274607464992,0.154835866044
0.453133284326,0.121712786891,0.0482678121345,0.376886116648
0.255714271377,0.0434103597109,0.452285926439,0.248589442473
0.276684921103,0.243353187845,0.455393841087,0.0245680499648
0.0512835440078,0.214746031084,0.499524615514,0.234445809395
0.299332742257,0.0747010108144,0.302218545324,0.323747701605
0.196493518233,0.181344789726,0.30682953233,0.315332159711
0.396446378226,0.116394109814,0.257166641713,0.229992870246
0.201092397764,0.0877718146202,0.496768797717,0.214366989899
0.359175775511,0.383618549447,0.0445849191345,0.212620755908
0.293984072153,0.177788578241,0.348631113249,0.179596236358
0.137909948933,0.232107611058,0.269767972324,0.360214467685
0.059128525601,0.327163685013,0.258463705324,0.355244084062
0.41411652748,0.174583611132,0.0542962148216,0.357003646566
0.328896727699,0.100754296354,0.461352444571,0.108996531376
0.366703511082,0.368215157812,0.209052649534,0.0560286815723
0.289790549624,0.136214596432,0.176201293848,0.397793560096
0.131873120759,0.307828309404,0.142565434424,0.417733135413
0.272107694705,0.256742821182,0.138165860515,0.332983623598
0.251122692338,0.26380178303,0.323881274559,0.161194250073
0.297863333248,0.16155188369,0.335727059128,0.204857723934
0.191267323193,0.277818120075,0.204020177856,0.326894378876
0.292145891412,0.327783205349,0.119810292697,0.260260610542
0.365009675955,0.205315316665,0.190464828881,0.239210178499
0.108450637548,0.29548109172,0.138982520315,0.457085750417
0.192236538146,0.109663542571,0.394519260671,0.303580658612
0.190542465947,0.2280945847,0.32060383477,0.260759114583
0.403728855498,0.282083524454,0.0963922589848,0.217795361063
0.280632287063,0.343624278777,0.257046245557,0.118697188602
0.0163501859926,0.467210668067,0.14177662194,0.374662524001
0.297136455445,0.285279166501,0.374097493193,0.0434868848604
0.171340185067,0.294067394509,0.289197875149,0.245394545275
0.212312770289,0.0613918995209,0.365303530393,0.360991799796
0.212608760332,0.344591568572,0.127810603789,0.314989067306
0.437315153221,0.0545573279433,0.40189369839,0.106233820446
0.0130950583838,0.497861197447,0.379745514407,0.109298229763
0.362544128183,0.196184418797,0.112109538682,0.329161914338
0.2416057472,0.298996890092,0.26359233777,0.195805024938
0.337996275524,0.19344170296,0.104730307479,0.363831714037
0.193466627877,0.29533598529,0.230157537887,0.281039848947
0.141928593817,0.37285750972,0.334826568748,0.150387327716
0.406071619179,0.0624960690075,0.404914006754,0.126518305059
0.358215479493,0.172488216762,0.291303301294,0.17799300245
0.418121428181,0.172355873095,0.403502480045,0.00602021867937
0.19347202811,0.260747056637,0.262717801965,0.283063113289
0.223975748511,0.332220976486,0.359298860017,0.0845044149849
0.298901833106,0.260682851887,0.160398740176,0.280016574831
0.363539790487,0.0791704846224,0.192421817732,0.364867907158
0.232950673417,0.102366480151,0.123570596032,0.5411122504
0.171950524492,0.348301364852,0.222540279674,0.257207830982
0.0376556100191,0.209387589822,0.255652254036,0.497304546122
0.0646260122281,0.117422861953,0.454000536697,0.363950589122
0.278475830291,0.307150617811,0.315770417698,0.0986031341996
0.222083819353,0.355052464225,0.195782605925,0.227081110497
0.266516094982,0.158701893964,0.334645972169,0.240136038885
0.292628856814,0.42169077688,0.146453334326,0.13922703198
0.346988262707,0.294116867702,0.0766363354837,0.282258534107
0.352025196532,0.140191038407,0.0439486479057,0.463835117156
0.280039648516,0.238740743395,0.332207743518,0.149011864571
0.139634941601,0.376027435698,0.00954711621565,0.474790506485
0.108387249868,0.0656421812817,0.435631608723,0.390338960127
0.247651706425,0.486627336879,0.0846016908556,0.18111926584
0.387076686727,0.0226216709388,0.471576957398,0.118724684936
0.177493839575,0.370887235922,0.0220565477855,0.429562376717
0.146907458217,0.0799195884501,0.268815939818,0.504357013514
0.178652347762,0.0484705685498,0.546542302095,0.226334781593
0.0790924374071,0.467171857315,0.0048074495175,0.448928255761
0.191315321605,0.374478155031,0.265917287082,0.168289236282
0.308344467628,0.275115667202,0.314571222717,0.101968642452
0.194970587077,0.14593485567,0.18311840655,0.475976150703
0.199905946967,0.154693005915,0.502468866767,0.142932180351
0.299232487971,0.50635595161,0.121022644334,0.0733889160845
0.490780336219,0.275315308996,0.119951603537,0.113952751248
0.518157717483,0.147249439193,0.0498729799188,0.284719863405
0.233165359849,0.442491822592,0.257967711042,0.0663751065168
0.124209633085,0.294958577805,0.555362468114,0.0254693209959
0.136320147214,0.0903920838015,0.269383736242,0.503904032743
0.42663718727,0.49149245207,0.0778071920696,0.00406316859008
0.268363980075,0.260969879659,0.277600842147,0.193065298118
0.265432194519,0.187711557388,0.141848374091,0.405007874002
0.200955645705,0.241638474471,0.367151181214,0.19025469861
0.427684584851,0.410428166173,0.0169034008656,0.144983848111
0.175836305271,0.274361191514,0.405005757611,0.144796745604
0.34354150178,0.212114771163,0.277679412102,0.166664314955
0.0859021319409,0.318960250109,0.338754051036,0.256383566914
0.35033061692,0.168600892527,0.425311287367,0.0557572031863
0.736314731886,0.227158246662,0.0322644710411,0.00426255041109
0.206373879536,0.260109498003,0.290056259884,0.243460362576
0.167492460773,0.42304812986,0.331967002897,0.0774924064705
0.297505906883,0.309253598609,0.184057514354,0.209182980153
0.0192463224657,0.442055970486,0.441899076224,0.0967986308242
0.0804841280772,0.336088049882,0.26268952144,0.320738300601
0.380528975572,0.366791454369,0.166619403898,0.0860601661601
0.000316282073936,0.537230922407,0.094023548486,0.368429247033
0.017912541631,0.467078864925,0.0531712810291,0.461837312415
0.0437861631583,0.379790743265,0.330037811328,0.246385282249
0.317494651835,0.305550664238,0.187066693613,0.189887990315
0.0311937686301,0.217071541702,0.499209967627,0.252524722041
0.242131681914,0.196136340859,0.330167388017,0.231564589209
0.308612307484,0.0977398612293,0.318149610063,0.275498221224
0.270400713065,0.282514017428,0.231730711767,0.21535455774
0.532111716506,0.17556298377,0.169795770467,0.122529529258
0.0994973993978,0.027773919525,0.25171545508,0.621013225997
0.17729124974,0.303634048656,0.301911586313,0.217163115291
0.204921760755,0.259788929178,0.278802766466,0.256486543601
0.199578278331,0.343800674865,0.447872001768,0.00874904503596
0.287600488534,0.292796323133,0.139995689152,0.27960749918
0.0832211037135,0.648435371706,0.248912976623,0.0194305479576
0.289824018633,0.20931831524,0.289923994464,0.210933671663
0.0714197138917,0.25430127117,0.364677617398,0.30960139754
0.372284101245,0.240182862425,0.356378333373,0.0311547029562
0.402231756712,0.447694959371,0.117409589101,0.0326636948156
0.160351046033,0.478603483869,0.116581776827,0.244463693271
0.520394114564,0.112056699466,0.175398276196,0.192150909774
0.0989237255717,0.00461190989606,0.412531069025,0.483933295508
0.275865486335,0.172671217595,0.186874358571,0.3645889375
0.482180369232,0.0486416062999,0.0951220918111,0.374055932657
0.150514455638,0.298767076175,0.312074191674,0.238644276513
0.360704979064,0.193757001228,0.199696723348,0.24584129636
0.294646190238,0.169068784577,0.273092983526,0.263192041659
0.10124981287,0.326800863169,0.0842326752906,0.48771664867
0.134475284765,0.245009158287,0.110575738824,0.509939818124
0.621450757009,0.118313538087,0.252564933617,0.00767077128716
0.534953957093,0.0627405565215,0.0108060718468,0.391499414539
0.294118560737,0.0206570038202,0.437180311231,0.248044124212
0.28822471814,0.405364218557,0.180874414313,0.12553664899
0.427649115597,0.129007218429,0.195939492559,0.247404173414
0.122429318698,0.482887507152,0.357788439205,0.0368947349453
0.196353085002,0.0877557674677,0.227298975591,0.488592171939
0.0463255389379,0.267940812451,0.351520782244,0.334212866368
0.312838764946,0.391184969814,0.238312796985,0.0576634682562
0.0254474469852,0.51206435947,0.134368955443,0.328119238102
0.33261790189,0.220615141205,0.371149986875,0.0756169700301
0.376920375449,0.343266174067,0.204196203761,0.075617246723