0.0744271001575,0.222662541761,0.19951862339,0.503391734692
0.292423376356,0.213866539731,0.454773270792,0.0389368131217
0.426815427091,0.181002119611,0.326253698055,0.0659287552433
0.0795073264511,0.239061106671,0.304696171184,0.376735395693
0.491514718737,0.255326615696,0.184396029958,0.0687626356091
0.00714649976743,0.267106520219,0.588786781699,0.136960198314
0.239178198159,0.28756390547,0.162426842519,0.310831053852
0.321431341302,0.332439959887,0.105125727907,0.241002970903
0.0592083250035,0.320533794642,0.323489736623,0.296768143731
0.553846346129,0.364949433813,0.0383980471789,0.0428061728799
0.0461563080837,0.287132525307,0.233087870042,0.433623296567
0.00517333866159,0.479530761119,0.175736448383,0.339559451837
0.3581893566,0.195832243741,0.294101278821,0.151877120838
0.0218341163099,0.556654599171,0.226049627124,0.195461657395
0.245106636026,0.201322024922,0.347123543098,0.206447795954
0.301381771814,0.287696865945,0.115211014793,0.295710347448
0.0915381146757,0.496507147537,0.0755723053283,0.336382432459
0.227782779791,0.197507519077,0.559951435665,0.0147582654664
0.152970415787,0.418692869389,0.107974804246,0.320361910578
0.0437783886262,0.688068223005,0.00787813262531,0.260275255743
0.40020962777,0.331135144476,0.0710118549468,0.197643372808
0.226915255005,0.31742798713,0.0835765560996,0.372080201766
0.0556428516764,0.174060718567,0.333002539009,0.437293890748
0.448831244675,0.449987220956,0.0637065877893,0.0374749465801
0.0428780380182,0.340172009117,0.42146005905,0.195489893815
0.332892056619,0.34209932321,0.313672310488,0.011336309684
0.167268343173,0.460186741511,0.268562678441,0.103982236876
0.0476049359748,0.653641065836,0.107348997487,0.191405000702
0.440260157297,0.102835252372,0.182893223589,0.274011366742
0.19268882118,0.386686391746,0.212794572609,0.207830214465
0.280926103311,0.0438965395904,0.258316960685,0.416860396413
0.320298125593,0.0377626575286,0.375475185807,0.266464031071
0.0312655634746,0.360777307112,0.462654972038,0.145302157375
0.310361420281,0.302629557347,0.0196160741072,0.367392948264
0.25533174284,0.202001075166,0.258673837607,0.283993344387
0.269493438176,0.131237001333,0.295113401689,0.304156158802
0.0680722879102,0.276025918672,0.164541932646,0.491359860771
0.273797293858,0.297869979734,0.174120441299,0.254212285108
0.0433384136071,0.300040194768,0.361281975628,0.295339415997
0.422243167666,0.0939914546465,0.31974790236,0.164017475327
0.328253122166,0.259151667395,0.35212676138,0.0604684490592
0.302368951928,0.088081294242,0.243658563434,0.365891190395
0.155419890349,0.41731083744,0.296112018845,0.131157253367
0.3202642641,0.256321942738,0.181945391403,0.241468401759
0.398862856082,0.176654851292,0.165966591955,0.258515700671
0.13513395693,0.466070175179,0.241599951012,0.157195916879
0.226498506042,0.399157040282,0.0764665357876,0.297877917889
0.369066201922,0.178981572067,0.168401550015,0.283550675997
0.0497010339968,0.496309623499,0.239675967304,0.2143133752
0.41609816014,0.324070546277,0.181307952507,0.0785233410764
0.182652726468,0.339810574742,0.408433128223,0.0691035705669
0.0361713934141,0.364084668181,0.268131413799,0.331612524606
0.30184013037,0.223885928068,0.0438625098545,0.430411431708
0.0205106640155,0.434400988383,0.196764147075,0.348324200526
0.60528835795,0.0469502631485,0.047106776686,0.300654602216
0.0124719725985,0.538594233111,0.36952210837,0.0794116859212
0.184084541967,0.395856188441,0.177488224326,0.242571045265
0.244874444,0.148270025667,0.289110535608,0.317744994724
0.360633128747,0.268440489666,0.237907626243,0.133018755344
0.391977250787,0.213578819036,0.261766322249,0.132677607929
0.25523507257,0.235578968652,0.282509286032,0.226676672746
0.230154648931,0.227750303487,0.253748222222,0.28834682536
0.249965115466,0.150330476546,0.382923134537,0.216781273451
0.349243957566,0.117553879129,0.340384273477,0.192817889828
0.518856528771,0.252301409299,0.141628511294,0.0872135506359
0.377468126404,0.36326277085,0.23412052305,0.0251485796952
0.0133142419612,0.140096956414,0.629796174961,0.216792626664
0.272942813915,0.274399610697,0.139451653076,0.313205922313
0.480304456051,0.210540618532,0.000617510223292,0.308537415194
0.434909365824,0.0168662624711,0.104804016315,0.44342035539
0.055723459661,0.295766257878,0.259387572171,0.38912271029
0.309118190167,0.434796605505,0.20594094216,0.0501442621684
0.17504347377,0.230049467561,0.307115727293,0.287791331376
0.318526880833,0.205318974663,0.259463722473,0.216690422031
0.109157834345,0.147324412934,0.693337177468,0.0501805752531
0.331919389994,0.313214616967,0.326881451902,0.0279845411375
0.3344027565,0.21769910355,0.113991645918,0.333906494032
0.324406008925,0.283738697159,0.267030621926,0.12482467199
0.66400798519,0.104363273226,0.227862858576,0.00376588300825
0.277244679371,0.119670417618,0.468064023849,0.135020879163
0.158253351812,0.290896703037,0.220940761911,0.32990918324
0.330263915491,0.0559702893398,0.21796301447,0.395802780699
0.249469036247,0.218926866126,0.469347166175,0.0622569314519
0.0927030950461,0.410327230561,0.372101946727,0.124867727666
0.319700035015,0.106592298796,0.272361840624,0.301345825565
0.305916771902,0.160458735222,0.252037541229,0.281586951647
0.198062796565,0.250208838563,0.26246735406,0.289261010812
0.0621984051824,0.0903220372868,0.29744830839,0.550031249141
0.246314402787,0.37074898412,0.056982537688,0.325954075405
0.119887014518,0.456913826351,0.00604508637831,0.417154072753
0.240124398771,0.0396490355852,0.601370554904,0.11885601074
0.0382987726716,0.595864359886,0.094763047871,0.271073819571
0.0708419942979,0.418235984305,0.222600408005,0.288321613392
0.413718999736,0.167691454839,0.335471519111,0.0831180263142
0.253701766591,0.0621048695478,0.446558259022,0.23763510484
0.324674221617,0.31766744749,0.0225292848605,0.335129046033
0.441130434835,0.0258857699485,0.281466805133,0.251516990083
0.614253807669,0.178677310186,0.113569083975,0.0934997981708
0.196978186953,0.321661785277,0.355752591372,0.125607436398
0.125985322871,0.273974734192,0.452348862693,0.147691080245
0.451670056077,0.347718706122,0.148624821782,0.0519864160184
0.269947847247,0.0260767639986,0.270186674976,0.433788713779
0.575650767608,0.331456963657,0.0266150150525,0.0662772536829
0.447854385162,0.065561942335,0.3628303366,0.123753335904
0.0307279432973,0.00352522101006,0.489910845447,0.475835990246
0.0434786224452,0.289679235803,0.571183255373,0.0956588863793
0.0357624987917,0.4256828479,0.348039957225,0.190514696084
0.174573896987,0.403320839865,0.321889463649,0.100215799499
0.0528965764733,0.149374008314,0.362188785108,0.435540630105
0.45943775452,0.226858445437,0.206118288204,0.107585511838
0.30171441556,0.114444378163,0.479850778044,0.103990428233
0.229983854046,0.117287746692,0.324000524953,0.328727874309
0.234805546109,0.378433095364,0.377709375897,0.00905198263088
0.189316603283,0.253024452422,0.314083519902,0.243575424393
0.383454325451,0.0868240949007,0.17617250353,0.353549076119
0.458337422095,0.331192487434,0.0410907078787,0.169379382593
0.0894182495098,0.46332711516,0.159290101635,0.287964533695
0.274261225751,0.19745809818,0.279892094641,0.248388581428
0.102658146983,0.552693282457,0.20652741536,0.1381211552
0.251909264036,0.261385590219,0.259889457463,0.226815688282
0.410831003003,0.0900289937529,0.38082182555,0.118318177695
0.0805561639806,0.150115771571,0.300370768056,0.468957296392
0.204667316918,0.367591628801,0.38105496597,0.0466860883111
0.230589617907,0.162986358334,0.254431658596,0.351992365163
0.219524119891,0.350090039171,0.342974601269,0.0874112396688
0.445208846392,0.266530884741,0.0149797271464,0.273280541721
0.445141963357,0.0288652492577,0.246330922382,0.279661865004
0.078507734209,0.302567126667,0.278247011589,0.340678127535
0.35620981358,0.411064230852,0.0132357994214,0.219490156146
0.748593117844,0.0749603403661,0.0674047724881,0.109041769302
0.337657647492,0.231974721699,0.240974789795,0.189392841014
0.327494995031,0.0602278084314,0.370728920482,0.241548276055
0.0475549977992,0.266870151916,0.420640998929,0.264933851356
0.526185406988,0.0538353812699,0.408283292945,0.0116959187972
0.12883473998,0.180616395852,0.158898038907,0.53165082526
0.337007381176,0.0562670766325,0.26836043353,0.338365108662
0.234410546643,0.337446245557,0.220105505982,0.208037701818
0.1950524229,0.471332146276,0.219908419771,0.113707011053
0.300213753425,0.0342025932639,0.417791321965,0.247792331346
0.218144864376,0.161146790006,0.453562725845,0.167145619773
0.140298032894,0.386913382809,0.363609571498,0.109179012799
0.112028299,0.317307325556,0.217084286421,0.353580089023
0.043816200456,0.559624702546,0.111474374725,0.285084722272
0.111607855836,0.609873977833,0.120989360683,0.157528805648
0.143826812486,0.16353952898,0.55856877942,0.134064879114
0.51647875213,0.238928276155,0.119124807431,0.125468164284
0.374568068779,0.170085637588,0.122331418132,0.333014875501
0.324283923711,0.194301720623,0.219665453409,0.261748902257
0.0564679763212,0.46787280417,0.182933793908,0.292725425601
0.238393149226,0.36339553297,0.370007417397,0.0282039004067
0.168116093396,0.0282742886175,0.359126868583,0.444482749403
0.241323534143,0.284435080134,0.280164397973,0.19407698775
0.504944018755,0.145512062854,0.13511811918,0.214425799211
0.292668527006,0.163344962506,0.401236946078,0.14274956441
0.436744012445,0.377128490897,0.00842603437666,0.177701462281
0.251660681854,0.133046748219,0.389584724011,0.225707845916
0.188651356083,0.308436849383,0.151088649215,0.351823145319
0.104597381401,0.171858490077,0.378999108421,0.3445450201
0.295241020952,0.0310368304527,0.29912414165,0.374598006946
0.585752180814,0.0133040739218,0.270872013696,0.130071731569
0.0289001753961,0.346967620662,0.319425271412,0.30470693253
0.404014583349,0.383979264078,0.0660586262602,0.145947526313
0.37303872177,0.378484200845,0.160833924078,0.0876431533073
0.209058227371,0.365775095998,0.405629910178,0.0195367664525
0.221378820806,0.0271616510969,0.572648438677,0.17881108942
0.146017375541,0.432235251077,0.328733408084,0.0930139652984
0.370966096728,0.0992926152537,0.29610668028,0.233634607738
0.0964397466573,0.050647883555,0.413257052734,0.439655317054
0.191416625791,0.282958963724,0.0948627231855,0.4307616873
0.370110177198,0.366534957271,0.0323162569774,0.231038608553
0.169114023802,0.204856307974,0.460134454892,0.165895213333
0.236712935172,0.670198901228,0.00493755158127,0.0881506120184
0.214067804634,0.265997395908,0.295640863345,0.224293936113
0.32411413548,0.32059885664,0.20272916359,0.15255784429
0.243846453456,0.26036665464,0.252913954998,0.242872936906
0.299973929621,0.224786018006,0.108158385636,0.367081666737
0.323728392204,0.12182732307,0.401891317761,0.152552966965
0.0254883034403,0.186513919946,0.421827165723,0.366170610891
0.226902441156,0.535413267041,0.0746214718885,0.163062819914
0.0897659220663,0.586209972104,0.0547225599366,0.269301545893
0.45821283944,0.327007719692,0.0903662603323,0.124413180536
0.365906356074,0.090238150708,0.386174577318,0.1576809159
0.0225697940055,0.345990454384,0.0512861183995,0.580153633211
0.116288749808,0.480831580667,0.359863302639,0.0430163668857
0.14743592194,0.450365111843,0.352352161105,0.0498468051122
0.319261947054,0.191488997916,0.249468584873,0.239780470156
0.104064975254,0.267313346115,0.455712804983,0.172908873647
0.157439331591,0.411406972746,0.300155996267,0.130997699397
0.408323512144,0.328849710907,0.203508974648,0.0593178023014
0.266701742072,0.147324587534,0.0728205072551,0.513153163139
0.373148992886,0.137466761299,0.0781017749895,0.411282470826
0.297711103111,0.29532768573,0.339942686984,0.0670185241759
0.294467032969,0.0675709474368,0.359035239406,0.278926780189
0.297164489867,0.265939994205,0.246588066022,0.190307449907
0.177615163516,0.31522952499,0.143895514143,0.363259797351
0.140616205303,0.307501184551,0.166185603218,0.385697006928
0.257070647579,0.305151214597,0.152340183148,0.285437954676
0.222630055641,0.311665478316,0.0557962749119,0.409908191131
0.175649762746,0.363774636796,0.31650150883,0.144074091628
0.45109573273,0.147534609831,0.274682112296,0.126687545142