0.37450650943,0.196669322295,0.342943677808,0.0858804904664
0.140857087859,0.354041836184,0.444749538707,0.0603515372506
0.0089565428236,0.297227589657,0.480433747418,0.213382120102
0.27952029083,0.364947455291,0.0618138813099,0.293718372568
0.271839688597,0.255589789926,0.197977744939,0.274592776538
0.0908965658427,0.123818040995,0.397906289216,0.387379103946
0.320658776463,0.234590862378,0.311592548707,0.133157812452
0.566192825464,0.0227196679072,0.0126308501925,0.398456656436
0.281047100694,0.162592861874,0.169654298551,0.386705738881
0.456924862137,0.0464914863455,0.254630245559,0.241953405959
0.0388443514789,0.0214903647203,0.738745258211,0.20092002559
0.386048667019,0.267176346586,0.149454882208,0.197320104187
0.251714029811,0.398427689707,0.11065432904,0.239203951442
0.270248216789,0.454054192983,0.264252441853,0.0114451483751
0.218086469729,0.131043552672,0.189625050732,0.461244926867
0.370786598513,0.00530014885358,0.547517215522,0.0763960371119
0.298730655054,0.00730603146525,0.0808716568089,0.613091656672
0.353212276542,0.226153195681,0.340233088726,0.0804014390512
0.0505555849828,0.320747387402,0.306912230632,0.321784796983
0.204619186181,0.467513177658,0.0893344323096,0.238533203851
0.198349890835,0.119822328637,0.335772445904,0.346055334624
0.343188081631,0.139940573378,0.293294579936,0.223576765055
0.0727818301853,0.0562771888709,0.393807492387,0.477133488557
0.164014915776,0.185784450784,0.499901889603,0.150298743836
0.12640939962,0.400754014057,0.249649917851,0.223186668472
0.247485341256,0.261434643659,0.458868550858,0.0322114642272
0.254106028893,0.492689741472,0.0943886543164,0.158815575319
0.141328260747,0.265651187359,0.38002006221,0.213000489684
0.127865367824,0.192444455019,0.264022674178,0.415667502979
0.0895489250959,0.374544526291,0.349474794158,0.186431754455
0.154854909492,0.161780684447,0.34261717441,0.340747231652
0.351958411263,0.134748362144,0.310348531685,0.202944694908
0.305491391851,0.306534179308,0.1570768055,0.230897623341
0.304383095646,0.302054794361,0.08251064839,0.311051461603
0.412123736081,0.0320414016626,0.270112045037,0.285722817219
0.350378204324,0.30767059371,0.272664406199,0.0692867957665
0.426001545351,0.253519990297,0.124956150606,0.195522313746
0.325088392568,0.285178811147,0.212090739577,0.177642056708
0.199887536071,0.210272230394,0.41767714917,0.172163084364
0.24370219622,0.41422895805,0.02146224649,0.320606599239
0.358863619674,0.010153068846,0.442039751589,0.188943559891
0.428749047362,0.0657778899318,0.175790218858,0.329682843849
0.265231070527,0.274860845797,0.384650896281,0.0752571873962
0.271480893575,0.433875542238,0.0191825672647,0.275460996922
0.294215052676,0.270712119855,0.11198955342,0.32308327405
0.227802272628,0.16661409074,0.156594333631,0.448989303001
0.0597843236671,0.115719938863,0.393067319868,0.431428417601
0.0640448517308,0.227903370742,0.530385674615,0.177666102913
0.327494776096,0.0647750112359,0.341192828532,0.266537384136
0.420857187421,0.15366484988,0.378032561058,0.0474454016415
0.401616498979,0.292288143785,0.243900597089,0.0621947601471
0.0227520331929,0.189189138633,0.35396377762,0.434095050554
0.00607639887877,0.257383876485,0.275421907833,0.461117816803
0.279517773396,0.473418347793,0.15749641638,0.0895674624304
0.278817111032,0.222266508366,0.203057247792,0.29585913281
0.0528807817338,0.352427916452,0.354398006254,0.240293295559
0.346833258057,0.104636409827,0.208179370301,0.340350961814
0.214031033914,0.255886655589,0.289476202403,0.240606108095
0.268262871523,0.305966963022,0.265471558742,0.160298606713
0.271555467583,0.433493444747,0.0438295129292,0.251121574741
0.375252544984,0.112942424724,0.475565368673,0.0362396616195
0.198993542855,0.362058933428,0.398366657778,0.0405808659396
0.0318801321995,0.632195630683,0.0561536534365,0.279770583681
0.235880016599,0.131304898229,0.438278778919,0.194536306254
0.143193580126,0.380954079711,0.0646275479957,0.411224792167
0.0744505946371,0.48416040933,0.150510727677,0.290878268356
0.214342707627,0.0608631574575,0.445748659606,0.279045475309
0.33152586985,0.488946234534,0.145809598808,0.0337182968078
0.274233539848,0.221330534537,0.112773088083,0.391662837532
0.359046562439,0.287940023561,0.15863747475,0.19437593925
0.262735717241,0.254612886207,0.23826309982,0.244388296732
0.200663226975,0.341486374674,0.119187724862,0.338662673489
0.448579233947,0.116958979603,0.303341941453,0.131119844997
0.125821566854,0.377034527133,0.475169137759,0.0219747682548
0.00974932793448,0.0572314212883,0.469520611273,0.463498639504
0.348809459832,0.200351258168,0.296063825567,0.154775456432
0.0851100686693,0.670237225724,0.114938194214,0.129714511393
0.493984179389,0.39783980183,0.0141573341846,0.0940186845962
0.380679828936,0.348652398126,0.0404145745225,0.230253198415
0.377463285683,0.0200860991467,0.272916140086,0.329534475085
0.101355685119,0.272982261445,0.386842135847,0.23881991759
0.482110752631,0.207947472723,0.15418320284,0.155758571806
0.0448576505589,0.402704998583,0.261095392652,0.291341958206
0.182220467944,0.205212138558,0.349379459176,0.263187934323
0.00406205420799,0.287426471883,0.229845048051,0.478666425858
0.231649357462,0.332919447252,0.00863098839879,0.426800206887
0.280542897949,0.0824733716585,0.270822207122,0.366161523271
0.212204150186,0.084824160108,0.324964832964,0.378006856742
0.0643167395365,0.376544611015,0.00888655566137,0.550252093787
0.30430278878,0.059490960324,0.466467259762,0.169738991133
0.404953250265,0.218686009554,0.139906300936,0.236454439245
0.139545222872,0.2969595111,0.247333262877,0.31616200315
0.315304362075,0.0240149802966,0.12900506392,0.531675593709
0.16613559204,0.141382506439,0.689737821124,0.00274408039644
0.203133807706,0.173710110742,0.381267903514,0.241888178038
0.110109410138,0.208414514206,0.365322074954,0.316154000702
0.139356738961,0.0788063170192,0.434156057176,0.347680886844
0.172884040536,0.47413165894,0.256620134011,0.0963641665132
0.102992902006,0.371073382371,0.416155425187,0.109778290435
0.256541809017,0.234274646013,0.227477706323,0.281705838647
0.0354251457543,0.555348419752,0.396500117428,0.0127263170658
0.412225406662,0.0508403363282,0.311768837348,0.225165419662
0.255690710662,0.27142923381,0.162303927031,0.310576128497
0.19931475909,0.1457399433,0.33586794261,0.319077355
0.143533581712,0.170185815221,0.455570586588,0.230710016479
0.231221319466,0.304752151729,0.0869244433254,0.377102085479
0.183747080785,0.317386803222,0.0628553677429,0.43601074825
0.300205945938,0.32513608797,0.147095040786,0.227562925306
0.31960736212,0.141875455817,0.266622045378,0.271895136685
0.375909559704,0.253744026301,0.0662919081963,0.304054505799
0.111724358193,0.0719908320414,0.346496634356,0.46978817541
0.422483258957,0.483871430919,0.0122702361482,0.0813750739761
0.21255796773,0.0279019666082,0.336624740325,0.422915325337
0.20622179413,0.11287065292,0.654220921883,0.0266866310671
0.23527106666,0.15882209195,0.247944172196,0.357962669194
0.191036801965,0.344277459884,0.20481000521,0.259875732941
0.169652896177,0.455096139853,0.0929246496234,0.282326314346
0.226578786943,0.288980037796,0.197332923225,0.287108252035
0.057454236443,0.542168662462,0.0935430685127,0.306834032582
0.203753845543,0.0128558426612,0.127571416414,0.655818895382
0.248371808738,0.253885458065,0.176420439456,0.32132229374
0.0842138004584,0.451386914252,0.00720224462733,0.457197040662
0.359783240776,0.224420537077,0.194739047664,0.221057174484
0.452910371479,0.0496173973093,0.325345195581,0.172127035631
0.650379386495,0.282224636921,0.00325403787553,0.0641419387082
0.388886435194,0.415478631565,0.171423200401,0.0242117328408
0.106500888816,0.369761309184,0.181388877828,0.342348924172
0.217716645388,0.152524712073,0.341516428241,0.288242214298
0.228455422532,0.339542047532,0.361160399693,0.0708421302437
0.228412184126,0.513191284106,0.125853073202,0.132543458566
0.339794116417,0.275300730235,0.0385204003268,0.346384753021
0.417177745992,0.231358724386,0.0969328894612,0.254530640161
0.379477111598,0.420750765667,0.157387431123,0.0423846916121
0.19718874183,0.177244078008,0.568822955142,0.0567442250207
0.156649455668,0.118840585196,0.62284671959,0.101663239546
0.361084260547,0.414714503574,0.0241639686148,0.200037267265
0.00609758467621,0.421723397424,0.18015393154,0.39202508636
0.177958823284,0.154689859912,0.372748604565,0.294602712239
0.165494115591,0.448433903714,0.109057345068,0.277014635626
0.295911112583,0.0926014721394,0.0346318807965,0.576855534481
0.137443202966,0.321645061711,0.176060243495,0.364851491829
0.442519214065,0.441061594932,0.0544911852008,0.0619280058027
0.434230307607,0.300572060647,0.127006220761,0.138191410985
0.375360356628,0.151402278374,0.316302141528,0.156935223469
0.359575412348,0.150680527768,0.327681691047,0.162062368837
0.0175685215355,0.433460749869,0.238695395236,0.310275333359
0.331799190134,0.138049118799,0.405847606547,0.124304084521
0.448090681359,0.389873526929,0.0843572452294,0.0776785464827
0.17354908545,0.355241266182,0.253056268386,0.218153379982
0.0217946136165,0.0545071520471,0.483334536807,0.440363697529
0.27307687297,0.340418708608,0.185336514362,0.20116790406
0.108338452252,0.200089276676,0.314934788085,0.376637482988
0.455653065873,0.0772467726102,0.0408135806001,0.426286580917
0.425958568534,0.175955444239,0.343928853867,0.0541571333604
0.218535046028,0.176915226709,0.266585217555,0.337964509708
0.225196591577,0.205174752031,0.22779896402,0.341829692372
0.36516279279,0.3731433726,0.0521626001919,0.209531234418
0.494395676733,0.0131548590464,0.38943234208,0.103017122141
0.385137757324,0.254515437824,0.123872304802,0.23647450005
0.386353458087,0.423299944634,0.0721422995665,0.118204297712
0.129976123465,0.405767782753,0.240161761503,0.224094332279
0.0150971087492,0.334624273206,0.168299885292,0.481978732753
0.211860077178,0.236847571754,0.197414787124,0.353877563944
0.395064573803,0.0846145013068,0.0925463108059,0.427774614085
0.43676803446,0.0680626017056,0.409376591097,0.0857927727367
0.169803833503,0.388171705557,0.0804246300401,0.3615998309
0.108793725867,0.175331946692,0.36103261523,0.354841712212
0.108345764091,0.279138414221,0.265457262943,0.347058558745
0.134147871696,0.150068762967,0.328313567719,0.387469797618
0.13387738765,0.160413973318,0.317428399472,0.38828023956
0.528059991255,0.283635942026,0.00766202781879,0.180642038901
0.133204014002,0.198969807922,0.0259433247564,0.64188285332
0.338155049068,0.103750525017,0.124538369101,0.433556056815
0.102039644542,0.387736462304,0.0986872525497,0.411536640604
0.0289083442134,0.367139087312,0.530045904224,0.0739066642499
0.00987508931148,0.362850291835,0.531425661455,0.0958489573987
0.739545607479,0.0828549042367,0.163598906305,0.0140005819802
0.214580401054,0.369123482423,0.141577386751,0.274718729773
0.383753816956,0.102153533092,0.22426156652,0.289831083431
0.321923196567,0.159609927579,0.311031802278,0.207435073576
0.272918233059,0.262055296007,0.123892878038,0.341133592896
0.335165751074,0.294437905538,0.130342643163,0.240053700225
0.111708097644,0.174319390904,0.305194829722,0.40877768173
0.0113460654212,0.211464574625,0.370829087028,0.406360272925
0.267982386031,0.10873676252,0.299163966484,0.324116884965
0.325743188575,0.321175315747,0.22666747174,0.126414023939
0.195931486823,0.256276725098,0.239359144331,0.308432643748
0.0929437690064,0.273188190291,0.439103659736,0.194764380966
0.339912123844,0.0731182010696,0.353513877142,0.233455797945
0.127153700929,0.0933463061838,0.563069404747,0.21643058814
0.375015855761,0.172210131264,0.160954386593,0.291819626382
0.320906705911,0.369163984369,0.233727299252,0.0762020104686
0.439341981007,0.464915259749,0.0938322733812,0.00191048586329
0.129687950943,0.330170003118,0.340526209688,0.199615836251
0.325777590969,0.212385185309,0.122284745527,0.339552478195
0.21551679504,0.0178295184005,0.397171018771,0.369482667788
0.142922570709,0.299535107147,0.443220149926,0.114322172217
0.326009119897,0.0168074067799,0.284566482552,0.372616990771
0.404287412142,0.0765177996608,0.0263992797996,0.492795508398
0.211967294403,0.374791519879,0.0959241920194,0.317316993699