0.472308907983,0.00230572197493,0.242780391976,0.282604978066
0.330653193528,0.149971543902,0.472283177759,0.0470920848104
0.205069806948,0.160782446315,0.207983821395,0.426163925342
0.192183359277,0.325706657309,0.161401041116,0.320708942298
0.251745457319,0.241334974965,0.241466690271,0.265452877444
0.317865790882,0.193809377,0.211695401288,0.27662943083
0.276929218812,0.386192902364,0.017635453754,0.31924242507
0.254970576602,0.0253563719933,0.445377193175,0.274295858229
0.289830838859,0.561736266278,0.0108400177396,0.137592877123
0.0877591681543,0.276063323357,0.568447436249,0.0677300722399
0.307436283782,0.369088439177,0.0608050601821,0.262670216858
0.30375610976,0.0558539263705,0.19152147826,0.44886848561
0.241619578827,0.27287452504,0.241145851702,0.24436004443
0.350641656106,0.243901034651,0.117420331707,0.288036977536
0.348127326793,0.256856634041,0.195543687252,0.199472351915
0.0790072296524,0.0552239446393,0.681862085887,0.183906739821
0.367197749675,0.0546856278352,0.20348323531,0.37463338718
0.240540759562,0.291723947641,0.148874634137,0.31886065866
0.335181096317,0.316270178779,0.151356845975,0.197191878928
0.306636206678,0.106515259938,0.425182268076,0.161666265307
0.316721870891,0.167396104715,0.24927871458,0.266603309814
0.175410677534,0.33657153629,0.42802402737,0.0599937588057
0.17082254813,0.311065928148,0.273567674816,0.244543848907
0.255706186804,0.313115631819,0.361344428048,0.0698337533297
0.160286888303,0.524301174098,0.0253738971314,0.290038040468
0.0326651768943,0.326610312254,0.322408582626,0.318315928226
0.241877508378,0.0998315219,0.402982353868,0.255308615853
0.11632334561,0.390652962988,0.291553155484,0.201470535918
0.162523362064,0.294848913052,0.266259971557,0.276367753327
0.396205544655,0.345552339126,0.0206471872699,0.237594928949
0.443861008994,0.00303654067338,0.193796504736,0.359305945597
0.30551913261,0.077781496209,0.27837773285,0.33832163833
0.232288986958,0.389449996941,0.213943745598,0.164317270502
0.190414199107,0.196400148028,0.354701244869,0.258484407996
0.00828315182627,0.501531355408,0.114608702125,0.375576790641
0.169131577166,0.194266479982,0.26997397582,0.366627967032
0.111644168762,0.109985557886,0.383424285023,0.39494598833
0.187883792137,0.202527338532,0.207984144125,0.401604725207
0.143613029577,0.166990181662,0.161904643943,0.527492144818
0.373799637919,0.148189258206,0.369554804087,0.108456299788
0.503715400399,0.0110077156895,0.217889745941,0.26738713797
0.276758147219,0.195074126987,0.392269237537,0.135898488257
0.00675246477938,0.39558994566,0.207461230332,0.390196359229
0.364923298321,0.392186536861,0.0546453937911,0.188244771027
0.326244871706,0.278613815972,0.120317488591,0.274823823731
0.23134767527,0.489174659888,0.0505745774356,0.228903087407
0.319448474844,0.49839233099,0.128837958697,0.0533212354693
0.252002277375,0.176796267795,0.307148672713,0.264052782117
0.246399222841,0.0580984324681,0.5259140041,0.169588340591
0.331018039781,0.28253320654,0.179324664741,0.207124088937
0.217348078652,0.259877045979,0.419042278912,0.103732596457
0.306474370968,0.077704478892,0.256402404784,0.359418745356
0.0732578098186,0.30309201621,0.335913313272,0.2877368607
0.010483247007,0.60919561745,0.233853200184,0.14646793536
0.173734698919,0.382533990547,0.307843445376,0.135887865159
0.173197825768,0.293542436587,0.262071260226,0.271188477419
0.436966054291,0.0724914328845,0.326432571382,0.164109941443
0.359595935997,0.441931965275,0.149550239228,0.0489218595
0.10793538644,0.416578948401,0.331001001462,0.144484663697
0.334209855316,0.0709450571716,0.345364496196,0.249480591316
0.227069546507,0.324508527125,0.314419499245,0.134002427122
0.255775299805,0.356763989055,0.318237767289,0.0692229438511
0.297119807149,0.359074978403,0.196470697735,0.147334516713
0.246724735542,0.308449557648,0.239438100905,0.205387605906
0.290336518378,0.0187885621876,0.37855460343,0.312320316004
0.0995041352356,0.124480291636,0.54783696897,0.228178604159
0.345001794546,0.0406099825378,0.204151182383,0.410237040534
0.100017620762,0.507228187338,0.34625176865,0.0465024232503
0.371315291477,0.240340467053,0.147005954303,0.241338287168
0.55312077205,0.304557154228,0.00827142077209,0.13405065295
0.0543466124108,0.42775252135,0.334645480302,0.183255385938
0.358145851448,0.217858486207,0.302491014481,0.121504647864
0.513689266253,0.180234168389,0.174341659006,0.131734906352
0.359873128126,0.215575621383,0.0317509539373,0.392800296554
0.0829780715817,0.234212332788,0.167818946713,0.514990648917
0.241025138294,0.282805232798,0.243875756001,0.232293872907
0.111603830318,0.397521580653,0.12590953227,0.36496505676
0.0536935359879,0.243472306021,0.308995963637,0.393838194355
0.260583161169,0.330571927775,0.201632933491,0.207211977565
0.224217048502,0.137309431661,0.335688973244,0.302784546594
0.308588260344,0.257635584031,0.0960432729845,0.337732882641
0.247688082085,0.211538500791,0.142503236728,0.398270180396
0.0931752134386,0.012002592736,0.315422720572,0.579399473254
0.0124445536898,0.105795371633,0.364394312932,0.517365761746
0.263381375125,0.377786398203,0.0813761766434,0.277456050028
0.0513908861396,0.350790309492,0.420006819051,0.177811985317
0.432948967591,0.062523895135,0.0797956361667,0.424731501108
0.102681418285,0.398597239977,0.110473100902,0.388248240837
0.317398296466,0.175547413685,0.287779939807,0.219274350042
0.13478433438,0.483484758825,0.250914908569,0.130815998226
0.338117702228,0.273806802684,0.0577398520402,0.330335643048
0.103602052403,0.33360034236,0.100293322552,0.462504282685
0.208167577223,0.30152049899,0.123698615667,0.36661330812
0.202464302812,0.131287068613,0.453162471196,0.213086157379
0.0244118691092,0.289829886723,0.176170156615,0.509588087553
0.249753822491,0.373043043395,0.288305936783,0.0888971973315
0.0158930857458,0.297139217382,0.431148278199,0.255819418673
0.210008599215,0.325598035949,0.121127533908,0.343265830928
0.112546240655,0.357486377865,0.427878104673,0.102089276807
0.419900720869,0.191255515121,0.385131605332,0.00371215867751
0.0852903015614,0.303251795551,0.295079180657,0.316378722231
0.0585207496688,0.334926444575,0.10708060219,0.499472203565
0.287386956802,0.400880079864,0.00354267212575,0.308190291208
0.20298906223,0.349716841671,0.227019606751,0.220274489348
0.303249813822,0.0334155184347,0.467274590309,0.196060077433
0.29632263266,0.142629311683,0.249141185501,0.311906870156
0.159957035266,0.179617309924,0.5506732548,0.10975240001
0.210679451538,0.56484819888,0.224019324882,0.000453024699945
0.185257216717,0.148652295273,0.26095131349,0.40513917452
0.122167093757,0.191407593902,0.0735129516659,0.612912360675
0.05804380449,0.326982229784,0.428074354796,0.18689961093
0.106266517887,0.80910331798,0.0497464940023,0.034883670131
0.599421394489,0.247260513173,0.10716478366,0.0461533086778
0.610055276083,0.00757104368743,0.20100272433,0.1813709559
0.298880861361,0.0445228209612,0.246368673337,0.41022764434
0.214331344229,0.30149729429,0.141412036759,0.342759324722
0.274689492446,0.564114007985,0.072009073781,0.0891874257878
0.0484939348147,0.0953688990411,0.450883019982,0.405254146163
0.42856111641,0.24132129247,0.309605413086,0.0205121780341
0.390205974699,0.0954917591215,0.386307629639,0.127994636541
0.216173965335,0.110497385604,0.274520060224,0.398808588837
0.377551858048,0.0479169347469,0.160874579029,0.413656628176
0.164829923,0.479739993343,0.248787864127,0.10664221953
0.162569038032,0.363944723244,0.15872393717,0.314762301554
0.226176765599,0.225049318076,0.184717672672,0.364056243652
0.138204998039,0.0766149510015,0.160309055887,0.624870995072
0.348902954497,0.147368446512,0.262522016944,0.241206582047
0.381384065255,0.0231580225225,0.297250907963,0.29820700426
0.291698762836,0.21165818695,0.206536574945,0.290106475269
0.0115900312325,0.572829653155,0.00688801152298,0.408692304089
0.134107704723,0.20590245555,0.336691909663,0.323297930064
0.404208648052,0.39599767459,0.0647997382045,0.134993939154
0.325174175831,0.226155701897,0.170938075302,0.27773204697
0.272405609794,0.377820154358,0.16090282758,0.188871408267
0.138782904855,0.344193189173,0.371745138833,0.145278767139
0.466274773328,0.269573888515,0.241470739027,0.0226805991299
0.398339869175,0.0684428204534,0.266978301249,0.266239009123
0.115039166957,0.316502391615,0.202935897433,0.365522543996
0.258352129936,0.316859168949,0.153302485265,0.271486215849
0.140937971364,0.19061746859,0.27604498691,0.392399573136
0.353470183366,0.0915659443258,0.208243841161,0.346720031147
0.395880638556,0.1714987393,0.413905755708,0.0187148664356
0.3103085084,0.102274254926,0.0744471747445,0.51297006193
0.250365104357,0.436830115238,0.153185356588,0.159619423816
0.348437312554,0.248681916886,0.221065387508,0.181815383053
0.263852638191,0.290328503325,0.397448747054,0.0483701114303
0.0350272511925,0.130811912151,0.47025891424,0.363901922416
0.374520059755,0.0157302111991,0.289607219045,0.320142510001
0.108422353827,0.265458373482,0.229105433938,0.397013838753
0.193472771939,0.25227368795,0.193197174796,0.361056365315
0.300398089763,0.236859340644,0.232851486377,0.229891083216
0.0287926771605,0.0435168400146,0.629112302742,0.298578180083
0.379632040639,0.136124468545,0.365759734688,0.118483756128
0.128426444296,0.104375381893,0.528624836529,0.238573337282
0.428642365464,0.174921624471,0.291130377354,0.105305632711
0.369741156284,0.265551881183,0.290913504194,0.0737934583393
0.221598132576,0.0974826459049,0.365622057994,0.315297163525
0.340780194176,0.46201537408,0.0608756068655,0.136328824879
0.343689032123,0.239874288047,0.325869854362,0.0905668254686
0.371725020468,0.183841542852,0.172212927721,0.272220508958
0.0467428177298,0.33360337923,0.221585100049,0.398068702991
0.322179752714,0.513672542393,0.0363309724438,0.127816732449
0.0432883969526,0.176574662663,0.618270915248,0.161866025136
0.284139956788,0.360132483156,0.0290628009787,0.326664759077
0.358892180039,0.0638591308054,0.398445284748,0.178803404407
0.365187747603,0.382984262678,0.251754671077,7.33186417965e-05
0.136939352923,0.361285328645,0.442672266261,0.0591030521703
0.242849079407,0.324044829411,0.251597750764,0.181508340417
0.282979423128,0.436132082983,0.0536350981171,0.227253395771
0.0942428793817,0.438037326208,0.167009823943,0.300709970467
0.0841173110588,0.400161038468,0.119835520748,0.395886129725
0.306948589734,0.131741668177,0.236138661101,0.325171080989
0.318902920496,0.0433416175643,0.344646732451,0.29310872949
0.717965487952,0.136373498629,0.0391397935852,0.106521219834
0.310117700366,0.375125278928,0.167028318531,0.147728702175
0.414389844451,0.13033158767,0.282517368925,0.172761198953
0.0460228286446,0.291586443091,0.268495787745,0.39389494052
0.167914604697,0.24522558078,0.151279589573,0.435580224949
0.278641745989,0.0681936186898,0.296060102597,0.357104532724
0.340556080138,0.266313176229,0.135396248228,0.257734495405
0.335703365605,0.1911636797,0.151956500124,0.321176454571
0.115162216627,0.278886722928,0.274009424089,0.331941636357
0.108796300626,0.315103207165,0.192146918152,0.383953574058
0.245093078956,0.201443701682,0.253692159311,0.299771060051
0.085553449963,0.266306356713,0.294578067722,0.353562125602
0.547995856729,0.00379591868826,0.159979455306,0.288228769277
0.134038685093,0.0869644136831,0.676825334386,0.102171566838
0.196021772748,0.403951227994,0.302437631194,0.097589368065
0.466469374949,0.224980374986,0.178291413495,0.130258836569
0.147890180657,0.462392890911,0.187004357088,0.202712571344
0.37584926663,0.0124017123613,0.262118745919,0.349630275089
0.167266195107,0.23946522349,0.355777988371,0.237490593032
0.00884220582415,0.361320034248,0.158592008482,0.471245751446
0.204319784601,0.122515147484,0.385422570437,0.287742497479
0.391282242222,0.0736052248839,0.4377416505,0.0973708823941
0.352567742795,0.247266954484,0.302385760773,0.097779541948
0.106661370364,0.421560378947,0.147004646822,0.324773603867
0.201947646041,0.222429826762,0.230360622516,0.345261904682
0.143596352806,0.287673247115,0.0991223242523,0.469608075827
0.221374108526,0.322119451934,0.0437389914555,0.412767448084