0.369885107908,0.143677962151,0.0724082206716,0.414028709269
0.0863692444814,0.316528314315,0.334768381156,0.262334060047
0.541567893541,0.133731439141,0.0178846014352,0.306816065883
0.267200650756,0.169293163239,0.485161658588,0.0783445274177
0.2881571036,0.183734454014,0.0650924528752,0.463015989511
0.279354653753,0.0492572475,0.339422740337,0.33196535841
0.369086780126,0.428362219189,0.0794218037147,0.12312919697
0.319764738868,0.174674361077,0.282617589833,0.222943310222
0.204094258434,0.17934037438,0.340313787561,0.276251579625
0.299154406627,0.122476529003,0.443147973153,0.135221091218
0.48478791605,0.117270902519,0.147108045368,0.250833136062
0.310483755458,0.245280249641,0.0733581416107,0.37087785329
0.345131831147,0.111550471308,0.256808210763,0.286509486783
0.2997725591,0.254286503666,0.246798302218,0.199142635016
0.152836235913,0.354163872443,0.203736366692,0.289263524952
0.210923533218,0.252116569532,0.23828470149,0.298675195759
0.410850686372,0.190438419355,0.35960729446,0.0391035998126
0.0409158923997,0.283259816239,0.220196668619,0.455627622742
0.270156991386,0.439498587043,0.206455712643,0.0838887089283
0.195091734715,0.242445177604,0.277007337897,0.285455749784
0.280828975027,0.224331631283,0.3898824137,0.10495697999
0.60900607438,0.0497646446253,0.18434330484,0.156885976154
0.24523958172,0.293290713164,0.418101897396,0.0433678077199
0.390056704238,0.104455732636,0.146133113197,0.359354449929
0.278753989201,0.643007073327,0.00644192831961,0.0717970091529
0.154573475644,0.0567773219067,0.354357488846,0.434291713603
0.338954323391,0.329785301497,0.182149162588,0.149111212525
0.338525838144,0.0339802505118,0.54844746791,0.0790464434334
0.486855080571,0.129849729141,0.327992883336,0.0553023069527
0.337984981621,0.190673702996,0.227209992541,0.244131322841
0.257722050986,0.36407010918,0.166494294064,0.211713545769
0.457250358182,0.0274590686787,0.143657188594,0.371633384546
0.182038518718,0.167648362733,0.303293243835,0.347019874714
0.127159869304,0.458053875847,0.298922587377,0.115863667473
0.136150472403,0.520628740621,0.0774342122784,0.265786574698
0.370956807122,0.0476393712347,0.549998941549,0.0314048800943
0.200703807147,0.249470500952,0.385210865527,0.164614826374
0.0228037041837,0.403246621256,0.279298188854,0.294651485706
0.458112205221,0.035093208698,0.437376569876,0.0694180162052
0.279811741268,0.249842824878,0.224984159045,0.245361274808
0.155453352146,0.294924496681,0.52607653167,0.0235456195026
0.130480155155,0.510930458297,0.0962655935271,0.262323793021
0.0871257799457,0.361421046238,0.385132115838,0.166321057978
0.207043402876,0.381094093794,0.130862988023,0.280999515307
0.264167719776,0.0178492290084,0.339357141617,0.378625909599
0.0118306631906,0.0478559078855,0.403174204825,0.537139224099
0.294171442298,0.242562255157,0.141036156874,0.322230145671
0.374647621318,0.257075838859,0.112186683877,0.256089855946
0.598092133073,0.0600470728808,0.219586437553,0.122274356493
0.163712405205,0.14082320826,0.403746879705,0.29171750683
0.507604188307,0.0929940823634,0.1070713404,0.29233038893
0.13557359091,0.153076655124,0.361612249569,0.349737504397
0.331942119739,0.237971097291,0.0912750459014,0.338811737068
0.045095601848,0.482161856485,0.311116328575,0.161626213092
0.146347698753,0.227618975899,0.126972844222,0.499060481126
0.227895831434,0.691941556284,0.0312942641247,0.0488683481568
0.339452009859,0.568243470838,0.0505296253958,0.041774893907
0.367193443387,0.240816254324,0.162409409732,0.229580892557
0.00438926624694,0.286800726114,0.601212491952,0.107597515687
0.193795561275,0.198615753768,0.374786016447,0.232802668509
0.31655693772,0.0627185567765,0.118041220186,0.502683285317
0.156580571681,0.0655957854606,0.538303246619,0.239520396239
0.344539599299,0.312631053645,0.000104742695887,0.34272460436
0.3544780998,0.262869604203,0.377994949674,0.00465734632398
0.412057554661,0.151709609371,0.182635520313,0.253597315656
0.546540194408,0.00798696639845,0.0901133493417,0.355359489852
0.191199455781,0.0811913274628,0.390553807388,0.337055409368
0.267996526097,0.0237622072644,0.456751843434,0.251489423204
0.231592021997,0.128891269947,0.331436126879,0.308080581177
0.406760357179,0.0495213078123,0.113216840625,0.430501494384
0.503138008108,0.190424762232,0.262759299076,0.0436779305837
0.554934962485,0.117690019196,0.310908784644,0.0164662336756
0.329744452433,0.297204065433,0.00252723711885,0.370524245015
0.0130107509128,0.288403991432,0.331471784628,0.367113473026
0.323697384424,0.11491132858,0.261949426835,0.299441860161
0.248639163846,0.685982576258,0.0202075114989,0.045170748397
0.372665266081,0.506187219611,0.0609195874442,0.0602279268636
0.243002562344,0.269561256337,0.176785197244,0.310650984075
0.0513622341492,0.416840358121,0.0881781208955,0.443619286835
0.440585343853,0.38783203945,0.0180758400966,0.153506776601
0.34193618177,0.277518215143,0.226392541526,0.154153061562
0.0528194277553,0.391291841145,0.273235956648,0.282652774452
0.15115957323,0.0325199232096,0.317531475724,0.498789027836
0.240627684374,0.135649652556,0.284821936733,0.338900726337
0.0148493158305,0.159991068345,0.300915910778,0.524243705046
0.305081852661,0.212185434477,0.264508763248,0.218223949614
0.243205913053,0.464285442068,0.156918127957,0.135590516923
0.138075773193,0.26372210006,0.380793006005,0.217409120742
0.306359672497,0.244877961953,0.0327945075627,0.415967857987
0.467116767235,0.000855797306429,0.00324915737277,0.528778278086
0.420179941307,0.324367223456,0.139898621891,0.115554213345
0.327339807498,0.20445566742,0.199204094971,0.26900043011
0.455049831433,0.398101653556,0.030962000572,0.115886514439
0.438937599528,0.237806354921,0.221836694634,0.101419350917
0.2950597636,0.284922525766,0.0904476181261,0.329570092508
0.0816098867785,0.153924738912,0.352727087489,0.41173828682
0.258226299249,0.294380620822,0.336001348135,0.111391731795
0.073488678849,0.494767658333,0.0374917565786,0.39425190624
0.322530704697,0.28925193838,0.137205747686,0.251011609238
0.398377808423,0.0798090142518,0.452470389202,0.0693427881235
0.369651982089,0.242991876279,0.0756928653192,0.311663276312
0.224406260867,0.486063614644,0.180446418053,0.109083706436
0.195649323627,0.460352488148,0.240882628645,0.10311555958
0.0819880821408,0.200774699421,0.331321095167,0.385916123271
0.265690574131,0.234821726047,0.215742789164,0.283744910658
0.403796398979,0.231758129299,0.176923969828,0.187521501894
0.0480168492075,0.473697167434,0.239213549187,0.239072434171
0.320564577198,0.22502209094,0.258040298563,0.196373033299
0.618568638407,0.233497977773,0.0405992751472,0.107334108672
0.0366380148258,0.358324031294,0.218252003779,0.386785950101
0.0966150183953,0.390391541846,0.0464159638315,0.466577475927
0.238037339492,0.155642821157,0.264682986073,0.341636853279
0.256742672411,0.309243374496,0.169907447423,0.26410650567
0.244980028988,0.127393928504,0.280891136996,0.346734905512
0.411377485449,0.225179279189,0.0736123004073,0.289830934955
0.275590600482,0.285904238805,0.244401345681,0.194103815032
0.0228341368083,0.483275597805,0.16326597181,0.330624293577
0.274660205909,0.144021074109,0.268604164131,0.31271455585
0.265974115639,0.00237545042032,0.251839887952,0.479810545988
0.116103054341,0.327929476073,0.313070574133,0.242896895453
0.289384106817,0.206450912748,0.308235623414,0.195929357021
0.115739570364,0.321049635686,0.405614127784,0.157596666166
0.286509841632,0.28532536798,0.0632147112489,0.364950079139
0.0870062279258,0.202343393758,0.176278763743,0.534371614572
0.225863992078,0.276944164276,0.211940746555,0.285251097092
0.46318140282,0.162401141115,0.177246901471,0.197170554594
0.261719782183,0.297193714609,0.206931039821,0.234155463387
0.0986923680196,0.103254904172,0.545201925559,0.25285080225
0.315483138932,0.200283242375,0.412845999668,0.0713876190258
0.254838934428,0.347218305244,0.35261928902,0.0453234713081
0.425719452152,0.216121344794,0.112195879756,0.245963323299
0.338370514565,0.232778706239,0.313092109882,0.115758669314
0.136197376893,0.195876443461,0.346991929438,0.320934250208
0.313155381249,0.55015239465,0.00895261478202,0.127739609319
0.0354013835404,0.0297929349113,0.518233762692,0.416571918856
0.11659417377,0.253652726496,0.33629208322,0.293461016514
0.251668532648,0.335828521935,0.227038488775,0.185464456643
0.148908303691,0.14915021389,0.0841808318007,0.617760650618
0.256017241323,0.0090731906281,0.320922319531,0.413987248518
0.150974504212,0.0169641297382,0.415177344204,0.416884021846
0.258276919981,0.168906104651,0.259182037601,0.313634937767
0.371459048771,0.262578496953,0.23448104962,0.131481404656
0.110606699452,0.519332450952,0.174287940533,0.195772909062
0.133443014079,0.44749320589,0.163205731817,0.255858048214
0.403857028315,0.317667429865,0.257148161163,0.0213273806568
0.132787758473,0.118780718618,0.254585497235,0.493846025674
0.340640872841,0.14133859938,0.362076094199,0.15594443358
0.317252614968,0.231696208176,0.340264391993,0.110786784863
0.263376856584,0.266002462242,0.282947385266,0.187673295908
0.249463533171,0.202688735597,0.186201841154,0.361645890077
0.105493953373,0.351899761843,0.0952560253207,0.447350259464
0.167539469523,0.55099999556,0.216438609191,0.0650219257261
0.771616323828,0.104261343615,0.0801111446694,0.0440111878882
0.401624673916,0.115707645228,0.352386450782,0.130281230074
0.304962131554,0.449600441385,0.0286317990855,0.216805627975
0.276010786455,0.289087352723,0.402304500469,0.0325973603534
0.101840971355,0.126713053971,0.298322181621,0.473123793053
0.342503094269,0.355821458167,0.257868462101,0.0438069854623
0.254417696967,0.12467858721,0.226803432818,0.394100283005
0.369802376555,0.411477647135,0.083082023089,0.135637953221
0.314366706212,0.279017625412,0.0892392649003,0.317376403476
0.28185191478,0.403664857114,0.187053130359,0.127430097746
0.205977474248,0.012938521596,0.327865841348,0.453218162808
0.250754164284,0.431463843703,0.301034424658,0.0167475673559
0.259704519064,0.338968238803,0.140871083075,0.260456159057
0.136887395373,0.28497998978,0.365067907202,0.213064707645
0.282775548376,0.199506514561,0.255924922509,0.261793014554
0.000236061977072,0.434370087518,0.345829939772,0.219563910732
0.420450473464,0.0657154545599,0.479076568468,0.0347575035083
0.416512775107,0.0906198295078,0.385141859508,0.107725535877
0.131946891726,0.393253588326,0.445871531096,0.0289279888522
0.287120388966,0.219497059749,0.218319436143,0.275063115142
0.29799100563,0.336386758887,0.230312605121,0.135309630362
0.0626840194509,0.245571294201,0.0404031872334,0.651341499115
0.0765065720438,0.308809707597,0.518966905523,0.0957168148362
0.327503012,0.0246080086153,0.473629608158,0.174259371227
0.173470900696,0.307570531736,0.168461359417,0.350497208151
0.325151070381,0.361807541738,0.0149176597833,0.298123728098
0.260693950208,0.101918182659,0.373556609431,0.263831257701
0.331911660125,0.121889370317,0.270900358169,0.275298611389
0.179327033581,0.489257952714,0.225237372957,0.106177640748
0.302699447924,0.286939291322,0.150563626893,0.259797633861
0.113160055768,0.268210385671,0.311998501863,0.306631056698
0.104195012742,0.322006891298,0.271813570832,0.301984525127
0.355004050327,0.135286386597,0.365995289154,0.143714273922
0.350487957713,0.201609321669,0.0208895988944,0.427013121723
0.309103742511,0.1685515909,0.240882334748,0.281462331841
0.428870459544,0.0800596274629,0.00586039301335,0.48520951998
0.364825634028,0.528487263771,0.0389316942788,0.0677554079219
0.323221041735,0.235075404327,0.193843771475,0.247859782462
0.165343942338,0.206006923026,0.359748865169,0.268900269467
0.0215133534571,0.267089891972,0.505015732403,0.206381022168
0.198710560679,0.470446735066,0.0454112469873,0.285431457268
0.398145838359,0.24874005301,0.106090236381,0.24702387225
0.0879146779363,0.266264763848,0.332286654299,0.313533903917
0.189383076592,0.301580322858,0.160012164779,0.349024435771
0.316119483634,0.209003108681,0.24045938009,0.234418027595
0.0416072764079,0.159550062459,0.258624387182,0.540218273951
0.406056450268,0.00838546749827,0.408974399597,0.176583682637
0.284757372103,0.404421909211,0.0517661091606,0.259054609526