0.206198848856,0.201961077399,0.375470641192,0.216369432553
0.151714481549,0.491334686367,0.0489165001108,0.308034331974
0.0882723914464,0.288883601869,0.311818204461,0.311025802223
0.241473876724,0.330355056811,0.320595429558,0.107575636907
0.166556797506,0.642084304549,0.187964409918,0.0033944880266
0.134296407786,0.323377547804,0.199366667218,0.342959377191
0.198523278696,0.133508992513,0.25567261399,0.4122951148
0.244565701661,0.0361705452184,0.316531087297,0.402732665824
0.322154300763,0.296774678227,0.198754493549,0.182316527461
0.291098604532,0.249838385525,0.238861806597,0.220201203346
0.252058314824,0.280639105982,0.0328474828203,0.434455096373
0.347277673921,0.18957331726,0.383213785641,0.0799352231777
0.397584158883,0.167388376258,0.0815542219532,0.353473242906
0.142681316507,0.530332289561,0.297391343806,0.0295950501265
0.0871844685276,0.155295939671,0.301940391297,0.455579200504
0.188536939409,0.157294548979,0.311466377603,0.342702134009
0.105162701968,0.820201379597,0.0635259230976,0.0111099953378
0.186015455712,0.265777023172,0.194479600624,0.353727920492
0.314375412155,0.270274389641,0.203967928541,0.211382269663
0.210686566406,0.0674845882696,0.201110137326,0.520718707998
0.299327259062,0.199203473968,0.268519194111,0.232950072859
0.205352982628,0.540489302744,0.207569501718,0.0465882129101
0.191906824009,0.493943138261,0.314072559671,7.74780594831e-05
0.351653985785,0.0598714397478,0.211031930228,0.377442644239
0.137287636919,0.198289016305,0.567324898395,0.0970984483815
0.106027953287,0.448536836365,0.255743794489,0.18969141586
0.218987121796,0.179760162051,0.265733117381,0.335519598772
0.43270206307,0.193219068227,0.364904560344,0.00917430835861
0.11519489406,0.103542770739,0.195645665597,0.585616669603
0.263551213439,0.368734235401,0.352216061404,0.015498489756
0.0505545781591,0.428868724899,0.435621038213,0.0849556587295
0.098637122815,0.484160251526,0.112494740439,0.30470788522
0.192581857705,0.369790859644,0.0610518400718,0.376575442579
0.311499707015,0.33028106721,0.225995875483,0.132223350292
0.103497763382,0.00560127306069,0.229992562915,0.660908400643
0.209128568015,0.461880571343,0.216160057778,0.112830802864
0.292481537961,0.174141945721,0.162212215734,0.371164300584
0.00821621289089,0.318627531992,0.321675046077,0.351481209041
0.220267957102,0.482655490903,0.181632170672,0.115444381323
0.179690601122,0.0767150757892,0.730240664043,0.0133536590454
0.130533049346,0.247173030022,0.335405943549,0.286887977083
0.632531722955,0.172289683177,0.0606189029565,0.134559690912
0.346773968559,0.21375623245,0.13232092689,0.307148872101
0.273006740737,0.23551941168,0.338727565545,0.152746282038
0.142913125583,0.374488877677,0.258175610946,0.224422385794
0.173563794087,0.0790582451936,0.155833967649,0.591543993071
0.309609597233,0.146196841093,0.244697718485,0.299495843189
0.238522251601,0.142499051512,0.496808168119,0.122170528768
0.31260992039,0.398459763854,0.181489968207,0.107440347549
0.24562645245,0.292122970138,0.318327261739,0.143923315673
0.124720450774,0.231359529806,0.336671910315,0.307248109104
0.292193236165,0.459451060778,0.199096459097,0.0492592439596
0.288899390357,0.140795724311,0.256995723294,0.313309162037
0.334373028418,0.165547502106,0.0452394413828,0.454840028093
0.484605499694,0.0273657785201,0.350324460411,0.137704261374
0.337076129557,0.088893955755,0.0179300464614,0.556099868226
0.189764914378,0.112716121969,0.00308942009434,0.694429543559
0.585334761518,0.00147783024479,0.17653456712,0.236652841116
0.268577554749,0.404013025974,0.263583306846,0.0638261124301
0.247644158363,0.301731791735,0.348638239597,0.101985810305
0.342861518203,0.256287708831,0.0824830565571,0.31836771641
0.326412304153,0.256028763471,0.175692346122,0.241866586254
0.0289174723379,0.370449697661,0.353781234381,0.246851595619
0.15206145227,0.11493779423,0.555540977664,0.177459775836
0.195226251091,0.0693420611238,0.117087323254,0.618344364531
0.0597711438022,0.406279411159,0.0673348071957,0.466614637843
0.17146937554,0.309915303446,0.328171059436,0.190444261578
0.0461452153916,0.333593186116,0.145054992005,0.475206606487
0.308222369326,0.237783844468,0.0912200608102,0.362773725396
0.14821190104,0.341081114788,0.24301321164,0.267693772531
0.392506524957,0.479192394078,0.0194217473908,0.108879333575
0.270578371737,0.0104457500214,0.4044612163,0.314514661941
0.267326883382,0.458353916287,0.091564713032,0.182754487299
0.314211922419,0.189894459557,0.143472266742,0.352421351282
0.233544578629,0.276934236442,0.223567030798,0.265954154131
0.254334549264,0.118930088303,0.204571792236,0.422163570197
0.219998750817,0.277889069038,0.326265161212,0.175847018933
0.423096372311,0.251672338452,0.205040446095,0.120190843142
0.354549125633,0.289592658342,0.173585275006,0.182272941018
0.280126926525,0.191413855954,0.327157777093,0.201301440428
0.1169776667,0.318727373179,0.248960381547,0.315334578574
0.147803040306,0.275326239399,0.297089266328,0.279781453967
0.53223706653,0.0453747229262,0.159398568056,0.262989642488
0.162883389708,0.190853093738,0.348578965572,0.297684550981
0.712903199318,0.0146935384825,0.187641264059,0.0847619981406
0.00484009179564,0.361409175399,0.415649471333,0.218101261472
0.149834591496,0.0920272469362,0.425582689811,0.332555471757
0.474304506801,0.0596986210929,0.0820857428303,0.383911129275
0.0193910520502,0.223821991654,0.35675495797,0.400031998326
0.37513438948,0.109731069998,0.0690314819402,0.446103058582
0.519991879618,0.365291504669,0.0856974367274,0.0290191789853
0.249763551166,0.0861274936773,0.614093290358,0.0500156647995
0.23434310389,0.0708139285658,0.262415909065,0.432427058479
0.219587469317,0.490839700559,0.189392678841,0.100180151283
0.234645086108,0.194260694348,0.199799071692,0.371295147852
0.154734274477,0.278277459816,0.269432357063,0.297555908644
0.834916239465,0.0306034428475,0.0836002582683,0.0508800594193
0.265272615018,0.362751491031,0.144078363907,0.227897530045
0.0980378971914,0.221087666311,0.308871788163,0.372002648335
0.0532941521573,0.381673111863,0.365575169757,0.199457566222
0.114482733034,0.403159764503,0.282968108129,0.199389394334
0.437971449906,0.0891909380373,0.0726742519862,0.40016336007
0.245187104155,0.187085119404,0.269105112679,0.298622663762
0.0195921237035,0.319347421995,0.322279503475,0.338780950827
0.249288278548,0.312185777848,0.399044963954,0.0394809796503
0.460697345233,0.288532210126,0.0107823905344,0.239988054107
0.341139317583,0.00745269462215,0.0546206340243,0.59678735377
0.346916271244,0.326139266794,0.194528079747,0.132416382215
0.255253057769,0.39121138061,0.261448512189,0.0920870494329
0.240747444422,0.374510572528,0.0853720069387,0.299369976112
0.185200023193,0.355529499561,0.317812605609,0.141457871637
0.344444358613,0.34136229608,0.159898525911,0.154294819397
0.360610122873,0.219426375252,0.106300838923,0.313662662952
0.297234177243,0.236450922901,0.323338633316,0.14297626654
0.327317918519,0.36459071166,0.27435259596,0.0337387738612
0.204893140319,0.227708258396,0.305413837437,0.261984763848
0.172545081914,0.308978337248,0.123206531166,0.395270049671
0.161951837296,0.126942376187,0.376971341658,0.334134444859
0.478239085754,0.195567111366,0.280380588556,0.0458132143241
0.177334677284,0.479071188244,0.0519240156655,0.291670118807
0.14346369819,0.382037932564,0.19767897147,0.276819397776
0.0498514984389,0.227056123747,0.201254167783,0.521838210031
0.238084420859,0.462274709149,0.140925821065,0.158715048927
0.238959664616,0.230269676228,0.282031197233,0.248739461923
0.213802955807,0.184627244978,0.374066404579,0.227503394636
0.442470214895,0.39844580062,0.0949790933156,0.0641048911693
0.364217902244,0.359262640898,0.00440060308966,0.272118853768
0.461170727051,0.00361217092624,0.489807299071,0.0454098029517
0.269959566931,0.327708970445,0.133745061919,0.268586400705
0.148461347346,0.207382390976,0.343190481017,0.300965780661
0.255670875712,0.37424339577,0.159187802995,0.210897925523
0.428718279874,0.320412097955,0.175918755906,0.0749508662644
0.365724280298,0.196403932953,0.428484042637,0.00938774411118
0.191719027285,0.228032026329,0.397157564667,0.183091381719
0.390439639342,0.272864693753,0.0314608343603,0.305234832544
0.406094456889,0.0166896911268,0.409916767139,0.167299084845
0.240663080742,0.361708718946,0.391712810941,0.00591538937032
0.349257967968,0.30966327251,0.0469161860527,0.29416257347
0.0965185404296,0.246488259747,0.463557155573,0.193436044251
0.137517999265,0.259853261809,0.30921235502,0.293416383906
0.346387103311,0.176944504522,0.406872188693,0.0697962034738
0.132747278037,0.0904427538687,0.149716467939,0.627093500154
0.296939886737,0.0719787906872,0.351721247746,0.27936007483
0.235877357077,0.126840312102,0.317268315883,0.320014014938
0.3021597861,0.196806405606,0.15717023285,0.343863575444
0.328963500929,0.0460788357016,0.452612437119,0.17234522625
0.342343580533,0.367967081765,0.0443248316071,0.245364506095
0.275066377904,0.3111500587,0.262501147673,0.151282415723
0.357384508129,0.481782736089,0.14986086551,0.0109718902715
0.271201816648,0.221574503953,0.276477630135,0.230746049263
0.379178564729,0.16210534641,0.375825560914,0.0828905279464
0.241997265205,0.369425475573,0.194959803477,0.193617455745
0.268447182879,0.149796671651,0.266518349346,0.315237796124
0.171157517205,0.214599933612,0.266966995439,0.347275553744
0.348251558509,0.29925468722,0.350255281683,0.00223847258731
0.159339356823,0.270238170211,0.499716796786,0.0707056761797
0.257503446201,0.312806122659,0.284423417521,0.145267013619
0.172064291287,0.268394035145,0.24606631836,0.313475355208
0.179309869465,0.0864104407613,0.342644808549,0.391634881225
0.239702170984,0.411190449988,0.0474517465635,0.301655632465
0.355266170383,0.15389900074,0.409134395622,0.081700433256
0.00733857526016,0.428666272193,0.250421969852,0.313573182695
0.503569646607,0.309293598674,0.0329331340951,0.154203620624
0.303852474952,0.163146444114,0.215840677369,0.317160403565
0.253047365879,0.238375342505,0.28594862938,0.222628662236
0.167560563167,0.147440850325,0.507970737799,0.177027848709
0.192327830489,0.249013492459,0.431691410924,0.126967266128
0.339752643399,0.102653264402,0.172286742097,0.385307350102
0.380514942252,0.139186726025,0.245172590404,0.235125741319
0.301579621871,0.307074656499,0.0537229646322,0.337622756998
0.430451550373,0.196211028953,0.0754049609595,0.297932459715
0.0968280325855,0.0742615006781,0.2164747614,0.612435705337
0.426112898004,0.218267517169,0.145915282909,0.209704301918
0.488184407586,0.0235915559533,0.0785101511,0.409713885361
0.459849600921,0.00539404921379,0.351699219206,0.183057130659
0.455128319357,0.392181046816,0.0978873745543,0.0548032592722
0.323043154467,0.105143293176,0.319313861936,0.252499690421
0.0816252736722,0.241452089616,0.585721061808,0.091201574904
0.17007527296,0.309012114719,0.211361444353,0.309551167968
0.323132469679,0.138800514194,0.346880447589,0.191186568538
0.0557685284347,0.516454392143,0.120229114178,0.307547965245
0.425287739078,0.288907350368,0.0173045753969,0.268500335158
0.101908795116,0.375839545077,0.179489422955,0.342762236853
0.0390653719624,0.409690200159,0.27567926168,0.275565166199
0.00985243412572,0.85994715838,0.0693516041165,0.0608488033781
0.371890786387,0.115947522743,0.273249360509,0.23891233036
0.0839680986917,0.382732429351,0.398240436927,0.135059035031
0.0146127441512,0.298736757828,0.397623441552,0.289027056468
0.289718654527,0.303293830955,0.0378948692411,0.369092645277
0.0225778415895,0.263407227587,0.294274603692,0.419740327131
0.256718484759,0.099746371461,0.117768170277,0.525766973503
0.114675715718,0.423503239818,0.274747924098,0.187073120366
0.146371769809,0.0890893096194,0.520941227253,0.243597693319
0.267771903791,0.0961946917744,0.262734324655,0.373299079779
0.0533996363215,0.255317592801,0.344545046863,0.346737724015
0.234011975848,0.0607710247122,0.248566200725,0.456650798714
0.195716356178,0.408705201045,0.261152678573,0.134425764204
0.259649829847,0.390843930608,0.194510887784,0.154995351761
0.0664225332478,0.387836555207,0.212037906989,0.333703004556
0.474838422466,0.0696858585914,0.334468454626,0.121007264316