0.287634040754,0.235333531405,0.248015699564,0.229016728277
0.294875497571,0.101240418024,0.200597425174,0.403286659231
0.222558420203,0.238868519565,0.233761633702,0.304811426529
0.0955511571558,0.467395978819,0.412143582198,0.0249092818272
0.259967550981,0.385348113204,0.05316262687,0.301521708945
0.324612153265,0.382915925139,0.0168684595473,0.275603462049
0.273762632124,0.52728070548,0.0972016298811,0.101755032515
0.28119505881,0.594541094634,0.0340526480299,0.0902111985261
0.344269342866,0.10009827205,0.169990201247,0.385642183837
0.0859515340945,0.65945555147,0.0259970706019,0.228595843833
0.232289898383,0.0472744343095,0.464345427459,0.256090239848
0.118826257292,0.127906559242,0.498162196187,0.255104987279
0.354658237482,0.105407081078,0.15383770243,0.38609697901
0.288049958449,0.171611007241,0.406856787076,0.133482247234
0.437076747867,0.182717659148,0.122750669318,0.257454923666
0.164354103689,0.206030953935,0.214087267176,0.4155276752
0.155450841627,0.46430645986,0.374176616215,0.0060660822982
0.165818547222,0.267501230591,0.236164952047,0.33051527014
0.285949899126,0.329935794955,0.302494534162,0.0816197717561
0.147739680372,0.395534905328,0.371702927161,0.0850224871392
0.0825704997931,0.325712808391,0.458092909068,0.133623782748
0.389300822316,0.334953920945,0.218255708711,0.0574895480279
0.321161908707,0.325059519135,0.240817471015,0.112961101144
0.265950804688,0.269273294794,0.219072934203,0.245702966316
0.206213078575,0.0333862000554,0.641049010321,0.119351711049
0.138252915293,0.300469925222,0.211492010571,0.349785148915
0.232558418273,0.436334287281,0.102486613237,0.228620681208
0.232158082328,0.247230332247,0.238884434346,0.281727151079
0.332368147135,0.0908402379323,0.263334385836,0.313457229097
0.256524513584,0.470206128424,0.267271567365,0.00599779062699
0.189949391739,0.215380892998,0.409381858205,0.185287857058
0.286027829827,0.168532584946,0.281011224743,0.264428360484
0.182490208794,0.235073922146,0.280988706989,0.30144716207
0.344605430173,0.360254998529,0.271263260853,0.023876310445
0.278049347144,0.197186021363,0.280675309232,0.244089322261
0.260352404429,0.0192520744497,0.288535481149,0.431860039972
0.323914818904,0.31931219029,0.0334544266738,0.323318564132
0.223741263653,0.259136404514,0.380006828864,0.137115502968
0.197629109404,0.246740351007,0.173257884218,0.382372655372
0.107943988896,0.413479241926,0.142942542211,0.335634226968
0.24887266997,0.0674383088866,0.184481831379,0.499207189765
0.342551836197,0.128464663778,0.272081382183,0.256902117841
0.594222315642,0.0484083087324,0.0260688631955,0.33130051243
0.502951364863,0.209408423383,0.253258117533,0.0343820942208
0.310429159196,0.411189090957,0.159958813745,0.118422936101
0.221098511753,0.154918040213,0.418194212788,0.205789235246
0.0474483376439,0.317290651847,0.316755621269,0.31850538924
0.189313449905,0.225586355923,0.241891734672,0.3432084595
0.495896988666,0.177566133714,0.135935178086,0.190601699534
0.20411113996,0.0953086067559,0.382545202788,0.318035050496
0.241909976153,0.380674328782,0.284337228433,0.0930784666324
0.237203628913,0.388837403487,0.278046442324,0.0959125252761
0.0957402713401,0.366049103211,0.0439665169574,0.494244108491
0.195658815274,0.339401650948,0.262244832158,0.202694701621
0.241581359938,0.28625581463,0.16795901208,0.304203813351
0.314163649129,0.369420719945,0.257934680401,0.0584809505247
0.110845182602,0.326803480808,0.175044555398,0.387306781192
0.181496611639,0.479700331411,0.0175723812006,0.32123067575
0.135762089479,0.152315349592,0.550951823439,0.16097073749
0.596115940206,0.15892274124,0.166738378288,0.0782229402665
0.088322370005,0.10262545182,0.398285066439,0.410767111736
0.266547907457,0.0507062795625,0.26269290093,0.420052912051
0.0716598248969,0.391144584643,0.258711477416,0.278484113044
0.334974858212,0.0864900566692,0.270207323248,0.308327761871
0.0818824271046,0.35690334462,0.0146272134271,0.546587014848
0.136688310092,0.375587730398,0.326160825546,0.161563133964
0.266590877477,0.21005940891,0.08405156007,0.439298153544
0.226249901736,0.117695693513,0.337343060723,0.318711344029
0.285911711455,0.187447139263,0.275501071663,0.251140077619
0.364866730419,0.188705758305,0.142689085125,0.303738426151
0.0331215980443,0.337122400003,0.497855664853,0.1319003371
0.185460338623,0.259024353264,0.107300632015,0.448214676098
0.239107117627,0.0345605310835,0.362182690023,0.364149661266
0.245869514224,0.17119734389,0.106699844283,0.476233297602
0.0753638360051,0.292978695986,0.238374969084,0.393282498925
0.299679365499,0.00540127549232,0.0381320489029,0.656787310105
0.0588771551304,0.239292609957,0.354714906507,0.347115328406
0.342480015491,0.285786272229,0.111394428258,0.260339284021
0.120340085784,0.389453191412,0.18468239058,0.305524332224
0.0487197965482,0.328568288062,0.292781597477,0.329930317912
0.103785658877,0.517360268462,0.00431300493999,0.374541067721
0.129137656398,0.237897919397,0.337631871962,0.295332552243
0.499100050636,0.268732834613,0.135421350089,0.0967457646623
0.277615056099,0.12168483825,0.318617499193,0.282082606458
0.471462153747,0.0223658135595,0.378752117084,0.127419915609
0.296275330233,0.0178501159061,0.350291328053,0.335583225808
0.464486460865,0.0949204993485,0.30885718324,0.131735856546
0.513388408842,0.114485948828,0.0414814375539,0.330644204776
0.320571604904,0.00950738286858,0.443355808561,0.226565203666
0.0316556866591,0.587849483445,0.0788278987316,0.301666931164
0.114024976821,0.369302111394,0.0675016750323,0.449171236753
0.353892756098,0.179460555808,0.165579099521,0.301067588573
0.0111011161635,0.254682436683,0.338667927291,0.395548519863
0.363314785879,0.215053913549,0.211003227004,0.210628073568
0.37225313616,0.260646037729,0.165000797727,0.202100028384
0.377049776405,0.219272110654,0.0254491707799,0.378228942161
0.511369485435,0.141264393645,0.232439465355,0.114926655565
0.137195360376,0.365003373723,0.421376146816,0.0764251190843
0.0540823821218,0.508565702855,0.00644592855107,0.430905986472
0.144314538501,0.204600490314,0.30749628366,0.343588687525
0.0741227459495,0.178996232956,0.00623925028642,0.740641770808
0.317005499278,0.537651415231,0.0118695010087,0.133473584483
0.0231647191384,0.264925853556,0.485768728466,0.22614069884
0.0607681170697,0.316745808453,0.270572518213,0.351913556265
0.19902262839,0.291610491745,0.121651847854,0.387715032011
0.0224316845322,0.213584635932,0.535684218463,0.228299461073
0.222898415787,0.0390395558749,0.373345816506,0.364716211832
0.488803569978,0.353137719623,0.106258850075,0.0517998603243
0.114035878578,0.229827663131,0.398924037463,0.257212420828
0.145918778479,0.0923713578036,0.347437556256,0.414272307461
0.580953330697,0.261393031795,0.083293978385,0.0743596591232
0.197136639682,0.182605677044,0.345887611166,0.274370072108
0.360952274708,0.222792379234,0.277245203754,0.139010142305
0.141683466957,0.0411034729586,0.358845925344,0.45836713474
0.328933208622,0.120543764731,0.256061760663,0.294461265985
0.0184567510357,0.274436641073,0.377209074119,0.329897533773
0.203923346052,0.314824012577,0.205740745866,0.275511895505
0.435170107985,0.00201689468917,0.161786647169,0.401026350157
0.309897274466,0.22842528169,0.336232087344,0.1254453565
0.408872936346,0.0179840111403,0.123284688571,0.449858363943
0.0451235328976,0.408339370644,0.114747013874,0.431790082585
0.184785984805,0.471906173215,0.0158843446864,0.327423497293
0.0537985433479,0.439675194208,0.269761882816,0.236764379629
0.777190413229,0.117229983236,0.052715138746,0.0528644647887
0.117993239829,0.145766270466,0.321862746223,0.414377743483
0.252436452548,0.331118113561,0.0999204656703,0.31652496822
0.310896861025,0.181067416655,0.0968149012771,0.411220821043
0.312807330395,0.526532516444,0.101744661659,0.0589154915012
0.37042892734,0.525229450799,0.0799058077095,0.0244358141515
0.380874756271,0.241105205568,0.256143892282,0.121876145879
0.165028881048,0.279232890558,0.284614730631,0.271123497763
0.447734335346,0.108654139035,0.299879793007,0.143731732613
0.276462542434,0.167907166709,0.39823592777,0.157394363087
0.291898306729,0.211601041991,0.244997630653,0.251503020627
0.168572507808,0.202332338609,0.0467453299398,0.582349823643
0.106296649299,0.711665633366,0.080597619431,0.101440097904
0.273641495397,0.197501867344,0.426372468579,0.10248416868
0.364488019591,0.240503197462,0.0642614306688,0.330747352278
0.00517743641615,0.148656256253,0.537245029694,0.308921277636
0.335779092472,0.0897872535305,0.335807554116,0.238626099882
0.160383439534,0.255315580096,0.346092684413,0.238208295958
0.162444608075,0.28149757746,0.362155295187,0.193902519278
0.409473379483,0.2014419025,0.100251536487,0.28883318153
0.347029327418,0.19196949262,0.13354707656,0.327454103402
0.240623510052,0.467346252238,0.17725158368,0.11477865403
0.149464539971,0.115459241891,0.344228747048,0.39084747109
0.0824058684641,0.252246911356,0.425699705802,0.239647514378
0.236504133649,0.192929354572,0.291426952543,0.279139559237
0.0174457111451,0.298052973039,0.310564910436,0.37393640538
0.485703099609,0.225100329894,0.111828045554,0.177368524943
0.0568789531264,0.362520683698,0.324118174885,0.256482188291
0.415945941087,0.0380938792972,0.48722277616,0.0587374034553
0.475348828377,0.0233156055768,0.456557130174,0.0447784358719
0.234945018813,0.35425422857,0.0406222257387,0.370178526879
0.309562753544,0.154204188155,0.276347706476,0.259885351825
0.115514481421,0.326550052554,0.225450374003,0.332485092023
0.196106532953,0.456125209308,0.286474521477,0.0612937362625
0.410767148162,0.0313293017228,0.32074201869,0.237161531425
0.543512528758,0.0399033417928,0.134165391102,0.282418738347
0.02943024275,0.413041104223,0.343335031439,0.214193621588
0.495801683438,0.0279399039229,0.260237379058,0.216021033581
0.132800914069,0.170619349945,0.480400404577,0.21617933141
0.257546996366,0.29567962847,0.379523978166,0.0672493969976
0.225559374017,0.145605445867,0.549654187494,0.0791809926222
0.386568454383,0.0843691207279,0.394449305821,0.134613119068
0.451093929793,0.226975110947,0.0583405196365,0.263590439624
0.187206045995,0.371186085984,0.013593315382,0.428014552639
0.296344778209,0.0867135149868,0.523029516835,0.093912189969
0.0757751069432,0.209462719438,0.142811515085,0.571950658534
0.283369221078,0.355603547683,0.107770235713,0.253256995526
0.188850140611,0.369648973832,0.229154527512,0.212346358045
0.572501769872,0.00542484369931,0.137534945562,0.284538440866
0.307169087248,0.0256045498944,0.514628834934,0.152597527923
0.247995486265,0.190409459491,0.209231402207,0.352363652037
0.0451512690732,0.347976698206,0.141306229649,0.465565803073
0.161687825483,0.312197022195,0.202620987662,0.32349416466
0.318840853601,0.236658370575,0.334848358911,0.109652416913
0.079668928984,0.59727989681,0.215236317403,0.107814856803
0.223124707438,0.11363778334,0.328033038501,0.33520447072
0.00230894235872,0.549294297853,0.223355668692,0.225041091096
0.157108642135,0.33888313362,0.0947483352769,0.409259888968
0.285810877914,0.468115369595,0.0261912235894,0.219882528901
0.166290206335,0.322203233539,0.163258562234,0.348247997892
0.263208539671,0.408553255561,0.0279775849803,0.300260619787
0.122612669558,0.174174834091,0.41009368249,0.293118813861
0.25036503315,0.134911095119,0.111054183888,0.503669687843
0.344186165457,0.346224707136,0.0381971556295,0.271391971778
0.0537163652083,0.356388212242,0.12441125397,0.46548416858
0.28822180815,0.19227493524,0.159983485745,0.359519770865
0.101528647085,0.103627363623,0.534944246037,0.259899743256
0.0999525345901,0.708503840398,0.0130328670852,0.178510757927
0.153176704682,0.447844067197,0.140329485435,0.258649742686
0.0723039934994,0.274588672516,0.388990181638,0.264117152347
0.351683934661,0.145729754735,0.203532354531,0.299053956073
0.0105117104006,0.468564881244,0.285499235332,0.235424173023
0.287116166568,0.151035673063,0.212174863416,0.349673296953
0.103991288236,0.739553012676,0.0563539601535,0.100101738935
0.587284005069,0.0714857515879,0.322070356351,0.0191598869918
0.410729595468,0.00419958128303,0.0935892228633,0.491481600386
0.212623715147,0.207700425757,0.417829000595,0.1618468585