0.553947884221,0.0347183774623,0.111874168093,0.299459570224
0.183625851467,0.225157316716,0.0927873646561,0.498429467161
0.239928248617,0.045543708787,0.361626483284,0.352901559312
0.236679766768,0.238753322837,0.28580377899,0.238763131406
0.0225615911061,0.548679841762,0.169949563644,0.258809003488
0.178412110827,0.368294252332,0.364310574865,0.088983061976
0.172464395109,0.52890172434,0.0205991296431,0.278034750908
0.176556656067,0.342885860804,0.301552323967,0.179005159161
0.284694384028,0.30335532785,0.207180562027,0.204769726095
0.3091480035,0.0968975141897,0.177299454664,0.416655027647
0.047487132136,0.413278649129,0.0422322947811,0.497001923954
0.337840889229,0.00274948149715,0.205464291435,0.453945337839
0.461548438817,0.0583188359491,0.196807254715,0.283325470519
0.145192811154,0.109823772967,0.631857452207,0.113125963671
0.0739318588727,0.402056346783,0.452197621604,0.0718141727403
0.303106821939,0.22309156091,0.251847099001,0.22195451815
0.0839800002119,0.16029373541,0.410267731176,0.345458533203
0.411336649563,0.347756874068,0.205976074191,0.0349304021779
0.263695624617,0.12391361109,0.120634587168,0.491756177124
0.433150298653,0.0441397243203,0.0254624086344,0.497247568392
0.427596181867,0.126137407068,0.101595616563,0.344670794502
0.34314421556,0.236423320101,0.326767087072,0.0936653772676
0.598258087337,0.019673326606,0.351385051224,0.0306835348331
0.208385490174,0.318593443689,0.350639121849,0.122381944288
0.467199384994,0.00808989168829,0.274823586125,0.249887137192
0.286877404507,0.387485201547,0.295146707067,0.0304906868794
0.259268744089,0.436957665358,0.232634271598,0.0711393189553
0.391942152747,0.0386413170105,0.0722792663023,0.497137263941
0.274431927531,0.289699603417,0.279439885886,0.156428583166
0.379986455044,0.166810069932,0.341864563704,0.11133891132
0.0656349156104,0.0273474250805,0.146239810453,0.760777848856
0.427598475105,0.195625303734,0.256770574585,0.120005646577
0.251220226435,0.0564843147436,0.537528713587,0.154766745234
0.425615299186,0.168325035553,0.264569910635,0.141489754627
0.371411334718,0.0493142492241,0.569875122623,0.00939929343431
0.12272742712,0.126484217911,0.329886153109,0.420902201859
0.13987919391,0.272586952212,0.231565235044,0.355968618834
0.576898209888,0.185089798842,0.15377938039,0.0842326108799
0.245473048321,0.26488910737,0.28407864822,0.205559196089
0.419089157398,0.148384006439,0.0467978452184,0.385728990945
0.398399551903,0.0270809654503,0.396949649606,0.17756983304
0.0481183423526,0.415320726706,0.27252232919,0.264038601751
0.554401669256,0.0974025930667,0.141760247753,0.206435489924
0.277233016858,0.28067792371,0.212388628849,0.229700430583
0.132271468819,0.264439848439,0.200682289658,0.402606393084
0.223355329549,0.276658600694,0.322202592317,0.177783477439
0.311258632371,0.198855189568,0.252216331777,0.237669846284
0.0590410964451,0.349069413342,0.317799301761,0.274090188452
0.428081020788,0.255591858152,0.0503047683238,0.266022352736
0.0841081748515,0.311103530784,0.148302839384,0.45648545498
0.0073361383926,0.493084289121,0.308710900666,0.19086867182
0.123363610563,0.000266078109201,0.29404750696,0.582322804368
0.195702212818,0.343601088289,0.404956193674,0.05574050522
0.111589531224,0.365360463658,0.184677560081,0.338372445037
0.500876263092,0.29105985384,0.0102501466087,0.19781373646
0.0811889854565,0.339024520709,0.327179196354,0.25260729748
0.00333989637151,0.250423038604,0.421405674777,0.324831390247
0.305483611903,0.186295896481,0.00310026931675,0.505120222299
0.31875702681,0.146003512074,0.221949644817,0.313289816299
0.316172561139,0.0817427915323,0.322464551536,0.279620095792
0.288978674723,0.364469029729,0.0717658577724,0.274786437776
0.422431142401,0.262685495694,0.243483892293,0.0713994696119
0.317128638477,0.14238262008,0.205960046779,0.334528694664
0.121149236649,0.0544972211639,0.52281485839,0.301538683797
0.220055791694,0.257117840241,0.224979223001,0.297847145064
0.187520105265,0.125919815222,0.274162568026,0.412397511487
0.133419284247,0.424731226928,0.23663025271,0.205219236116
0.200861364272,0.348687027827,0.096368642866,0.354082965036
0.199234247012,0.324718656823,0.120172506437,0.355874589728
0.410808774918,0.230567802076,0.156170180522,0.202453242485
0.186690855225,0.433874452448,0.31834634439,0.0610883479369
0.305663123709,0.0620697017917,0.41005640331,0.222210771189
0.173928768552,0.238411104743,0.438594245504,0.149065881201
0.0790126021966,0.532993346855,0.136415828981,0.251578221967
0.350050947112,0.294374083128,0.211352144298,0.144222825462
0.561343803599,0.0893859145441,0.103133654912,0.246136626944
0.248565990569,0.327402989616,0.374411769103,0.0496192507126
0.247322405215,0.324648226024,0.284533980843,0.143495387918
0.603442531192,0.13096612918,0.265307005619,0.000284334008368
0.202641082366,0.125786724174,0.285727879042,0.385844314418
0.159363022931,0.354024963106,0.0811181789935,0.40549383497
0.205458133326,0.445523775472,0.320020469717,0.0289976214845
0.112063923057,0.360937625731,0.481319460044,0.0456789911686
0.378712479081,0.156037814451,0.107935638249,0.357314068219
0.241005595017,0.247315017393,0.239127205313,0.272552182277
0.280920484302,0.422665286738,0.119986658152,0.176427570808
0.399317329083,0.191583098137,0.0268270076298,0.382272565151
0.410414892027,0.0642593776432,0.129792903368,0.395532826962
0.123509098739,0.484962309183,0.181528171345,0.210000420733
0.203705924679,0.382123103494,0.0857092655413,0.328461706285
0.350325373528,0.164456197883,0.0731234192542,0.412095009335
0.105625021025,0.469567999333,0.189209165179,0.235597814464
0.335096216568,0.307525318348,0.14910724279,0.208271222294
0.212377665625,0.238109288268,0.334136048339,0.215376997769
0.185264974935,0.381658819302,0.0655403330363,0.367535872726
0.0402557501601,0.27192140773,0.407469933254,0.280352908856
0.334308134663,0.324173491762,0.33131500052,0.0102033730549
0.063379591548,0.248076247743,0.499767740887,0.188776419822
0.280012819239,0.0707756390464,0.333964559357,0.315246982358
0.138809019049,0.00278486219837,0.560824846302,0.29758127245
0.518537622062,0.169827676075,0.0856941559762,0.225940545887
0.101106248308,0.273863507495,0.326101065112,0.298929179086
0.235726347952,0.0115212789623,0.363718421402,0.389033951684
0.224524451635,0.398607033083,0.0447786605126,0.332089854769
0.416894911537,0.288554366284,0.0409878814841,0.253562840694
0.516258593515,0.17250687053,0.0232181886122,0.288016347344
0.307537652592,0.441071866321,0.163124440361,0.0882660407265
0.302847962722,0.187627520406,0.186026967408,0.323497549464
0.210730593123,0.0776025759452,0.324834146037,0.386832684895
0.218556131154,0.188694462522,0.384727479047,0.208021927277
0.0712988517155,0.0946262185287,0.456240821287,0.377834108468
0.20384378394,0.0453485183205,0.325862952803,0.424944744936
0.304413364255,0.175501454765,0.292322935891,0.227762245089
0.478151799017,0.096059551429,0.249536839537,0.176251810017
0.236061548124,0.334571038439,0.312326904152,0.117040509286
0.232586297863,0.333662033763,0.0873081069425,0.346443561431
0.282921384546,0.17396224607,0.366820188987,0.176296180398
0.424539284363,0.273394665845,0.078555216487,0.223510833305
0.117368113964,0.233860821578,0.113979292138,0.53479177232
0.0833835952025,0.406428244341,0.0402925182961,0.46989564216
0.00993042861647,0.388644130087,0.00238604392848,0.599039397368
0.320261407557,0.0756773203173,0.411406666546,0.19265460558
0.03403680503,0.382726322735,0.151248987852,0.431987884383
0.207988973156,0.0264374282262,0.376389276437,0.38918432218
0.214169925452,0.25875846956,0.09857550954,0.428496095448
0.157430427806,0.393622338576,0.0521515611642,0.396795672454
0.101557062357,0.282791233419,0.230312351469,0.385339352755
0.416871185638,0.446151181352,0.0478999857727,0.0890776472378
0.393698970338,0.178042565095,0.252835075677,0.17542338889
0.293157896309,0.240111622959,0.144794247057,0.321936233674
0.21285407249,0.269704860603,0.0605848949094,0.456856171997
0.0893224605054,0.407934282132,0.465935429165,0.036807828198
0.109132964852,0.427753800803,0.38574837068,0.077364863664
0.215228213639,0.392662829135,0.222409722349,0.169699234877
0.273154303566,0.204228874042,0.24619411036,0.276422712031
0.564802844492,0.0103554837141,0.099841753018,0.324999918776
0.3074133331,0.220774158936,0.214557071139,0.257255436825
0.282569992953,0.179538980876,0.125182838656,0.412708187515
0.109968934467,0.195259493884,0.34417165878,0.350599912868
0.394441679993,0.226351802892,0.34634757426,0.0328589428547
0.395532107297,0.253286265004,0.12675155818,0.22443006952
0.369504310727,0.247874005105,0.172809148559,0.209812535608
0.0574337310081,0.121581414379,0.736857275638,0.0841275789744
0.302426549918,0.567801223519,0.0155806294627,0.114191597101
0.358571255484,0.274554579837,0.240578930659,0.12629523402
0.176682230958,0.206767055416,0.315195029773,0.301355683853
0.329983834891,0.077208698716,0.355774884877,0.237032581515
0.0385755534069,0.299838664556,0.164148143389,0.497437638648
0.331460143749,0.252876888762,0.24667830086,0.168984666629
0.385745978097,0.232171447867,0.0755372111284,0.306545362907
0.234381749293,0.382823539989,0.319791296291,0.063003414428
0.52282632005,0.288394464777,0.174574324522,0.014204890651
0.343942732834,0.239815521295,0.352236567811,0.0640051780605
0.204989469971,0.269222433951,0.232848212443,0.292939883635
0.13154590961,0.328904912359,0.018038806542,0.521510371489
0.0118135326239,0.452988264006,0.03053118339,0.50466701998
0.280047972583,0.247853666258,0.315632914289,0.15646544687
0.0564954381424,0.362539699218,0.252291597375,0.328673265264
0.0365672627144,0.224889592856,0.312901686748,0.425641457681
0.153665096851,0.126534866664,0.374516305013,0.345283731471
0.257101978601,0.36011038202,0.0644885079489,0.318299131431
0.196378414514,0.0227703961258,0.587345519024,0.193505670336
0.389795750753,0.160447336426,0.0670767451165,0.382680167705
0.0605296594218,0.377196251798,0.218690908761,0.34358318002
0.215906298864,0.0961348545308,0.551081008724,0.136877837881
0.306461245263,0.156030700465,0.406823365028,0.130684689243
0.110214998633,0.0374064492661,0.303092686006,0.549285866094
0.150614116536,0.124448633292,0.712178448217,0.0127588019547
0.275635342921,0.239706162494,0.344429170033,0.140229324552
0.294316552131,0.316009175953,0.0962547937112,0.293419478205
0.391495783567,0.0101857732988,0.32196649552,0.276351947615
0.280084466531,0.346242746092,0.0218694088515,0.351803378525
0.214586850075,0.291679520664,0.117110181568,0.376623447693
0.142532815329,0.433583434359,0.300213791965,0.123669958346
0.204122065011,0.301370028714,0.385754850218,0.108753056057
0.0811461420586,0.287669632971,0.314896179573,0.316288045397
0.301385357759,0.333886518678,0.160824637972,0.20390348559
0.257562604054,0.328673972467,0.0369677529971,0.376795670482
0.123056185657,0.215842907204,0.459269496457,0.201831410683
0.114209839273,0.222098408288,0.396618284951,0.267073467488
0.291852457801,0.240672187718,0.14873099731,0.31874435717
0.386723534432,0.398861923511,0.0844667775211,0.129947764536
0.279611159513,0.180863562784,0.226605779289,0.312919498414
0.0640260163136,0.329994402647,0.452481914575,0.153497666465
0.31370571861,0.198729093857,0.451941438517,0.0356237490148
0.179964298419,0.416406149301,0.15591540608,0.247714146199
0.267911651433,0.278427308812,0.104121831877,0.349539207878
0.300715080852,0.0505355502133,0.33912643184,0.309622937095
0.150442294157,0.4374114533,0.00935396568338,0.402792286859
0.200227891219,0.316197904118,0.304596536125,0.178977668538
0.217990310496,0.384631871916,0.387024129419,0.0103536881698
0.166037376212,0.268766670234,0.44237192801,0.122824025544
0.312829814803,0.272869971666,0.337986839041,0.0763133744901
0.155994562844,0.565834621846,0.196383643297,0.0817871720125
0.286709878591,0.0578448205998,0.253454742376,0.401990558434
0.333898119271,0.274701791993,0.021136335942,0.370263752794
0.192916134945,0.24484241399,0.306880318663,0.255361132402
0.297675341419,0.352541127679,0.0718360897768,0.277947441125
0.0684336620037,0.341674111695,0.401888786806,0.188003439495
0.126916413706,0.26674214779,0.364456705507,0.241884732997