0.131500370426,0.406253869073,0.154492761356,0.307752999145
0.158916409049,0.309153331416,0.232512310519,0.299417949017
0.433327216488,0.20581285319,0.125113012941,0.23574691738
0.233173796032,0.303599565417,0.31468202722,0.148544611331
0.498149258521,0.432586140124,0.00848098230781,0.0607836190473
0.0161311042899,0.0219147200501,0.672833505685,0.289120669975
0.204523985511,0.189163735859,0.252765034116,0.353547244513
0.311081711913,0.344005412404,0.0283375406423,0.316575335041
0.303956288204,0.196580130996,0.018693239713,0.480770341087
0.205257039715,0.240983286248,0.262132722584,0.291626951454
0.154307888648,0.21608003241,0.27504460182,0.354567477123
0.113643819001,0.361989792529,0.495285371078,0.0290810173918
0.335633723353,0.122782364145,0.151517421705,0.390066490798
0.0767358898078,0.516550342261,0.235851093329,0.170862674602
0.59540054594,0.274347505024,0.0695011017799,0.060750847256
0.360496977747,0.206457758566,0.116415419046,0.316629844641
0.215075711794,0.272321012824,0.220939178464,0.291664096917
0.0947862090536,0.235107250749,0.18996808735,0.480138452848
0.229788956297,0.424509990978,0.0105697345525,0.335131318173
0.296574557989,0.633358748133,0.0438357303395,0.0262309635385
0.244967019543,0.178296952567,0.396590265147,0.180145762743
0.366114881007,0.191829576965,0.419590991768,0.0224645502597
0.0805680659914,0.0752951385699,0.188721909136,0.655414886302
0.0844457538243,0.196028338199,0.120009162108,0.599516745869
0.376059554505,0.200945327036,0.0724661773563,0.350528941103
0.150362567718,0.329414807293,0.384967762941,0.135254862048
0.379195272017,0.216340607657,0.1886181848,0.215845935526
0.178508161942,0.332118321097,0.362495144335,0.126878372625
0.456023548846,0.267145950837,0.0287333345929,0.248097165724
0.0588534113694,0.344699491876,0.183274183056,0.413172913698
0.31207482001,0.242482568419,0.075706567118,0.369736044453
0.134552053969,0.19155092003,0.500676004093,0.173221021908
0.375370042902,0.165019481419,0.00966142653327,0.449949049146
0.299647571625,0.300241816965,0.0762343007279,0.323876310682
0.428276402991,0.0653355769176,0.332029715704,0.174358304387
0.249768115017,0.189991381618,0.242687213394,0.317553289971
0.430802222654,0.102690837225,0.13691168216,0.329595257961
0.258246235476,0.106689754692,0.290929257317,0.344134752515
0.310257488738,0.0392447078946,0.160349479478,0.49014832389
0.283036419857,0.268867085771,0.14847913562,0.299617358752
0.13838680912,0.101309339858,0.472069759498,0.288234091524
0.37428976963,0.0586656470988,0.157067805999,0.409976777272
0.335874515303,0.263272291819,0.165376126194,0.235477066684
0.342387161709,0.284371513278,0.21364995669,0.159591368323
0.283521020969,0.351398992079,0.178382941311,0.186697045641
0.300966510915,0.0770666692751,0.343484845165,0.278481974645
0.374242445759,0.0405519843096,0.201051628855,0.384153941077
0.471276377686,0.230182924347,0.229211562332,0.0693291356358
0.212517893664,0.0541055459074,0.167185882618,0.566190677811
0.343673377593,0.0846047956847,0.204114792073,0.367607034649
0.12485997129,0.373484502941,0.304379519717,0.197276006052
0.32143328986,0.295696444041,0.0491152501851,0.333755015914
0.117627982627,0.460346334996,0.0430519912679,0.378973691109
0.222135827979,0.472808537287,0.077024411603,0.228031223131
0.254447671974,0.256631860894,0.298201889234,0.190718577898
0.402479528002,0.365825573367,0.203222142136,0.0284727564954
0.142887606125,0.361090264124,0.260984027746,0.235038102005
0.270633323084,0.343155649817,0.208341003211,0.177870023888
0.379309672044,0.276557687602,0.0533614917361,0.290771148619
0.419215179435,0.361907675857,0.160567221836,0.0583099228723
0.0461170127827,0.286361247656,0.563576108241,0.10394563132
0.566051828539,0.0112868656908,0.360191149125,0.0624701566454
0.194123410381,0.3798980175,0.037712446698,0.388266125422
0.069725333545,0.386224453452,0.331667612947,0.212382600055
0.47168177116,0.478834392419,0.0209355413638,0.0285482950569
0.33023324696,0.328969803806,0.230296854983,0.110500094251
0.411385467973,0.41270960905,0.139539578005,0.0363653449727
0.427483925583,0.27801791009,0.147167676393,0.147330487934
0.0424633830807,0.479323808259,0.250622504202,0.227590304459
0.105234812996,0.0859223985534,0.304426927724,0.504415860727
0.223298401916,0.437545181874,0.242921036036,0.0962353801739
0.154029862177,0.133777606912,0.344212987602,0.367979543308
0.165828708011,0.40048022468,0.1261535292,0.307537538109
0.278055496677,0.135745916661,0.263505897349,0.322692689312
0.503933906034,0.142239556142,0.1489645468,0.204861991024
0.188800258994,0.354793246357,0.284001080885,0.172405413764
0.2522458848,0.113220789181,0.294511934277,0.340021391742
0.0122709205846,0.71939217228,0.230374090781,0.0379628163542
0.383412671011,0.102358874982,0.40056736538,0.113661088626
0.299003373763,0.203215270644,0.206547305231,0.291234050361
0.0401551160958,0.438962557506,0.0598269394432,0.461055386955
0.267739664282,0.273012935303,0.254996806746,0.204250593669
0.20570078096,0.424392019977,0.193403917248,0.176503281816
0.312576245508,0.207249701948,0.182040201309,0.298133851235
0.421264603145,0.358357603487,0.176986203696,0.0433915896726
0.208596537041,0.289232304274,0.319896079243,0.182275079442
0.29856441789,0.298832961586,0.264989152266,0.137613468258
0.1695627992,0.457946654074,0.331467070829,0.0410234758973
0.175747108869,0.295101524191,0.25215653584,0.276994831099
0.162867646554,0.541304566784,0.220777123384,0.0750506632772
0.25520187642,0.10960002021,0.371827730458,0.263370372912
0.25300149222,0.0432466379959,0.369415434829,0.334336434955
0.247690080031,0.107432235543,0.299342598379,0.345535086047
0.290090334692,0.0224043438524,0.0978388731424,0.589666448314
0.565485885766,0.081736026611,0.238656224129,0.114121863494
0.367538834615,0.0169128126381,0.296501182592,0.319047170155
0.125384393232,0.369484921202,0.373706351189,0.131424334378
0.183986313986,0.405055990707,0.088633768886,0.322323926421
0.27058386838,0.13439506672,0.407420340073,0.187600724827
0.310992562883,0.240867969678,0.153270834482,0.294868632957
0.0564089531518,0.14796673664,0.179882637651,0.615741672557
0.11600399946,0.0598031068942,0.327978802168,0.496214091478
0.266556190577,0.279623746181,0.278896115485,0.174923947757
0.211682348929,0.20800736773,0.242959791121,0.33735049222
0.314064084559,0.230507001649,0.11305532244,0.342373591353
0.189311448771,0.342783638213,0.154671869395,0.313233043622
0.0205508951344,0.504726528534,0.408303145209,0.0664194311225
0.186947910037,0.297062796949,0.0684789813483,0.447510311666
0.155274266356,0.312345514861,0.320624481377,0.211755737407
0.273657043067,0.20195673995,0.358613881539,0.165772335444
0.530245619465,0.161683294011,0.1492740518,0.158797034724
0.202878627178,0.353072642215,0.223723031579,0.220325699028
0.179689169868,0.305763393399,0.285990881904,0.228556554829
0.343232387277,0.185163715862,0.21050892054,0.261094976321
0.00433729023948,0.182850909449,0.480796192441,0.332015607871
0.258965806069,0.274116239341,0.223590688032,0.243327266558
0.231540128602,0.193525821805,0.138730435086,0.436203614507
0.432477426888,0.29650169158,0.159782054376,0.111238827156
0.104645168217,0.162520576875,0.345382801636,0.387451453272
0.184804919676,0.413009118675,0.269116679433,0.133069282216
0.00442043910622,0.460415768095,0.251787372111,0.283376420688
0.211207778843,0.219100118148,0.246267098553,0.323425004456
0.281614995627,0.23656956747,0.12418430165,0.357631135252
0.356079634643,0.0762570049176,0.195748105107,0.371915255333
0.208906773261,0.329664539776,0.125781029377,0.335647657585
0.250754403962,0.412194707366,0.0171433906636,0.319907498008
0.295043772376,0.378466149997,0.270965182581,0.0555248950465
0.37626977852,0.0574942741117,0.343353577984,0.222882369385
0.283129383657,0.0844617003987,0.491545391761,0.140863524183
0.37350408289,0.217320367155,0.118075543974,0.291100005981
0.284473963848,0.290824705922,0.407283524128,0.0174178061017
0.256489658059,0.274350296992,0.203268407084,0.265891637864
0.279496820938,0.319860396379,0.276788749265,0.123854033419
0.338777369015,0.351743069917,0.30160663341,0.00787292765855
0.545585156147,0.15637856835,0.0585217818497,0.239514493653
0.218443224484,0.320845323514,0.332725814555,0.127985637447
0.442765090698,0.244278715434,0.293129844359,0.019826349509
0.333167615797,0.208881733149,0.341246205033,0.116704446021
0.314546819009,0.26416438439,0.339950065588,0.0813387310124
0.179221527565,0.352494976044,0.263108909976,0.205174586415
0.145373210792,0.505547362023,0.114128329983,0.234951097202
0.222428470757,0.331562180856,0.257626522576,0.188382825811
0.209289127103,0.347972383332,0.154693380159,0.288045109406
0.527285881283,0.0296199068712,0.0658092366921,0.377284975154
0.184242798089,0.266012356844,0.0837070095155,0.466037835552
0.215110851266,0.312458582371,0.317040663017,0.155389903345
0.0599518533618,0.409777771253,0.349965691216,0.180304684169
0.280383838932,0.0727598653117,0.402136649889,0.244719645867
0.27166155519,0.110309903767,0.411424676178,0.206603864864
0.34822619986,0.000436895288191,0.274419644958,0.376917259894
0.277493762921,0.183541619741,0.226119748937,0.312844868402
0.261725825618,0.337636696512,0.17803000746,0.222607470409
0.371881648991,0.184521489474,0.221357566058,0.222239295477
0.242707865951,0.305411574049,0.427734301056,0.0241462589449
0.35822799996,0.146615997689,0.177460109818,0.317695892533
0.197589730336,0.0424557575825,0.0985994818078,0.661355030274
0.0261574497791,0.393531531613,0.0308782350545,0.549432783553
0.207596156348,0.105491877622,0.16585645271,0.52105551332
0.286242114564,0.305256166223,0.236810221421,0.171691497792
0.260029386018,0.21368295793,0.0832765404932,0.443011115559
0.300287764989,0.232199957527,0.199494417628,0.268017859856
0.20818819853,0.159022414189,0.16749164619,0.465297741091
0.105707782786,0.241529296643,0.254449238456,0.398313682115
0.259455046263,0.512857343663,0.16559694113,0.0620906689441
0.155784938978,0.140134369703,0.570422264446,0.133658426873
0.335765912629,0.195736663659,0.195763940177,0.272733483535
0.290054371521,0.161422532344,0.321914205232,0.226608890903
0.292561457075,0.385608923401,0.211580746043,0.110248873482
0.150521123901,0.357417409303,0.112232654137,0.379828812659
0.0381055089788,0.370331598952,0.267504051725,0.324058840344
0.291784645125,0.117985721378,0.265815855972,0.324413777524
0.434620486786,0.347933625341,0.0258465042762,0.191599383596
0.12731563046,0.34042177765,0.376973313067,0.155289278823
0.345836867918,0.210689374694,0.282337271872,0.161136485517
0.168113682306,0.300438459694,0.294653269643,0.236794588356
0.128926696767,0.0439229272597,0.406041908164,0.421108467808
0.238633976074,0.242570852254,0.327523987768,0.191271183904
0.291328131051,0.149136685159,0.410430483905,0.149104699885
0.276494271685,0.0678581270245,0.222998027137,0.432649574154
0.234264788515,0.361595587078,0.400109855623,0.0040297687848
0.146345606942,0.0603600486446,0.541532450754,0.25176189366
0.270862899911,0.222752986964,0.227386108629,0.278998004495
0.233262764888,0.106964584446,0.0524421469992,0.607330503667
0.593085595052,0.149143280378,0.132796457069,0.124974667501
0.276504299079,0.236929373641,0.174228948311,0.312337378968
0.0206424748926,0.450108530031,0.010838086171,0.518410908906
0.335883355631,0.0650521420576,0.330216895495,0.268847606817
0.0174721155786,0.288990445448,0.380584999026,0.312952439948
0.0436157413565,0.389465393539,0.208951054977,0.357967810127
0.371782156162,0.354455696156,0.0780729402627,0.195689207419
0.020901391067,0.376215360718,0.100549218903,0.502334029312
0.163126450258,0.152784801958,0.389729901055,0.294358846729
0.406584017754,0.305239276002,0.279950450109,0.0082262561352
0.35901326418,0.0762282189871,0.454344930884,0.110413585948
0.000311116605198,0.364431439932,0.226521782032,0.40873566143
0.521304248748,0.194998310107,0.00940125436786,0.274296186776
0.367520553371,0.373239683127,0.118412456034,0.140827307469
0.410695848805,0.0144325597305,0.405323547899,0.169548043566
0.29000331406,0.238723324774,0.0746266626852,0.396646698481
0.0851605027794,0.820826207116,0.0127682879949,0.0812450021101