0.24771513051,0.0044580698347,0.189611655826,0.558215143829
0.0545005017298,0.82439511512,0.116768964967,0.00433541818314
0.154385543604,0.219970971901,0.248154307628,0.377489176867
0.32195145521,0.153509211293,0.217636977958,0.306902355538
0.348528472303,0.150099883621,0.269941472109,0.231430171967
0.276555879169,0.249358157928,0.302646086966,0.171439875937
0.0503593643133,0.0780925746999,0.22081666599,0.650731394997
0.00832211361403,0.641007360906,0.278609589917,0.0720609355632
0.458627377222,0.0647128170038,0.0335196343794,0.443140171395
0.435635372113,0.0270991991823,0.144558318356,0.392707110349
0.163863884064,0.32679294951,0.105090775073,0.404252391353
0.225422897655,0.234004262973,0.220482099557,0.320090739814
0.528562137683,0.0933058224468,0.292145208368,0.0859868315016
0.326764955815,0.0957428300937,0.362399626035,0.215092588056
0.447265372866,0.0507759149055,0.144380059189,0.35757865304
0.269911567994,0.130683900694,0.402514651911,0.196889879401
0.217633721863,0.300433218167,0.156011741103,0.325921318868
0.241477733154,0.203347574838,0.532471096647,0.0227035953604
0.274647631574,0.235062131443,0.0613075532265,0.428982683757
0.0302786561159,0.266449656272,0.145684959047,0.557586728565
0.455639506751,0.299776952037,0.193530792937,0.0510527482745
0.272204510163,0.252267238897,0.420323278711,0.0552049722293
0.349247802941,0.0344264940846,0.227977289814,0.38834841316
0.427934759022,0.172376454481,0.178233835233,0.221454951264
0.353656963629,0.204919196605,0.0727622611865,0.36866157858
0.415120779552,0.0659489968926,0.0516195994027,0.467310624153
0.147385272347,0.0915024425877,0.618975528699,0.142136756367
0.403388569627,0.0961695465542,0.0790536729214,0.421388210898
0.518140365661,0.10758521286,0.0601412873636,0.314133134115
0.360252713106,0.376618178724,0.0902530847393,0.172876023431
0.309601756001,0.288612088689,0.0938656996676,0.307920455642
0.200640440999,0.300749077605,0.0297982743791,0.468812207017
0.315671960314,0.00615507375758,0.432557429902,0.245615536027
0.0687608305926,0.403432948902,0.486125429884,0.0416807906209
0.467819888842,0.169569461377,0.351201508142,0.0114091416382
0.290373211753,0.34248966115,0.270019468847,0.09711765825
0.38619023354,0.425586734472,0.181914171429,0.00630886055865
0.280511243621,0.0104883617745,0.50235004747,0.206650347134
0.0579436256983,0.419361668092,0.0146625453466,0.508032160863
0.245329197956,0.332353711445,0.120849310252,0.301467780347
0.132308237316,0.370494698603,0.346993729578,0.150203334503
0.373011229227,0.173520785645,0.00011028518231,0.453357699945
0.273016081706,0.0739119723302,0.0936830774567,0.559388868507
0.248981472792,0.178635482292,0.245485036746,0.326898008169
0.261836665631,0.283832692222,0.214452936682,0.239877705465
0.385241257287,0.173469911298,0.439820279614,0.00146855180141
0.226139329211,0.286342764565,0.363244441176,0.124273465049
0.263624595757,0.386044262397,0.0405206039326,0.309810537914
0.382122119446,0.157900924044,0.386374746598,0.0736022099119
0.345809220815,0.201468889438,0.0179263238067,0.43479556594
0.0421253707739,0.0262716986414,0.404653817288,0.526949113297
0.338966613279,0.303815270379,0.291427809827,0.0657903065156
0.259912666759,0.177623708154,0.271483021762,0.290980603324
0.352018940874,0.275424969752,0.366739234338,0.00581685503638
0.0513527090271,0.499097880325,0.0305330262376,0.419016384411
0.423102844042,0.00251549770017,0.572678277213,0.00170338104437
0.131738753204,0.246660691286,0.0725296584172,0.549070897093
0.234011477204,0.131542268865,0.326557864966,0.307888388966
0.297891199155,0.13780018338,0.223498815768,0.340809801697
0.188630423761,0.194968748262,0.306220299141,0.310180528836
0.231826476292,0.301167128197,0.128822182832,0.338184212679
0.00620455761698,0.400784952249,0.429144405013,0.163866085121
0.103388566762,0.25142828761,0.237924718985,0.407258426644
0.139407075074,0.203287661863,0.164894745198,0.492410517865
0.136683456682,0.286117115862,0.175707480836,0.40149194662
0.101493772675,0.144856029261,0.698936794678,0.0547134033864
0.131126042071,0.355805497453,0.387811614088,0.125256846388
0.363822788534,0.359918033171,0.219801981082,0.0564571972139
0.0731549097386,0.318826619435,0.248188938798,0.359829532028
0.246075960948,0.022478794827,0.428066686087,0.303378558138
0.0206336526572,0.222509427974,0.244573475557,0.512283443813
0.121494265329,0.41597786759,0.194195702627,0.268332164455
0.162176249548,0.152624073845,0.413454494244,0.271745182364
0.296983505197,0.177858954384,0.197035719988,0.328121820431
0.431400008106,0.219220811923,0.0688382500606,0.28054092991
0.153923174279,0.302604534132,0.516598739025,0.0268735525637
0.154045328385,0.111986232447,0.0197140437473,0.71425439542
0.232717111913,0.545896182372,0.210212374379,0.0111743313359
0.298498093741,0.2469211907,0.199485672571,0.255095042989
0.100461521318,0.49213125148,0.404121316506,0.00328591069623
0.318781370551,0.164111265201,0.31406927204,0.203038092208
0.117991813286,0.20057883084,0.318309510743,0.36311984513
0.222331260662,0.266602155688,0.155770423302,0.355296160348
0.417259456103,0.308606771323,0.0443132978023,0.229820474772
0.470384884688,0.290103927415,0.102747241472,0.136763946426
0.308084563981,0.168845238428,0.500397751619,0.0226724459717
0.376241637787,0.299959129183,0.146203749149,0.177595483881
0.308649522705,0.276898475589,0.188956492993,0.225495508714
0.0655871696547,0.305600000956,0.522388562031,0.106424267358
0.31302746461,0.236118979609,0.0704112157014,0.38044234008
0.12655073686,0.387432850748,0.444953271937,0.0410631404552
0.0885192667939,0.510847845201,0.382193897538,0.0184389904673
0.251502622124,0.652925064979,0.0585490466553,0.0370232662411
0.345746072849,0.281783826153,0.344300250974,0.0281698500241
0.27203176963,0.0293708757619,0.332485012571,0.366112342036
0.286442107515,0.139822441413,0.342178146358,0.231557304714
0.0811054618172,0.0132447880051,0.492802931937,0.41284681824
0.330632266578,0.0842813654801,0.316729600534,0.268356767408
0.00660947795184,0.115628188168,0.293718524693,0.584043809187
0.33714831676,0.449933556462,0.0401069550819,0.172811171696
0.33838998309,0.294844286833,0.283368991434,0.0833967386431
0.00945593957658,0.380334649323,0.219911355803,0.390298055298
0.204345961031,0.427371768405,0.16925189382,0.199030376743
0.259880369336,0.251331080927,0.336583901599,0.152204648138
0.253684325138,0.240313251779,0.191318223356,0.314684199727
0.194482144264,0.622650744559,0.119854254864,0.0630128563129
0.348466924833,0.0959187664606,0.283449258624,0.272165050082
0.328596277292,0.367820685247,0.0262176232958,0.277365414165
0.0688557675797,0.111089493976,0.37465906163,0.445395676814
0.156406487408,0.178259598147,0.320445378498,0.344888535947
0.294153990705,0.215924925301,0.253095442799,0.236825641196
0.572834837285,0.0674692503001,0.189384487507,0.170311424909
0.359324573356,0.178141614446,0.454745016863,0.007788795336
0.188759108257,0.352975876419,0.231013958354,0.22725105697
0.303725727492,0.169634150054,0.235952126388,0.290687996066
0.245403950251,0.599923508929,0.118297464597,0.0363750762234
0.152195177186,0.260313601027,0.100001931773,0.487489290014
0.185003329948,0.49133203949,0.0860381956115,0.23762643495
0.578250993011,0.0971891147164,0.28290169414,0.0416581981323
0.392770708019,0.0966703604275,0.164344196272,0.346214735281
0.345792224796,0.0867000412457,0.241481271152,0.326026462806
0.46213971669,0.125655497815,0.340645719683,0.0715590658129
0.24484504102,0.111148139024,0.181686367442,0.462320452515
0.362723033063,0.137480639326,0.409068054784,0.0907282728267
0.194854981443,0.22070898884,0.318152771856,0.266283257862
0.291922778539,0.270093934935,0.125329988633,0.312653297893
0.25865458006,0.239099244671,0.266278022894,0.235968152375
0.756451297292,0.0924461505037,0.0588408554276,0.0922616967767
0.21030367879,0.2825847704,0.397306157834,0.109805392976
0.444033034237,0.18521351262,0.325974318206,0.0447791349372
0.515188746479,0.156663193749,0.13245992016,0.195688139613
0.35341466597,0.077068280861,0.367659297199,0.201857755969
0.18302528261,0.113858268682,0.364317574025,0.338798874683
0.0322582798191,0.217580719615,0.350704406079,0.399456594486
0.0361770223125,0.245082081089,0.376895030094,0.341845866505
0.0971273147786,0.294958752835,0.334573595899,0.273340336487
0.258878957282,0.224110098066,0.226459414198,0.290551530454
0.610263028868,0.144393986402,0.0787604353869,0.166582549342
0.354197482832,0.150169641532,0.155986228893,0.339646646743
0.456358504476,0.270834474692,0.0243494444776,0.248457576354
0.409136060317,0.2006494649,0.300230652933,0.0899838218505
0.198013376035,0.241183729578,0.274387146377,0.28641574801
0.197076580082,0.430908373748,0.156230677475,0.215784368695
0.321321726462,0.378280098676,0.0339429988215,0.266455176041
0.679788767019,0.0272729843367,0.127464526853,0.165473721791
0.461898833628,0.0317598761808,0.464392487346,0.0419488028452
0.292090570132,0.342345914446,0.143489408657,0.222074106764
0.292212239153,0.248813353447,0.130571850365,0.328402557035
0.445166884053,0.108256682624,0.405499971892,0.0410764614309
0.281245138623,0.0721034801137,0.319029130368,0.327622250896
0.0554962681776,0.205938319656,0.286407663877,0.452157748289
0.571111494879,0.0523775070076,0.28256168798,0.093949310133
0.482938279577,0.418879464935,0.00233998303494,0.0958422724525
0.194917475915,0.270034917835,0.257194153489,0.277853452761
0.0292738454044,0.318332586557,0.339199625617,0.313193942422
0.322034338223,0.265066352769,0.0509467890953,0.361952519913
0.38385308771,0.013863620984,0.184696673598,0.417586617708
0.108523643971,0.129809097413,0.633864412182,0.127802846434
0.338022664273,0.281035589104,0.365055446834,0.0158862997892
0.37990536757,0.394730629015,0.195916692283,0.0294473111326
0.173823529711,0.0670392521719,0.143770813633,0.615366404484
0.0745602702753,0.264778386687,0.325490847526,0.335170495512
0.209242440067,0.203979991422,0.272507703158,0.314269865352
0.368578307091,0.2077776313,0.30092337416,0.122720687448
0.0616046304986,0.320438440533,0.330529924573,0.287427004396
0.295378317406,0.321028625629,0.120223598214,0.263369458751
0.25426125911,0.384354333246,0.256848482679,0.104535924965
0.178154861028,0.401846596294,0.271189479287,0.148809063391
0.152422018015,0.204801050379,0.307326969171,0.335449962436
0.0717286328512,0.285670985461,0.455016003311,0.187584378377
0.0675017158191,0.341734156022,0.257484420836,0.333279707323
0.00502296458502,0.191493276849,0.205316664395,0.598167094171
0.070574529567,0.333318601485,0.356079207896,0.240027661052
0.531825075646,0.0220767367692,0.296832519198,0.149265668387
0.207921704687,0.468021187331,0.0762074859102,0.247849622071
0.305583435107,0.187180706396,0.265608864593,0.241626993904
0.429378414221,0.0512728763557,0.136377265272,0.382971444152
0.0864728317371,0.505793007537,0.0783311900428,0.329402970683
0.0343920148088,0.331422152431,0.234634028614,0.399551804146
0.0650726705187,0.232967660866,0.303334277549,0.398625391066
0.045918149298,0.479470270769,0.0962463450324,0.3783652349
0.0984703449992,0.217046827784,0.391346135009,0.293136692209
0.288843261314,0.41953934628,0.252091328188,0.0395260642185
0.277589879291,0.0467109024032,0.338336837223,0.337362381083
0.334611735346,0.360563360969,0.110326563601,0.194498340085
0.344821298547,0.397349333634,0.061265925449,0.196563442369
0.0326872742979,0.0989277305683,0.425287257667,0.443097737467
0.375659049178,0.245171146504,0.277828726214,0.101341078104
0.26214688092,0.343202541981,0.172172125845,0.222478451254
0.375515119954,0.170281955065,0.134082817035,0.320120107946
0.330091834211,0.218343660864,0.0664678307507,0.385096674174
0.14500214994,0.325852314885,0.298103341739,0.231042193436
0.22993527009,0.0495476198366,0.292250175728,0.428266934346
0.277302878817,0.2236476807,0.215958794304,0.283090646178
0.0252260452891,0.164322890484,0.231252770095,0.579198294131
0.292225196488,0.263660590966,0.312527120157,0.131587092389
0.514633081616,0.0115927641121,0.46854066707,0.00523348720109
0.350937722018,0.270417494329,0.175954038507,0.202690745147
0.335330885434,0.259916221525,0.0777606898616,0.326992203179
0.0595672094547,0.1545489543,0.295294940471,0.490588895774