0.0813009971549,0.165009624949,0.537090931403,0.216598446493
0.264496115138,0.260286782174,0.26923963773,0.205977464959
0.136896723783,0.106118013971,0.390411635471,0.366573626775
0.0231588307896,0.648377298888,0.113375575705,0.215088294618
0.184785965613,0.340842468788,0.321804525228,0.152567040371
0.070707804612,0.077892348706,0.671093549862,0.18030629682
0.206173798839,0.325543092653,0.125990364869,0.342292743639
0.221709196589,0.314394511853,0.148817266672,0.315079024886
0.397496032971,0.0697315568504,0.149146450033,0.383625960145
0.156092763897,0.461878005704,0.182717853277,0.199311377122
0.228805233169,0.285433264045,0.0726543387463,0.413107164039
0.10302759283,0.0875817299113,0.3851638732,0.424226804058
0.355933754506,0.185206870087,0.0567097653326,0.402149610075
0.264248207707,0.00913319986139,0.376905825373,0.349712767059
0.248077239975,0.217730977936,0.18196079032,0.352230991769
0.175375123021,0.0847583181424,0.218939796372,0.520926762464
0.0154124122395,0.582718533772,0.125821167742,0.276047886247
0.32747801578,0.511452614146,0.121665729284,0.0394036407903
0.273194213399,0.523690568962,0.170757888914,0.0323573287248
0.296592190201,0.0719003267438,0.243974764008,0.387532719047
0.288403631235,0.160048279044,0.24226177462,0.309286315102
0.201011556382,0.357260891792,0.360279347026,0.0814482048
0.272143489332,0.0306599420858,0.665022584477,0.0321739841053
0.105892804263,0.526592854732,0.159424220061,0.208090120944
0.43762711831,0.0469659500277,0.219810063129,0.295596868533
0.139897763453,0.448904294662,0.207036046906,0.204161894978
0.343331125391,0.129315453144,0.135167739396,0.392185682068
0.541590468993,0.0544028720469,0.0994287735214,0.304577885439
0.343064257876,0.115142866363,0.365448151215,0.176344724546
0.405570790496,0.387828189256,0.140340086745,0.0662609335035
0.164053684772,0.283006995463,0.299210900794,0.253728418971
0.244967521582,0.223227177549,0.357078206197,0.174727094673
0.193117944716,0.200245939068,0.30317948059,0.303456635626
0.188758068584,0.373251281904,0.166900468018,0.271090181495
0.434518294392,0.236282006735,0.0543055372573,0.274894161616
0.233740716682,0.24521608498,0.284064477206,0.236978721132
0.0347128071978,0.283708531358,0.296741819079,0.384836842365
0.246403739753,0.422852130346,0.21143484096,0.119309288941
0.301105912273,0.237238774313,0.148084785783,0.313570527631
0.179742563216,0.472944313806,0.0981729965253,0.249140126452
0.0422157405114,0.456366649359,0.0121912023473,0.489226407782
0.315063876274,0.10212324403,0.262960647539,0.319852232157
0.253371526275,0.159503729413,0.333341123882,0.25378362043
0.00901610389145,0.25992602187,0.132060996811,0.598996877428
0.282826832436,0.244008829089,0.182320567466,0.290843771009
0.0932473218942,0.366987674071,0.37834172183,0.161423282204
0.327892731399,0.401395844224,0.071320757343,0.199390667034
0.220281236891,0.476892737493,0.0918593897913,0.210966635825
0.481833717173,0.40819509064,0.0201055057706,0.0898656864167
0.16496053996,0.222472870246,0.350334277293,0.2622323125
0.172324286174,0.302456243643,0.169230645309,0.355988824874
0.280598930208,0.296483026482,0.162986894873,0.259931148438
0.0765770006845,0.197248825649,0.416562597682,0.309611575984
0.347289369538,0.0881865704991,0.150564754858,0.413959305105
0.429742470914,0.171878449116,0.382545185696,0.0158338942739
0.366007158472,0.097808194509,0.20364471006,0.332539936959
0.261022534219,0.472805075055,0.12404792181,0.142124468916
0.374845423945,0.468333298965,0.0386483013351,0.118172975755
0.131998666594,0.371446318967,0.441946230075,0.0546087843647
0.307242924963,0.178242067631,0.352563716699,0.161951290708
0.198152295223,0.448362714329,0.218443077014,0.135041913434
0.356115892178,0.160953528835,0.237669238517,0.245261340469
0.389581868684,0.0970596653372,0.406826228428,0.106532237551
0.0663979674938,0.461379424077,0.393756706031,0.0784659023986
0.189706115497,0.253498325398,0.258740282839,0.298055276266
0.351662152323,0.0697736368861,0.344173621931,0.23439058886
0.36987416185,0.00608199679587,0.240967645022,0.383076196332
0.40975683168,0.0254032968502,0.254893688551,0.309946182919
0.220176764461,0.154487346163,0.32398500387,0.301350885505
0.290590591431,0.579367207898,0.0466226224099,0.0834195782611
0.294751837354,0.173770994176,0.326353780218,0.205123388252
0.29735657712,0.146019481444,0.335973482396,0.22065045904
0.301774014633,0.381486666369,0.00699756155223,0.309741757446
0.227294651839,0.384594026641,0.0565564723744,0.331554849145
0.0345180199789,0.453960076346,0.407516077828,0.104005825846
0.21676361079,0.497893418334,0.150571963861,0.134771007016
0.377311163199,0.40549782106,0.203613481874,0.0135775338664
0.123370965634,0.420367632345,0.0784717301377,0.377789671884
0.287417714776,0.251463178092,0.297292218969,0.163826888163
0.237950174052,0.290088154714,0.439248531609,0.0327131396252
0.355450396559,0.0524140970592,0.211902960509,0.380232545872
0.381571306138,0.00830277759144,0.11123519785,0.49889071842
0.262392703944,0.302123937626,0.148387539865,0.287095818565
0.112076314072,0.375898812936,0.123913088134,0.388111784858
0.217360316183,0.239234252686,0.0853764476451,0.458028983485
0.336059272871,0.0977154801123,0.357640490393,0.208584756625
0.674977410165,0.0312064874248,0.163921224241,0.129894878169
0.252361206497,0.316973273218,0.126268479911,0.304397040374
0.401841679523,0.135814639975,0.125580238057,0.336763442445
0.154838579714,0.227084265087,0.183741068056,0.434336087142
0.0718853938381,0.379788093001,0.343920491881,0.20440602128
0.387726984615,0.336384172007,0.11089745144,0.164991391938
0.204229363122,0.286778069287,0.273400473878,0.235592093712
0.384145362268,0.29933261624,0.295461810186,0.0210602113058
0.289527895533,0.280650929121,0.21517097576,0.214650199587
0.142522507085,0.693992808832,0.00479823434512,0.158686449738
0.0183794501631,0.529343167867,0.0857114796189,0.366565902351
0.237039459591,0.272042252564,0.224844791836,0.266073496009
0.169890778241,0.114934738838,0.0141667952481,0.701007687673
0.284016961502,0.255665016291,0.27413906704,0.186178955167
0.267329861637,0.0967559253301,0.367928672084,0.267985540949
0.137213687162,0.253237037534,0.435584842981,0.173964432323
0.395347565264,0.277202292256,0.318748333202,0.00870180927818
0.20258223036,0.391184138518,0.224200564404,0.182033066718
0.166019797986,0.194854563007,0.341257817135,0.297867821871
0.190830195865,0.420020312641,0.145264263284,0.24388522821
0.298765395737,0.212488335455,0.104054603281,0.384691665528
0.360777136563,0.133003374703,0.189876905554,0.316342583181
0.408725764408,0.334074324904,0.248555225717,0.00864468497062
0.0410737847294,0.341542053329,0.236826938209,0.380557223732
0.541096645641,0.198491458841,0.253828867879,0.00658302763954
0.286892516727,0.237160915767,0.298139211109,0.177807356397
0.425371766252,0.229695701704,0.291341933238,0.0535905988061
0.141012011405,0.373055177277,0.287901582236,0.198031229081
0.181905384397,0.360358003479,0.350799923589,0.106936688535
0.299745820071,0.295833502851,0.0767265596571,0.327694117421
0.59659650904,0.275974010555,0.0128374331722,0.114592047233
0.143323358517,0.468765437431,0.355326593098,0.0325846109548
0.284654730321,0.409005891985,0.238339068551,0.0680003091424
0.189900147379,0.127511929455,0.447374705503,0.235213217663
0.220978815179,0.259122114243,0.240636720726,0.279262349852
0.353138740768,0.149977175894,0.14576791792,0.351116165418
0.033103050455,0.537685459695,0.354261661487,0.0749498283632
0.115751492225,0.562969811265,0.0467746457234,0.274504050787
0.234339348184,0.31571889373,0.16191493531,0.288026822776
0.000446434594423,0.330377944552,0.345061759773,0.324113861081
0.36141128948,0.040314268728,0.413765689475,0.184508752317
0.229102247367,0.235199686109,0.110267053107,0.425431013417
0.305615061218,0.389001168784,0.149512031065,0.155871738932
0.357981953838,0.217097995216,0.313827533679,0.111092517267
0.242399517468,0.172331004819,0.281412228239,0.303857249474
0.46535637647,0.356396763561,0.146114759369,0.0321321005996
0.0894878056983,0.172940239153,0.507225908866,0.230346046282
0.249623893967,0.0406395409276,0.41795756191,0.291779003195
0.184073384991,0.452493084214,0.173749940706,0.18968359009
0.308150775997,0.0265602747449,0.345039231052,0.320249718205
0.0147167695644,0.74595476923,0.0310561889044,0.208272272301
0.223494940803,0.355804254055,0.353851372948,0.0668494321942
0.288894068651,0.18903594615,0.217662989637,0.304406995563
0.42414286073,0.379343281057,0.131449106942,0.0650647512713
0.161630208818,0.282267732081,0.318738184919,0.237363874183
0.308930944365,0.268136439569,0.407413715728,0.0155189003379
0.226735846591,0.241106586258,0.32824151049,0.203916056661
0.375299927012,0.329832381614,0.0925315138125,0.202336177561
0.237935304786,0.0812929731207,0.407608624384,0.273163097709
0.491317123018,0.013323368925,0.37198520524,0.123374302817
0.0243049369848,0.339525816034,0.286574054999,0.349595191982
0.123079571926,0.443907933739,0.238441492659,0.194571001676
0.202714978625,0.0270883469799,0.457784559719,0.312412114676
0.30671651646,0.431474317524,0.10552889984,0.156280266176
0.525774299286,0.041698152956,0.0456099661743,0.386917581584
0.0773646742103,0.510044638875,0.36377446804,0.0488162188752
0.31216538584,0.268980482023,0.374271034188,0.0445830979485
0.0651209861247,0.433816871562,0.370989648396,0.130072493917
0.204382329239,0.250189993491,0.326997142475,0.218430534795
0.105349603926,0.00934214099296,0.0425831383329,0.842725116749
0.429337497355,0.143055187386,0.415575758,0.0120315572591
0.0276577310038,0.323811556263,0.305183628585,0.343347084148
0.24778695424,0.280848587194,0.394794580449,0.0765698781169
0.160086797294,0.230943329292,0.190746326436,0.418223546979
0.326342411978,0.237985227784,0.321858962467,0.113813397771
0.324755957088,0.03898414099,0.21057549989,0.425684402033
0.0899906908717,0.258630668641,0.198985514978,0.45239312551
0.365248159851,0.211972849147,0.316995153643,0.10578383736
0.163460401347,0.111435094025,0.385668726292,0.339435778336
0.0149768008495,0.277840137371,0.195895817542,0.511287244238
0.0122187144455,0.628412580677,0.215135240126,0.144233464752
0.198495182793,0.501928641791,0.118811628,0.180764547416
0.720373792996,0.217490299487,0.0551245829065,0.00701132461015
0.103043689225,0.413387044788,0.199589804542,0.283979461445
0.249271205816,0.336040714472,0.410334946409,0.00435313330375
0.158806954161,0.350598728579,0.277278825328,0.213315491932
0.187833098798,0.289512066706,0.4609256997,0.0617291347967
0.0937479074288,0.482441796344,0.134823927636,0.288986368591
0.226370260548,0.537482755315,0.128451026743,0.107695957394
0.311215103389,0.147701877854,0.210074705541,0.331008313215
0.291229658703,0.257468173484,0.0456211656383,0.405681002175
0.0798307635022,0.341805295882,0.242993563161,0.335370377455
0.0947096438676,0.538266266068,0.122895541381,0.244128548683
0.0674655032116,0.34091408253,0.516533232755,0.075087181503
0.343003082425,0.31232000536,0.0905197378733,0.254157174343
0.0764070768766,0.257544555215,0.327246707592,0.338801660317
0.0775566207419,0.311292457372,0.350773779793,0.260377142093
0.166861889591,0.353495687196,0.171848023957,0.307794399256
0.0901501657284,0.39247280646,0.226614375053,0.290762652759
0.319540821632,0.15894574414,0.335866279237,0.185647154992
0.312130178274,0.210499148722,0.228722146769,0.248648526235
0.507561171781,0.0344853902882,0.109363577388,0.348589860542
0.197461102495,0.244111644263,0.257982049661,0.300445203581
0.172337504557,0.268903839897,0.157289464209,0.401469191337
0.115666061703,0.295763374832,0.243498086651,0.345072476814
0.302479079916,0.0202591508273,0.277096840163,0.400164929093
0.396364584671,0.0646966863831,0.334434554654,0.204504174292
0.283042492215,0.27185889224,0.397977297429,0.047121318116
0.347177205661,0.18622802094,0.460762809941,0.00583196345724
0.442058414297,0.172449846128,0.038171248013,0.347320491562
0.190968800096,0.255506739401,0.217345368756,0.336179091746
0.30223314684,0.311286853287,0.249335673917,0.137144325955
0.161563526879,0.312796239837,0.333475060526,0.192165172758
5.85522738217e-05,0.13734522932,0.150617138794,0.711979079612