0.104526591018,0.404688192493,0.244259945793,0.246525270696
0.296833471293,0.202922096502,0.0415811951083,0.458663237096
0.4060915755,0.367446121347,0.129738580043,0.09672372311
0.135418676298,0.254132848085,0.336256009525,0.274192466091
0.435018353577,0.155092501268,0.310932991618,0.0989561535371
0.482514439245,0.388615575006,0.0466100967048,0.0822598890433
0.469957483615,0.0463978534075,0.168620694961,0.315023968017
0.132333121627,0.280872586153,0.294228168968,0.292566123252
0.606432816996,0.0119609710799,0.350434126391,0.031172085533
0.365713689974,0.0574349573154,0.351216922701,0.225634430009
0.419034508752,0.0595671506358,0.126643851087,0.394754489525
0.137422853026,0.363518132499,0.392656768093,0.106402246382
0.339875318994,0.116958151317,0.294501713591,0.248664816098
0.287796271491,0.0173372003076,0.26695211212,0.427914416081
0.114668147859,0.419705327846,0.226589708825,0.239036815471
0.289754724214,0.167911263788,0.360219914608,0.182114097389
0.315733195315,0.150570393677,0.313560133036,0.220136277972
0.291736431052,0.170506053454,0.290162302309,0.247595213184
0.311077528347,0.418718030625,0.16482949588,0.105374945147
0.339156732277,0.151556063806,0.248946059461,0.260341144455
0.293261586229,0.181810294169,0.109965840512,0.414962279091
0.393607694246,0.227222661549,0.180835743968,0.198333900237
0.427892790068,0.130935223768,0.205918667655,0.235253318509
0.198980052413,0.0596444162301,0.523332810417,0.218042720939
0.260294874386,0.137420802656,0.387670253691,0.214614069267
0.285384532658,0.221777161967,0.173120694066,0.319717611309
0.118571200548,0.431412023788,0.404707300345,0.0453094753196
0.0184582994841,0.27909190687,0.19942046808,0.503029325566
0.264075220538,0.203753960368,0.187256564832,0.344914254263
0.333683881078,0.356579430375,0.106005173232,0.203731515315
0.336015650765,0.260888050622,0.33183904017,0.0712572584435
0.383964352695,0.390909859286,0.0775699565446,0.147555831474
0.204963916105,0.239562591859,0.276498790132,0.278974701905
0.235047762738,0.302123637493,0.27420187104,0.188626728729
0.114534895704,0.360219138112,0.303931441558,0.221314524627
0.29208772014,0.404314845063,0.123582079697,0.1800153551
0.13432719896,0.324926446135,0.377430930194,0.163315424711
0.31679495197,0.0823645576065,0.163361648694,0.437478841729
0.275469097186,0.270202189005,0.167692423633,0.286636290177
0.332836468545,0.111070481487,0.108812142579,0.447280907389
0.0508079362192,0.0547210952058,0.473172533901,0.421298434674
0.26125650139,0.161276878972,0.11838348422,0.459083135418
0.122334707332,0.551346419209,0.281724563078,0.0445943103814
0.134174393083,0.428856930814,0.422549587737,0.0144190883656
0.341340216261,0.430536350073,0.165134570889,0.0629888627773
0.349100160437,0.0518133312351,0.399910477594,0.199176030734
0.24175266812,0.37452211233,0.190367885223,0.193357334327
0.147698366171,0.273071039626,0.305021796237,0.274208797967
0.528569870265,0.0176542593136,0.436105106214,0.0176707642075
0.440750316268,0.12811572481,0.41708386684,0.0140500920813
0.0439161355179,0.176202516569,0.40832419327,0.371557154644
0.307735281924,0.120923516301,0.172771323173,0.398569878603
0.405584518596,0.340968274239,0.0135256237287,0.239921583437
0.0470742814234,0.370332534888,0.104607568376,0.477985615312
0.063041491719,0.399728850729,0.364456539345,0.172773118207
0.160936348462,0.234138371098,0.284904491695,0.320020788746
0.199008377397,0.0771847351442,0.402060470159,0.321746417299
0.0366271367437,0.388634379039,0.116670251397,0.45806823282
0.253612722096,0.0131091423766,0.321273933091,0.412004202436
0.658654383689,0.0688460125646,0.216584572344,0.0559150314023
0.06571839655,0.294002158583,0.281670916862,0.358608528006
0.37254221668,0.186407037498,0.131818642068,0.309232103755
0.170552144761,0.540497635763,0.188309426493,0.100640792983
0.127565395553,0.252542024616,0.296989533792,0.322903046039
0.47622582705,0.0471336317267,0.154007191377,0.322633349847
0.187529686997,0.49810181982,0.0687812235012,0.245587269681
0.389961889377,0.325143789614,0.257425284486,0.027469036523
0.291145999957,0.218632598866,0.188409745065,0.301811656112
0.21415886408,0.392413648341,0.377127875879,0.0162996116997
0.463537789519,0.154786495165,0.351197857863,0.0304778574527
0.249819309725,0.412914029984,0.184254874669,0.153011785622
0.0297072650701,0.344396419264,0.34091341899,0.284982896676
0.230482473833,0.0750768149346,0.0402119231402,0.654228788093
0.178711706311,0.558957893816,0.168551079862,0.0937793200109
0.0869887446521,0.0634718254443,0.218130253147,0.631409176757
0.0997958594715,0.341595461362,0.19287554577,0.365733133397
0.0698654767553,0.393617215006,0.267194362635,0.269322945604
0.249465449675,0.252231746809,0.193723099193,0.304579704324
0.313589587964,0.0830475957151,0.316253517804,0.287109298517
0.356708228575,0.292052339407,0.163244036962,0.187995395056
0.157929451889,0.355453572078,0.157631040078,0.328985935954
0.207056905174,0.383116955232,0.316994849771,0.0928312898224
0.147397708271,0.278408721678,0.0567470021492,0.517446567901
0.463780119686,0.228219362945,0.124006383028,0.183994134341
0.309039524031,0.41629806737,0.0819181830387,0.19274422556
0.136347384585,0.0509037566714,0.185710064755,0.627038793989
0.0159594158358,0.350629952656,0.496803507679,0.136607123829
0.203629654878,0.122366757784,0.540816949803,0.133186637534
0.381652117681,0.209230341717,0.146809844953,0.262307695649
0.0967943144769,0.36276286294,0.325608091521,0.214834731063
0.289617238872,0.309853986988,0.174827081011,0.225701693129
0.46580417356,0.0452844646001,0.158181761038,0.330729600801
0.256045799182,0.323063052255,0.0945347935237,0.32635635504
0.320474179181,0.385174037692,0.097529837191,0.196821945935
0.365150497975,0.139140981217,0.15842252791,0.337285992898
0.320211909267,0.0250396235353,0.331059032425,0.323689434773
0.0610838957378,0.363693863923,0.247161529093,0.328060711246
0.402698829191,0.135941544222,0.103788054434,0.357571572153
0.322820636567,0.419941153067,0.186069092591,0.0711691177745
0.391269800924,0.118033261957,0.251783204886,0.238913732233
0.355743584276,0.201265306686,0.0128051894664,0.430185919571
0.34377408648,0.35851505616,0.048416946888,0.249293910472
0.10757483139,0.390320236035,0.184697704432,0.317407228142
0.289233777771,0.10708616342,0.355580678846,0.248099379963
0.303706936002,0.0535347777804,0.355503725827,0.28725456039
0.260436892262,0.208802286043,0.344490011563,0.186270810132
0.250106662534,0.0623368800735,0.376393980891,0.311162476501
0.330871479672,0.0999078269723,0.261758489501,0.307462203855
0.0652228311555,0.286487858568,0.148350217793,0.499939092484
0.0118249336104,0.261423470702,0.416237488193,0.310514107495
0.23584246368,0.239218870858,0.408895164173,0.11604350129
0.675293684465,0.0843258593152,0.0608356526508,0.179544803569
0.454182247887,0.279658408943,0.205465459558,0.0606938836114
0.363692578507,0.201209623577,0.0589704646593,0.376127333257
0.400740597544,0.171881948611,0.400812424815,0.02656502903
0.0982267870818,0.501957582245,0.00929281658557,0.390522814087
0.175756608069,0.388977689703,0.136860192973,0.298405509255
0.485613263928,0.0212617908921,0.0961971067071,0.396927838473
0.0871996915778,0.378728871079,0.404328672961,0.129742764381
0.248648457096,0.375400235021,0.323319472154,0.0526318357296
0.367198042494,0.282732087505,0.0587325553659,0.291337314635
0.104512738615,0.338980367957,0.0686033065931,0.487903586834
0.0573372141837,0.110692346356,0.798969839635,0.0330005998249
0.555905499674,0.00628097613667,0.130627231006,0.307186293184
0.302586545767,0.020460482762,0.350437210425,0.326515761046
0.0820729126257,0.05906883492,0.413877699075,0.444980553379
0.214221665511,0.215916223636,0.322350335282,0.247511775571
0.319166128567,0.0229084035391,0.233065582037,0.424859885857
0.319562226788,0.328092315631,0.288196748667,0.0641487089141
0.183230267584,0.351593151452,0.284070735073,0.181105845892
0.300811447955,0.144544715725,0.283638347293,0.271005489027
0.441590098082,0.0582492838999,0.362718061809,0.137442556209
0.234724593648,0.199471902165,0.31590613195,0.249897372236
0.146494420734,0.21736699532,0.23915156256,0.396987021386
0.30458137739,0.0390815625015,0.38176699791,0.274570062199
0.299345529688,0.270858866143,0.408150873357,0.0216447308122
0.00034520338361,0.152123741867,0.378122776323,0.469408278426
0.227678169189,0.342929653075,0.297400379894,0.131991797842
0.512565336026,0.0957193417745,0.310454690357,0.0812606318418
0.378435889879,0.0481858215357,0.218436679623,0.354941608962
0.0220636738605,0.300797384767,0.0309192718006,0.646219669572
0.277706599853,0.0897543811624,0.330907553791,0.301631465194
0.306569672998,0.0553672676639,0.264657745237,0.373405314101
0.29865278421,0.620282012566,0.0359029192453,0.0451622839793
0.355950495983,0.43673109091,0.130499106768,0.0768193063386
0.135105529829,0.380609751887,0.214732658526,0.269552059757
0.20331937337,0.00552661441132,0.23394706046,0.557206951759
0.146898902337,0.105020696906,0.304442822556,0.443637578201
0.520377220656,0.0164382228938,0.329587373581,0.133597182869
0.21140974494,0.545858387697,0.0450073756976,0.197724491665
0.117501029188,0.285702628021,0.287839259245,0.308957083547
0.22425480719,0.29332969271,0.276719608743,0.205695891357
0.245849394735,0.185924433453,0.206830954784,0.361395217028
0.30266614228,0.112019411775,0.423223427415,0.16209101853
0.343557091693,0.168531225474,0.187983758345,0.299927924488
0.824707402386,0.0269388050122,0.0508206151574,0.097533177444
0.5727079796,0.0622985411909,0.0563931531762,0.308600326033
0.0432039619298,0.221944385957,0.516331851879,0.218519800234
0.385452721854,0.235458906505,0.00352848658159,0.37555988506
0.0368552366909,0.348928956163,0.300955432265,0.313260374881
0.0509117249033,0.0549751528823,0.658162560628,0.235950561586
0.206781694635,0.191881876096,0.302178798235,0.299157631034
0.421439877953,0.139812641374,0.423023091473,0.0157243892002
0.335212748827,0.202948606578,0.241926008913,0.219912635681
0.13606386442,0.30132770951,0.235651692766,0.326956733305
0.289308742428,0.283447809914,0.314576890727,0.112666556931
0.127494037406,0.371308995897,0.211598600744,0.289598365954
0.239164649538,0.256287444775,0.134922352219,0.369625553467
0.303263877071,0.155932789324,0.225132271981,0.315671061624
0.206828458192,0.306694808975,0.0941945342806,0.392282198553
0.0450442776175,0.260188188194,0.401971298788,0.292796235401
0.245907626465,0.258935850103,0.17555913619,0.319597387242
0.218933863259,0.323379886856,0.323087485032,0.134598764853
0.183224573851,0.228283771954,0.163733466246,0.424758187949
0.280672788695,0.0462990413407,0.430962892958,0.242065277006
0.0790448931126,0.0254562862178,0.38531116412,0.51018765655
0.240989370852,0.410008983757,0.186829879389,0.162171766003
0.410924550613,0.156224458086,0.385570746259,0.0472802450415
0.107289812876,0.347400068624,0.324161440053,0.221148678447
0.215538722816,0.327436674169,0.433554748218,0.0234698547968
0.18153459227,0.231837495694,0.381751881471,0.204876030565
0.164680461087,0.300419767337,0.190802635384,0.344097136192
0.094399823357,0.133295749416,0.559853154874,0.212451272353
0.131958656439,0.369080630796,0.312389881945,0.18657083082
0.149366742166,0.318074863994,0.303051248133,0.229507145707
0.283596982661,0.383751553865,0.202382710796,0.130268752677
0.177578413449,0.066127043882,0.253802083568,0.502492459101
0.203969278817,0.0153170496794,0.284744593862,0.495969077642
0.375597087038,0.366881505753,0.170047308514,0.0874740986952
0.252965736822,0.226889274703,0.330789727427,0.189355261049
0.413591534345,0.0295436915955,0.0267685001425,0.530096273917
0.221199895516,0.288543452708,0.481955081077,0.00830157069885
0.324994121962,0.0675672845275,0.368429813385,0.239008780125
0.344126224334,0.325791286029,0.197325039695,0.132757449942
0.098841503606,0.371126017813,0.171136730266,0.358895748315
0.256923000816,0.169465406951,0.403063888868,0.170547703365
0.501453188101,0.254282285481,0.220141386077,0.0241231403422
0.276830188078,0.4931235163,0.0799776005764,0.150068695046
0.286428576694,0.263131811226,0.245345277507,0.205094334573
0.214164459332,0.450469883099,0.272250665131,0.0631149924378