0.186524169927,0.166342282708,0.318827251349,0.328306296017
0.288447807206,0.155399350264,0.274405298471,0.281747544059
0.176819402221,0.22995177969,0.501888898114,0.0913399199747
0.330167123422,0.302222222028,0.0320205128579,0.335590141692
0.0403032525229,0.39354467767,0.362507485531,0.203644584277
0.392003860829,0.109639097458,0.155346220182,0.343010821532
0.00517798044698,0.171083935768,0.42193959284,0.401798490946
0.0632499517606,0.325006657528,0.359039959473,0.252703431238
0.424626387102,0.309915066831,0.108490840887,0.15696770518
0.124252653183,0.326686532883,0.269488870601,0.279571943334
0.0909939159546,0.240181973655,0.559737190575,0.109086919815
0.267688898221,0.348809029291,0.192738744207,0.190763328281
0.150404759359,0.461335831273,0.241759015796,0.146500393573
0.151873859775,0.374340568616,0.325571665206,0.148213906402
0.287168410431,0.0576509437125,0.363566395615,0.291614250242
0.31025471344,0.235236168426,0.278547297303,0.175961820831
0.0688057987064,0.265953878168,0.466378986448,0.198861336677
0.0720867982917,0.448463136248,0.456483871427,0.0229661940334
0.291113626947,0.144125262855,0.285547117712,0.279213992487
0.178309766649,0.354920298826,0.215782901301,0.250987033224
0.336529368804,0.153078347925,0.256711303442,0.253680979829
0.221684257923,0.168321551149,0.414921515084,0.195072675844
0.500277721236,0.207318440411,0.220195257881,0.0722085804724
0.209659565384,0.194945968006,0.302083000353,0.293311466256
0.44890416783,0.0424702785439,0.157377123689,0.351248429937
0.319774886036,0.307671235683,0.0337154068163,0.338838471465
0.0954328921325,0.455072764444,0.248269767824,0.2012245756
0.227844890692,0.114336156478,0.10593187845,0.55188707438
0.357975908102,0.0256012518849,0.278352980907,0.338069859106
0.0741882087951,0.457529980055,0.222092651615,0.246189159534
0.474863807497,0.194216620582,0.120043168839,0.210876403082
0.254370054933,0.271610373564,0.159087741296,0.314931830207
0.171765719205,0.564388298476,0.0505801374235,0.213265844896
0.186467999304,0.27819741869,0.388748666807,0.146585915198
0.129011775454,0.364138905232,0.220270110378,0.286579208937
0.417602051557,0.00970146370372,0.0986795337478,0.474016950992
0.424995513467,0.0907314224579,0.0860237445032,0.398249319572
0.141808605338,0.426933874951,0.395310540559,0.0359469791522
0.33259193915,0.133182303774,0.440341452843,0.0938843042338
0.198164526968,0.140770352426,0.233404051013,0.427661069593
0.510829809793,0.0335965157294,0.00226625624565,0.453307418232
0.147017223319,0.151666662806,0.256029690169,0.445286423706
0.131637243492,0.181414219351,0.408569576782,0.278378960375
0.266462658718,0.242746471806,0.286070547439,0.204720322037
0.747290729029,0.0226902834059,0.118257673857,0.111761313708
0.414817487329,0.0662644373823,0.0892023393575,0.429715735932
0.238808681426,0.0303087220655,0.541299472765,0.189583123744
0.304960263397,0.240544025289,0.370493337305,0.084002374009
0.164238136006,0.250193079762,0.409662769223,0.175906015008
0.340966904652,0.520874218138,0.0653231349823,0.0728357422272
0.200107639279,0.226247257655,0.21222193008,0.361423172986
0.361212332354,0.182167562913,0.200682042388,0.255938062345
0.219441855451,0.0199990731299,0.526673186956,0.233885884463
0.556736923581,0.00743290679383,0.372531857963,0.0632983116623
0.128569688636,0.5656986008,0.0517080689823,0.254023641582
0.201788535557,0.311555438834,0.246479203958,0.24017682165
0.0934999387273,0.242339337218,0.375852655968,0.288308068087
0.346084434881,0.112810552725,0.358841529036,0.182263483358
0.0106213539432,0.250891371181,0.451260592362,0.287226682513
0.220441621608,0.0582959983199,0.34993337542,0.371329004652
0.116683180543,0.437671914223,0.0870642522484,0.358580652985
0.343104937003,0.20534006763,0.157137820639,0.294417174728
0.126392062873,0.316450799802,0.320049313601,0.237107823724
0.191317098891,0.440076367,0.272478507122,0.0961280269867
0.151069841467,0.0867989406962,0.405365594437,0.356765623401
0.221174257848,0.256690342681,0.514704191815,0.00743120765578
0.133641843218,0.309936656628,0.264765999485,0.291655500669
0.221837004468,0.316594472855,0.00288107703582,0.458687445641
0.133291246044,0.276971643893,0.376112512366,0.213624597696
0.517323758862,0.0963649395422,0.300757454425,0.0855538471706
0.103887053527,0.00311302971971,0.352099602237,0.540900314516
0.328238363045,0.233414861102,0.0705500122459,0.367796763607
0.613178878992,0.0841558424898,0.0316846777803,0.270980600738
0.257358452426,0.00688392811575,0.375492246603,0.360265372854
0.305014883161,0.310473255385,0.0656865460145,0.318825315439
0.380398064913,0.33065167648,0.209898310042,0.0790519485657
0.172624890836,0.464609259526,0.0216451797446,0.341120669894
0.153236736069,0.152085589582,0.640198212366,0.0544794619832
0.325230057167,0.147913846216,0.353121719031,0.173734377586
0.247558724011,0.441964796701,0.10716581746,0.203310661829
0.167173710786,0.212289185719,0.388011246424,0.232525857071
0.0287156151057,0.102227151208,0.373886290979,0.495170942707
0.16909112285,0.247259423362,0.25773682186,0.325912631928
0.24307277797,0.401244720408,0.106503686641,0.249178814981
0.0705229094323,0.374781948561,0.232164769581,0.322530372426
0.187508872426,0.320501868604,0.0851347918467,0.406854467123
0.413933839769,0.0358491043473,0.049658387495,0.500558668389
0.263992533798,0.0306305630528,0.38505067987,0.320326223279
0.378319224695,0.340525191834,0.154198149622,0.12695743385
0.257591411642,0.293750626294,0.240139458278,0.208518503787
0.0733517422359,0.489804104929,0.189457215622,0.247386937213
0.144863744714,0.476192426858,0.287971618104,0.0909722103238
0.104707772607,0.165275000946,0.36942090669,0.360596319757
0.311827068945,0.223413967271,0.402511378527,0.0622475852576
0.0111983596707,0.259741801758,0.423735050391,0.30532478818
0.208995307557,0.343796035531,0.0252308082602,0.421977848652
0.206315679329,0.529382234714,0.250645049463,0.0136570364929
0.392035247297,0.309656143736,0.0157911333318,0.282517475635
0.218830917207,0.176083858916,0.394360093841,0.210725130036
0.0332035471546,0.0237113416703,0.347692131537,0.595392979638
0.0769849944928,0.127603669824,0.600957074677,0.194454261007
0.216375680477,0.181917814858,0.496970916451,0.104735588214
0.34599738085,0.157358901264,0.366432022379,0.130211695507
0.400341668533,0.0185573617602,0.289232290724,0.291868678983
0.0223260155289,0.363035070173,0.355570184252,0.259068730046
0.359906341179,0.127185246378,0.448131893669,0.0647765187746
0.470208428387,0.235687596678,0.262578746322,0.0315252286128
0.279015883072,0.263787663052,0.267868576842,0.189327877034
0.0498327003543,0.0596177410452,0.275310680874,0.615238877726
0.316416361572,0.16901769074,0.248588341747,0.265977605941
0.190588877915,0.0233257708872,0.358193736586,0.427891614612
0.349144662869,0.440406715706,0.172613310636,0.0378353107896
0.284555684155,0.24684237718,0.0763256002168,0.392276338447
0.385490747949,0.489645505198,0.0280133734352,0.0968503734182
0.310828921593,0.265792429013,0.122009594405,0.301369054989
0.328214346624,0.227763241457,0.20061629516,0.243406116759
0.273641424435,0.206006460891,0.101107983373,0.419244131301
0.159740596163,0.20360654208,0.603922510077,0.0327303516792
0.240827720562,0.362649758556,0.0406834807212,0.35583904016
0.140923855503,0.0134789532134,0.396019330039,0.449577861244
0.291679600954,0.290971466018,0.174688717196,0.242660215832
0.325225059932,0.25160312632,0.27363800138,0.149533812369
0.290423193007,0.130835839093,0.286664200764,0.292076767137
0.292145227434,0.0981958567221,0.304954789739,0.304704126105
0.370708248943,0.402189795641,0.00872516320795,0.218376792208
0.271290351596,0.0374492056196,0.392889112023,0.298371330762
0.29058615483,0.28870088607,0.363010734499,0.0577022246008
0.343981833831,0.0618729654611,0.130431035407,0.463714165301
0.260176234697,0.547805245777,0.121782001035,0.0702365184914
0.06269459266,0.266577252219,0.259037490376,0.411690664745
0.266880741688,0.0887099620084,0.544802510372,0.0996067859316
0.172026656756,0.23861747578,0.0809647408368,0.508391126627
0.228103986491,0.0704749839193,0.445266057752,0.256154971838
0.320901986212,0.197793249774,0.473656375676,0.00764838833779
0.391710400807,0.019123293423,0.336667500587,0.252498805183
0.211743163353,0.301689089647,0.320157333954,0.166410413045
0.254780635645,0.143787741059,0.25641388751,0.345017735786
0.416387692689,0.343023142325,0.137161987176,0.103427177811
0.260948479447,0.032648404729,0.281024976173,0.425378139651
0.0933799939123,0.345971979961,0.188019622881,0.372628403246
0.0309474054362,0.406071971419,0.409442392661,0.153538230484
0.325195986083,0.0529439556078,0.250928188507,0.370931869802
0.347850178497,0.159110126341,0.262385989678,0.230653705484
0.104879051956,0.556108321359,0.280385562989,0.0586270636954
0.342223075224,0.200543804649,0.00998910781167,0.447244012315
0.176778771501,0.313284730238,0.276431237357,0.233505260905
0.248534665733,0.276345019503,0.357963255973,0.11715705879
0.0941203006392,0.234042579243,0.510184609279,0.161652510839
0.224931680845,0.209054490963,0.377771578291,0.188242249902
0.347907376395,0.149189252417,0.407844276951,0.095059094237
0.310915965489,0.347996635429,0.0798629454153,0.261224453666
0.434893867972,0.204063945802,0.241162071197,0.119880115029
0.260990199136,0.314815490973,0.283756661872,0.140437648019
0.0923051905802,0.275485200738,0.311201318417,0.321008290265
0.313948565391,0.401993281377,0.163626864841,0.120431288391
0.46220255706,0.157307162781,0.205873195533,0.174617084627
0.253681524512,0.222063389095,0.277398079457,0.246857006936
0.275623441144,0.0953325473744,0.175231547064,0.453812464418
0.248970488806,0.189544454218,0.465255169571,0.0962298874051
0.288255482377,0.0693620059351,0.275777982279,0.366604529409
0.240192237189,0.00958140956865,0.578804083943,0.171422269299
0.351392482093,0.208812340782,0.239302984386,0.200492192738
0.177018228262,0.426127613604,0.234959177688,0.161894980447
0.160670891167,0.264501343828,0.312659106321,0.262168658684
0.323654840166,0.0955251347896,0.270273931467,0.310546093577
0.116212892626,0.115665032804,0.360276667032,0.407845407537
0.274945151896,0.111220278,0.234987353889,0.378847216215
0.0156985942056,0.389919355952,0.275471001672,0.318911048171
0.235080541654,0.325121189528,0.089582324511,0.350215944307
0.0863494261877,0.0703395636887,0.484585336488,0.358725673636
0.19641173477,0.301151408612,0.169926631902,0.332510224717
0.182947383925,0.0593361625404,0.454669995831,0.303046457703
0.585237822457,0.0129131726486,0.0124632119263,0.389385792968
0.51255970981,0.122979927438,0.278424989126,0.0860353736258
0.225686119156,0.207441820962,0.305758752218,0.261113307664
0.213522959914,0.34042467427,0.234045375093,0.212006990723
0.279781516227,0.213629263183,0.271035852118,0.235553368472
0.272283722189,0.356983600198,0.144381984524,0.226350693089
0.103401800924,0.373167720202,0.225590133556,0.297840345318
0.201824224331,0.459747000578,0.273864466458,0.0645643086331
0.600070637353,0.0109826227097,0.0803284085213,0.308618331416
0.0952708263125,0.350175069784,0.280144124998,0.274409978905
0.206123236428,0.226107764297,0.218677172807,0.349091826468
0.188159469218,0.634933074288,0.169413073137,0.00749438335724
0.241564714715,0.418626461185,0.038108034492,0.301700789608
0.271657097075,0.333707867177,0.18204578523,0.212589250518
0.593730389768,0.235270090147,0.0570534687266,0.113946051359
0.206737192158,0.383210762207,0.185053867988,0.224998177646
0.257504827585,0.320250475555,0.409506535641,0.0127381612199
0.352034933028,0.335919230985,0.177559155858,0.134486680129
0.358238680837,0.000247330409264,0.257487317299,0.384026671455
0.411659751715,0.236961801618,0.251154145452,0.100224301214
0.580494395617,0.107662586197,0.00800725836557,0.30383575982
0.195675599324,0.231898858416,0.257201161301,0.315224380959
0.372470615522,0.2164486068,0.376628974865,0.0344518028121
0.551980172025,0.325532204223,0.0740103554332,0.048477268319
0.358251428457,0.514391201368,0.0164094133835,0.110947956791
0.618992792871,0.15568175972,0.181445191319,0.0438802560895
0.598367910362,0.0792429503688,0.124235284643,0.198153854626
0.153966336845,0.179093580936,0.177398210652,0.489541871567