0.510632934419,0.0119234313057,0.0773457435876,0.400097890688
0.506739083699,0.212648101998,0.220382086094,0.0602307282091
0.342677113179,0.116219622746,0.152976082449,0.388127181626
0.234940851745,0.17643363921,0.341674205712,0.246951303333
0.211604029024,0.25151226265,0.293702950937,0.243180757389
0.119290224273,0.201871529344,0.678038287501,0.00079995888192
0.324479978983,0.38411681588,0.178073041812,0.113330163324
0.313063744391,0.0503212352026,0.34523060932,0.291384411087
0.257772464633,0.325200955803,0.276450017248,0.140576562316
0.268854016118,0.36839460373,0.22925158833,0.133499791822
0.175361472595,0.540181595081,0.28164383933,0.00281309299415
0.00108366176315,0.213641899237,0.546281706051,0.238992732949
0.281195025344,0.0652992684438,0.16300458123,0.490501124982
0.273659917591,0.494087847996,0.0998748722541,0.13237736216
0.208519031623,0.36623508595,0.325453411604,0.099792470823
0.196598859493,0.218287828469,0.289320262815,0.295793049223
0.218502492432,0.246967794603,0.343334139675,0.191195573291
0.0948799337143,0.325082866269,0.260274334452,0.319762865565
0.416840167982,0.485167503706,0.0266696543365,0.0713226739754
0.245315190219,0.0192767272517,0.269094593277,0.466313489252
0.278031408002,0.29794566878,0.0621492254103,0.361873697807
0.177336056059,0.317846682008,0.241979486086,0.262837775847
0.0721459456916,0.267996362234,0.306510003408,0.353347688666
0.223133215793,0.12532713523,0.487233701388,0.164305947589
0.294583443895,0.277718394383,0.360912215572,0.0667859461505
0.257676664677,0.248534436964,0.0811760462189,0.41261285214
0.278881278695,0.221810219023,0.304999813871,0.194308688411
0.0237200899223,0.488649864104,0.388886484665,0.0987435613087
0.238738414442,0.205886242286,0.233439585751,0.321935757521
0.194028103838,0.452048535245,0.062002838783,0.291920522134
0.532783228328,0.0983413389018,0.173033859858,0.195841572912
0.313898938282,0.337885346715,0.0682967021815,0.279919012821
0.353426197352,0.369794509785,0.0615646182063,0.215214674656
0.318897473475,0.0986790605912,0.107879647387,0.474543818547
0.417297442055,0.276412648211,0.208620251236,0.0976696584976
0.28505593652,0.31923070762,0.268946051788,0.126767304072
0.208708628612,0.37721073766,0.286731863133,0.127348770594
0.230410720929,0.322593447049,0.135439231167,0.311556600855
0.067021295662,0.217891781549,0.321635666087,0.393451256702
0.256972663301,0.250172571727,0.215874096253,0.276980668718
0.348676521763,0.0591700878679,0.516956602879,0.0751967874907
0.258830063618,0.568828155179,0.14136477338,0.0309770078234
0.449739186679,0.141784682164,0.164160262447,0.24431586871
0.0333426594969,0.266226321035,0.347276088061,0.353154931407
0.384072079512,0.0532679966081,0.187527108041,0.375132815839
0.270926610601,0.212595782748,0.395494617197,0.120982989454
0.0390068980275,0.250313569105,0.38761250352,0.323067029348
0.253437045295,0.348278026106,0.196743200854,0.201541727746
0.3146054302,0.104384308986,0.331619147947,0.249391112866
0.224073807917,0.280628604589,0.249618506813,0.245679080681
0.23516720914,0.166413400145,0.156449958754,0.441969431961
0.318953063353,0.188383093793,0.140010689606,0.352653153248
0.576247882251,0.00220851586967,0.235231397287,0.186312204593
0.0951724297381,0.411142345591,0.23473943615,0.258945788521
0.130798408374,0.4915048105,0.164447712676,0.213249068449
0.243662232122,0.222816715072,0.344271176011,0.189249876795
0.23612970043,0.261754529466,0.249664113032,0.252451657072
0.341188899616,0.2747984718,0.273336937655,0.110675690929
0.0312782269565,0.58597587731,0.30302153268,0.0797243630537
0.184563949185,0.352435356838,0.101379488968,0.361621205008
0.066737531747,0.224934084109,0.36994184529,0.338386538853
0.299503823466,0.164702038655,0.449678009895,0.0861161279845
0.321474193387,0.0896554737038,0.21157601562,0.377294317289
0.0881125877721,0.340284838436,0.250971180183,0.320631393609
0.328015946444,0.0951111156106,0.359638162444,0.217234775501
0.406299739986,0.120248490946,0.395638914666,0.0778128544021
0.324259317429,0.0466693087002,0.278370865513,0.350700508358
0.284473367711,0.092330425003,0.46466801855,0.158528188736
0.344003986828,0.0405716544474,0.296779503961,0.318644854763
0.00939712421838,0.404813296847,0.188544653196,0.397244925738
0.132933483849,0.3865215507,0.440706050847,0.0398389146037
0.260047284529,0.340300006221,0.227634508013,0.172018201237
0.136627266418,0.252159474499,0.371240978036,0.239972281047
0.45002420092,0.160948836773,0.346205347002,0.0428216153053
0.0294121873074,0.343957912142,0.345173251898,0.281456648652
0.307631552648,0.286124078982,0.0835141145825,0.322730253787
0.235160492598,0.0184722023802,0.22320709737,0.523160207652
0.128140719842,0.365250543158,0.401500588674,0.105108148326
0.460136519213,0.0321901402245,0.316752053806,0.190921286756
0.0120800660335,0.0801635992554,0.391352595407,0.516403739304
0.413003009037,0.199523822116,0.100256285834,0.287216883013
0.0362754013157,0.466982012985,0.352636628114,0.144105957585
0.219379529893,0.385093316252,0.0400536889553,0.355473464899
0.00549799949526,0.0504215736028,0.6441598175,0.299920609402
0.123114102483,0.641559652603,0.0469404442326,0.188385800681
0.323947722456,0.362059018763,0.200635598855,0.113357659926
0.0585282622278,0.658635995,0.036543103865,0.246292638908
0.312919447701,0.0507829426085,0.316820042054,0.319477567636
0.402371289997,0.0165433323156,0.172376952468,0.408708425219
0.17554407572,0.297853393183,0.313059854657,0.213542676439
0.485937849966,0.283981869058,0.145864452852,0.0842158281243
0.361060507523,0.175343275793,0.361397601824,0.10219861486
0.0911411252532,0.380755976555,0.442156508925,0.085946389267
0.167229356146,0.175482959099,0.644246630413,0.0130410543426
0.383436596712,0.406646234206,0.155970905054,0.053946264027
0.268798037343,0.0777092238131,0.233951727067,0.419541011777
0.377986191878,0.408124564268,0.0367270968353,0.177162147019
0.491473946637,0.375625836942,0.0563708768664,0.0765293395542
0.305461761891,0.320499609154,0.283241914156,0.0907967147988
0.416925356389,0.132489848675,0.0127370473595,0.437847747577
0.133076949873,0.447252953932,0.0488289161219,0.370841180073
0.0984583538247,0.515287692518,0.0438719368653,0.342382016792
0.262765148899,0.382144111937,0.105701239079,0.249389500085
0.418385399267,0.158285275327,0.371353535183,0.0519757902229
0.446063847763,0.459939510757,0.0161118601084,0.0778847813723
0.107584215036,0.355311075749,0.43739682301,0.0997078862046
0.188109222805,0.350215973192,0.0722864233051,0.389388380698
0.165368379128,0.228831938158,0.0690415159971,0.536758166716
0.10035761064,0.368591903082,0.0217924452952,0.509258040983
0.341143919687,0.208013104587,0.0944125282206,0.356430447506
0.171745543258,0.186949169607,0.328129771079,0.313175516056
0.152711659189,0.677342922669,0.10596052742,0.0639848907227
0.224170074614,0.144053296606,0.332676944949,0.29909968383
0.250049066448,0.264166657351,0.205978184434,0.279806091766
0.258049276956,0.151490647812,0.280228974705,0.310231100527
0.350557096752,0.114425457718,0.102544953681,0.432472491849
0.0277277423088,0.0888850739173,0.273773178602,0.609614005172
0.267515903925,0.318674990341,0.390192514231,0.0236165915025
0.306931810149,0.115851494604,0.306134301436,0.271082393811
0.395191987295,0.403297019973,0.185883518464,0.0156274742675
0.0884303309243,0.233109025147,0.247666399404,0.430794244524
0.286683943594,0.180214252467,0.401919232687,0.131182571252
0.24151834983,0.361527459844,0.180631389023,0.216322801303
0.276174429727,0.122944969777,0.43358334789,0.167297252606
0.280796082874,0.278019543595,0.329590900728,0.111593472802
0.211873165235,0.348896270354,0.38653819912,0.0526923652907
0.356227685829,0.25121048799,0.342532433851,0.0500293923295
0.221811760752,0.40765597883,0.289551615374,0.0809806450439
0.265305939521,0.127382841793,0.171794642132,0.435516576554
0.307242404704,0.354192202994,0.153400356006,0.185165036295
0.40212634399,0.109575642651,0.411552210253,0.076745803106
0.0637120397314,0.389744155005,0.0932763611418,0.453267444122
0.0413007821861,0.0707767037128,0.707566331381,0.180356182721
0.494114765185,0.156175876757,0.121657323197,0.228052034861
0.331793909945,0.0418856802761,0.323639413731,0.302680996047
0.313140895708,0.2960161017,0.0927224713158,0.298120531277
0.288018191907,0.263902920993,0.230600347668,0.217478539432
0.133020475797,0.217041591964,0.0581252325172,0.591812699722
0.345298315023,0.138499507315,0.252811119068,0.263391058593
0.194072172448,0.47976151358,0.203227761977,0.122938551996
0.285416976196,0.172825488653,0.0739823420473,0.467775193103
0.146789228592,0.357617865284,0.456600711396,0.0389921947276
0.235692528626,0.220042369297,0.215969107614,0.328295994462
0.00180056835007,0.269693218437,0.36372335511,0.364782858103
0.277571885595,0.321741943272,0.231946666824,0.168739504309
0.0144089191828,0.255267835843,0.220523375378,0.509799869597
0.0676164572021,0.25849469185,0.312301796917,0.361587054031
0.0903276999816,0.544283371893,0.0139708973703,0.351418030755
0.368732858383,0.150471173466,0.319396204743,0.161399763408
0.14395453369,0.148966805747,0.501199529793,0.205879130771
0.519298249571,0.451146590734,0.0248967165431,0.0046584431514
0.246490868774,0.370828790581,0.144056457001,0.238623883644
0.0119345863059,0.495348196958,0.405557796958,0.0871594197775
0.317240190775,0.0365160556967,0.0988206471661,0.547423106363
0.315357741377,0.120315089332,0.245675237817,0.318651931474
0.25199791675,0.298487161891,0.261976505504,0.187538415855
0.049916358561,0.586122751278,0.0944817505568,0.269479139604
0.286459789402,0.0167503119328,0.274561045846,0.42222885282
0.200931729532,0.344936940389,0.0980178279954,0.356113502083
0.164632445413,0.350108268206,0.129252107871,0.35600717851
0.271460717066,0.278460081221,0.276776063861,0.173303137852
0.318359633109,0.525733798356,0.127546537178,0.0283600313571
0.396692530581,0.257490432801,0.150465180769,0.195351855849
0.388681668521,0.322122492629,0.00818761912106,0.281008219729
0.412142671548,0.258541461685,0.319150722866,0.0101651439011
0.28615729226,0.390115408895,0.0476218229614,0.276105475884
0.451782613433,0.313980702228,0.228263837582,0.00597284675728
0.107457017436,0.365218589171,0.107339632863,0.41998476053
0.201054445885,0.31127467945,0.0272532963567,0.460417578309
0.232392647687,0.347071841115,0.139998962926,0.280536548272
0.0451066072324,0.240186752375,0.288474371169,0.426232269224
0.284775954755,0.310721286701,0.342554734664,0.0619480238807
0.00589734077395,0.442117609828,0.396215070635,0.155769978763
0.295271665158,0.291855178778,0.0900305623406,0.322842593724
0.0115687530477,0.283100684018,0.402387714875,0.30294284806
0.393195405596,0.1119965264,0.43826352098,0.0565445470237
0.237716777622,0.414656008483,0.340690011978,0.00693720191764
0.529708957576,0.0256895998337,0.396986767192,0.0476146753981
0.489291815613,0.0980629727527,0.335094835403,0.0775503762309
0.236380773325,0.223149098288,0.146606645578,0.393863482809
0.206377872766,0.148835624906,0.306979779823,0.337806722505
0.182207911998,0.0986322771557,0.395120676291,0.324039134555
0.383471625313,0.0395379699885,0.233979681196,0.343010723502
0.108879479372,0.34852825814,0.144662153347,0.397930109141
0.555694938883,0.291461645109,0.0803364145658,0.0725070014415
0.3652777946,0.342568701455,0.216358604558,0.0757948993876
0.340127491214,0.153348736584,0.168178843171,0.338344929031
0.196623245633,0.369930023929,0.0648269256779,0.368619804761
0.0153113293486,0.536536407088,0.445565977067,0.00258628649656
0.382214711978,0.132963822855,0.0612422521067,0.42357921306
0.120057390117,0.467091833741,0.122902807322,0.28994796882
0.369026265192,0.244340157474,0.326350143315,0.0602834340183
0.052120360897,0.014832893029,0.405041787185,0.528004958889
0.304168300595,0.230334858273,0.196062013751,0.269434827381
0.188516082693,0.399730940747,0.158477849283,0.253275127277
0.355113335555,0.143972823433,0.0947722115475,0.406141629465
0.161222999279,0.0948811165305,0.500573740699,0.243322143491
0.0799715321962,0.139194090674,0.489408354258,0.291426022872
0.380118347688,0.105090526577,0.174971613673,0.339819512062
0.0043476272925,0.399313270117,0.470292197495,0.126046905096