0.0189168241939,0.0447197041715,0.287089591965,0.64927387967
0.242331396674,0.229645348016,0.282232199134,0.245791056176
0.224163286083,0.166951364099,0.287571133216,0.321314216601
0.270775021719,0.203242949846,0.19930136459,0.326680663844
0.380937065914,0.249848863879,0.350414344129,0.0187997260785
0.399245097737,0.0377491545898,0.36110409822,0.201901649453
0.428734387904,0.440285602021,0.063914900361,0.0670651097139
0.241937195619,0.214272268186,0.453522918548,0.0902676176468
0.155030571318,0.253230698781,0.25182581288,0.339912917021
0.528769986675,0.221765206927,0.0177957561853,0.231669050213
0.231388395838,0.188167197668,0.484453550727,0.095990855768
0.25860544323,0.0789674658394,0.351090249745,0.311336841187
0.187785244128,0.471440432768,0.00547443764783,0.335299885456
0.234762797156,0.16066532649,0.138915748777,0.465656127577
0.373951249026,0.0272611696047,0.170589048345,0.428198533024
0.10843946238,0.329740517522,0.245372303124,0.316447716974
0.189553032595,0.309043300119,0.277731868858,0.223671798428
0.0756434391142,0.386288442692,0.328258930446,0.209809187747
0.107604198496,0.235791073396,0.33717811259,0.319426615518
0.0728836247265,0.129584006032,0.407977065023,0.389555304219
0.0763669364549,0.0420093945239,0.55778543425,0.323838234771
0.199854504608,0.0475108873192,0.426467829553,0.32616677852
0.332715063119,0.327875048352,0.0572891240741,0.282120764455
0.32652635833,0.06430230442,0.301991377971,0.307179959279
0.0991500240674,0.303760338476,0.384335925019,0.212753712438
0.108014568358,0.430213615835,0.230340368192,0.231431447616
0.447709981668,0.0398110020513,0.0378317445289,0.474647271752
0.00683398156262,0.768258685798,0.164652714581,0.060254618058
0.0268455367471,0.261676065775,0.210262621124,0.501215776355
0.25727366289,0.300149839519,0.252645428863,0.189931068727
0.416113271569,0.164575288321,0.190966301556,0.228345138553
0.115427511289,0.525651831343,0.193967405246,0.164953252121
0.0372502943601,0.294081643338,0.334656755804,0.334011306498
0.213227902199,0.167007018353,0.595299177085,0.0244659023631
0.478690689259,0.0803413123168,0.258974641067,0.181993357357
0.324987494494,0.098021871166,0.304471163505,0.272519470835
0.562486028568,0.325888710127,0.0336914028714,0.0779338584342
0.0192922111193,0.482290101372,0.258255339877,0.240162347632
0.327390046982,0.0511093160001,0.244886877269,0.376613759749
0.58715319459,0.167558893214,0.0770306668027,0.168257245394
0.377539964232,0.327492861658,0.00467420902815,0.290292965082
0.0948024535961,0.250442534256,0.309515189593,0.345239822555
0.00454353933542,0.424373982774,0.505931958015,0.0651505198751
0.294674879042,0.456602282864,0.0578563828232,0.190866455271
0.272252889528,0.366485340039,0.231042481919,0.130219288514
0.117839247633,0.30888790971,0.350076690589,0.223196152069
0.348762121435,0.113677679844,0.303687045413,0.233873153308
0.359653422769,0.323508353489,0.0850388383569,0.231799385385
0.271912708325,0.337335002739,0.335782253094,0.0549700358425
0.274365473394,0.0910845994685,0.325069123386,0.309480803752
0.27708006894,0.257523870377,0.435709438097,0.0296866225865
0.367430360058,0.0553539782246,0.503815515702,0.073400146015
0.25930408832,0.209244655675,0.131046385501,0.400404870503
0.469558935224,0.16530872095,0.158171511408,0.206960832418
0.479614218884,0.013472855109,0.0253981808944,0.481514745113
0.0079993356098,0.545654435903,0.41909096418,0.0272552643065
0.363047513431,0.199146494481,0.297466576027,0.140339416061
0.405273889799,0.35179219153,0.239999456324,0.00293446234712
0.405474207024,0.343690995101,0.170861283203,0.0799735146724
0.232282193973,0.0384108008373,0.407550539236,0.321756465953
0.0407799525724,0.446756830964,0.424739030048,0.0877241864158
0.323443110245,0.328595167934,0.175708732629,0.172252989192
0.0917895074728,0.515094198142,0.227760724365,0.16535557002
0.36112634984,0.491249483991,0.0441868873405,0.103437278829
0.293198063518,0.206260413875,0.232596351975,0.267945170632
0.302954713484,0.364373380549,0.194945228966,0.137726677001
0.171518308523,0.194404519166,0.225093389857,0.408983782454
0.409510802281,0.151350046584,0.399693665873,0.0394454852621
0.0243843161623,0.468219099707,0.270206963991,0.237189620139
0.174543770827,0.15838926333,0.346034899621,0.321032066222
0.287164592788,0.266452465567,0.224612991893,0.221769949752
0.471648077418,0.214992840862,0.119070288173,0.194288793547
0.210294597432,0.385081895175,0.384354195604,0.0202693117886
0.0465633475181,0.631609547658,0.278169450165,0.0436576546588
0.297268118008,0.413019839382,0.282514492147,0.00719755046224
0.453511812689,0.0237688610799,0.282304233408,0.240415092824
0.371349509684,0.339140998933,0.243133392308,0.0463760990745
0.216152166658,0.211304368763,0.304147927337,0.268395537242
0.174906246352,0.356601029529,0.295474631271,0.173018092847
0.438578379009,0.218514921407,0.142104840178,0.200801859406
0.25343536742,0.255958565803,0.0997814261342,0.390824640643
0.314671945444,0.292439201721,0.137242432522,0.255646420313
0.260365413717,0.0552315724689,0.440383170109,0.244019843705
0.401052436969,0.293845503613,0.00533971284791,0.299762346571
0.271851606562,0.112444930726,0.498599760409,0.117103702302
0.0624765010193,0.224403582043,0.278333182892,0.434786734046
0.0184976645345,0.00829255218198,0.729381600824,0.243828182459
0.0383287864269,0.485558196777,0.14231433574,0.333798681055
0.0756112716491,0.38519222772,0.179476283431,0.359720217201
0.330609954567,0.29230867004,0.371643092563,0.00543828283008
0.103574162074,0.293643207664,0.23434131567,0.368441314593
0.440769311975,0.10283755483,0.143092239086,0.31330089411
0.0229924823029,0.410809976823,0.42461209598,0.141585444894
0.0370740283804,0.323858483587,0.277861328874,0.361206159159
0.0114053716967,0.261597745846,0.344625973294,0.382370909163
0.690602966219,0.0737051681179,0.199960114893,0.0357317507698
0.341853045471,0.329826573728,0.117606679964,0.210713700837
0.293041140539,0.146051720014,0.331489487133,0.229417652313
0.367641923925,0.400742738369,0.0603996044668,0.17121573324
0.240583193211,0.125823047032,0.483066013664,0.150527746093
0.1910771613,0.402755059542,0.117282890197,0.288884888961
0.220281197028,0.197999512083,0.313627451612,0.268091839278
0.0831151171633,0.360625900492,0.255179738076,0.301079244269
0.0783529874636,0.13977324739,0.553630321338,0.228243443809
0.154064018718,0.168289427735,0.28922030805,0.388426245497
0.0792324517459,0.0621568399511,0.56551207703,0.293098631273
0.109644581306,0.35228594252,0.184026074696,0.354043401478
0.286762930579,0.296474149758,0.20461957889,0.212143340773
0.312144421911,0.155180078019,0.393628656409,0.139046843661
0.203735745782,0.428521922478,0.0325730799719,0.335169251768
0.275821373682,0.239751864142,0.423665580929,0.0607611812464
0.0376655051367,0.330771008453,0.482310333724,0.149253152686
0.202179772096,0.268001049722,0.320500861601,0.20931831658
0.338809902429,0.211354006626,0.103785541434,0.346050549511
0.174340170651,0.298860975848,0.272213452979,0.254585400522
0.0109723758511,0.615040883774,0.274639296028,0.0993474443468
0.563297337527,0.020646976334,0.0502552367298,0.365800449409
0.0624720320793,0.240859190551,0.427663973832,0.269004803537
0.0830212432133,0.529483911695,0.0116492724335,0.375845572658
0.451255626283,0.100893626698,0.18918989806,0.25866084896
0.123490799501,0.281258936752,0.209464831374,0.385785432373
0.45077898562,0.412653512638,0.0887495960597,0.047817905683
0.0549115690522,0.477256991223,0.037521285274,0.430310154451
0.222147238746,0.175622050207,0.477358115377,0.12487259567
0.0506678586685,0.144658031996,0.532199031563,0.272475077772
0.296388855166,0.261933160343,0.0451734155218,0.396504568969
0.0796521593769,0.127646700535,0.564434042522,0.228267097566
0.385043682402,0.273109060107,0.116900498465,0.224946759027
0.370289321921,0.375017181822,0.0862262839747,0.168467212282
0.23449138351,0.48517362856,0.152925307166,0.127409680764
0.335649950249,0.133403312011,0.228775110878,0.302171626862
0.354172473677,0.354519731413,0.0784858363159,0.212821958595
0.0320174549531,0.350088197554,0.111775563954,0.506118783539
0.229373074742,0.0786953896227,0.346144118495,0.34578741714
0.268029674706,0.306805238702,0.173281325671,0.251883760922
0.365987461182,0.245792303703,0.145466856111,0.242753379004
0.364055364009,0.0914403223664,0.428860822331,0.115643491294
0.330664738101,0.151351463842,0.198593158766,0.319390639292
0.370783292111,0.00139062213588,0.200862281398,0.426963804355
0.0675581142958,0.249730091139,0.196636276062,0.486075518504
0.258095756562,0.053795274456,0.348782811302,0.33932615768
0.0817926465122,0.117255219299,0.534439254699,0.266512879491
0.128401295425,0.457622859553,0.27869322577,0.135282619251
0.140010599287,0.287948205857,0.286157975684,0.285883219173
0.172196296893,0.372523189781,0.0316058381441,0.423674675181
0.0682383944683,0.23026368375,0.101689799207,0.599808122575
0.0880836150407,0.32322691806,0.336079650753,0.252609816146
0.381646564618,0.362838139635,0.0480676590995,0.207447636648
0.289951674404,0.153160775282,0.262445759751,0.294441790563
0.153687566823,0.0611349757936,0.378078255474,0.407099201909
0.220408770707,0.313841231534,0.326166163522,0.139583834237
0.18990884021,0.39159371463,0.317545226411,0.100952218748
0.346921161324,0.228178719166,0.183828744554,0.241071374956
0.230159773432,0.0229363936302,0.492908736972,0.253995095966
0.250028289157,0.501606256216,0.0275124283064,0.22085302632
0.294949040144,0.310561561638,0.3312315825,0.0632578157183
0.164761165051,0.392195814368,0.345637203938,0.0974058166434
0.326641344532,0.20714687004,0.295359405,0.170852380428
0.445178215092,0.149617338493,0.0675107368313,0.337693709583
0.0485899154794,0.505524533761,0.168903721545,0.276981829215
0.185866131242,0.232799803338,0.224050694815,0.357283370606
0.144516522437,0.167175435727,0.348195555377,0.340112486459
0.0770845596952,0.24406798086,0.386640240589,0.292207218856
0.0506324690472,0.195600238048,0.335867335119,0.417899957786
0.103350661137,0.285429201158,0.238991019633,0.372229118072
0.108340659547,0.288130044472,0.299989131679,0.303540164302
0.23769265748,0.37136410159,0.137699681322,0.253243559607
0.145690247124,0.328471438114,0.185358222568,0.340480092194
0.368601103522,0.197796336902,0.229308845258,0.204293714318
0.234758882655,0.260293576618,0.200179511806,0.304768028922
0.243399944401,0.261670726231,0.491004441883,0.00392488748475
0.215294554444,0.267353951066,0.126940133397,0.390411361093
0.0147324005175,0.492070815541,0.211248693448,0.281948090494
0.399311233187,0.203341006987,0.00376453090971,0.393583228916
0.109978825189,0.242381726155,0.331041158412,0.316598290244
0.326716090227,0.407466846046,0.261437178986,0.00437988474077
0.178553934134,0.324789684901,0.137195088807,0.359461292158
0.265766767096,0.100545438234,0.516863887116,0.116823907553
0.0973751629833,0.418442787975,0.184216262941,0.299965786101
0.224694391758,0.270587308566,0.214250636788,0.290467662889
0.297254263573,0.225817270349,0.16275715185,0.314171314229
0.493272393329,0.153661067089,0.183977123644,0.169089415938
0.375274610872,0.360889037373,0.122181280013,0.141655071743
0.31952906713,0.117556085211,0.283855106416,0.279059741243
0.00493808643816,0.431491474685,0.476247793046,0.0873226458313
0.214991644154,0.550244020019,0.00856473638755,0.22619959944
0.204210995556,0.255838152199,0.310174644844,0.229776207402
0.388726836575,0.117767916415,0.106891169519,0.386614077491
0.175267325168,0.17820901766,0.318838539119,0.327685118053
0.0359615721671,0.024112499054,0.883823608869,0.0561023199101
0.196187657479,0.383637961578,0.0627494151866,0.357424965756
0.380831218806,0.45844535686,0.08610159416,0.0746218301738
0.137331944728,0.195578133815,0.33362358299,0.333466338467
0.302998555978,0.302834391119,0.0590622177548,0.335104835148
0.413823279635,0.164782226306,0.21264406764,0.208750426419
0.257067841197,0.282777618974,0.121543748754,0.338610791075
0.313349193114,0.244649777074,0.400280289896,0.0417207399169
0.302798244675,0.31780843296,0.297168553611,0.0822247687543
0.249420873443,0.268431033067,0.397129118534,0.0850189749562
0.154688157292,0.315242838846,0.314220996377,0.215848007485