0.223133538494,0.233320200167,0.179300611569,0.364245649769
0.306762901261,0.333907525174,0.0613414965114,0.297988077053
0.149323224415,0.36436626111,0.256456370405,0.229854144071
0.0794063215536,0.309082377304,0.309037520696,0.302473780446
0.305020673864,0.268931005465,0.214313253148,0.211735067522
0.464064548569,0.363541112493,0.153437057784,0.018957281153
0.139698423858,0.504728551949,0.199920749522,0.155652274671
0.125044678696,0.432127319848,0.214436082048,0.228391919408
0.0323705453774,0.479070423709,0.262870798764,0.22568823215
0.284650760745,0.327091115251,0.270612468832,0.117645655172
0.0554572442572,0.4774486751,0.0918399433524,0.375254137291
0.146055772482,0.305617210784,0.215623523833,0.332703492901
0.370902154088,0.565342475959,0.0370156743541,0.0267396955997
0.300045134273,0.295699833994,0.165714594879,0.238540436853
0.126079698398,0.164962916162,0.523176445623,0.185780939816
0.139591714588,0.381678423531,0.321741352965,0.156988508916
0.104151604501,0.26104612455,0.304267239566,0.330535031383
0.331593602577,0.218676683676,0.17437229128,0.275357422467
0.429207556791,0.0385260049183,0.164488089889,0.367778348402
0.258368666564,0.508775437055,0.0382919369404,0.19456395944
0.591252222864,0.0785840257392,0.169081170068,0.161082581329
0.42219404858,0.0920595901199,0.217916994965,0.267829366336
0.157256503264,0.252668308121,0.348987435293,0.241087753322
0.500400901736,0.154956825297,0.304409033177,0.0402332397908
0.482797810163,0.324817520815,0.140862023398,0.0515226456242
0.200792025113,0.185285073088,0.444423915562,0.169498986237
0.270508952708,0.0141796450057,0.00564774879293,0.709663653494
0.168586072414,0.378941942058,0.105954082546,0.346517902982
0.363708809188,0.275943577513,0.346250570793,0.0140970425058
0.211753598681,0.390249002574,0.373276179696,0.0247212190491
0.159798939561,0.328697589691,0.169942025557,0.341561445191
0.0401295090915,0.321332197943,0.0711013363109,0.567436956655
0.362084049586,0.184530028298,0.304004227,0.149381695116
0.436853279061,0.397168639623,0.122313708102,0.0436643732133
0.322916603285,0.260920141043,0.201657023308,0.214506232365
0.268034547622,0.254748727633,0.212345807888,0.264870916857
0.120668931516,0.443263555023,0.323501507459,0.112566006002
0.209416202019,0.207126614097,0.00683488942214,0.576622294462
0.400614831256,0.370045889379,0.0489071599802,0.180432119385
0.397639718694,0.162880854331,0.367706394556,0.0717730324179
0.0808488802722,0.374286539337,0.048949974023,0.495914606368
0.0805572399576,0.33449567953,0.531626194246,0.0533208862668
0.3333157826,0.373675337505,0.088202976901,0.204805902994
0.346580433991,0.0354693337312,0.562853378204,0.0550968540734
0.174385382905,0.280336395228,0.345286825988,0.199991395879
0.048553829123,0.567147623807,0.355594841279,0.0287037057912
0.406009724315,0.247832980951,0.300466086185,0.0456912085489
0.0242951080695,0.330421815948,0.30590676956,0.339376306422
0.284326144017,0.477182582775,0.0709385356405,0.167552737568
0.221518296738,0.197228324745,0.194044191737,0.38720918678
0.314324718682,0.331315709825,0.0237333444782,0.330626227015
0.484645028327,0.202087827953,0.210404164614,0.102862979106
0.211312491522,0.29349021958,0.196383823262,0.298813465636
0.219200757666,0.541764420965,0.227524808355,0.0115100130144
0.353114672278,0.223710278854,0.316074889327,0.10710015954
0.461975816275,0.105562458249,0.246957192768,0.185504532708
0.0944667435763,0.142170038275,0.276205907051,0.487157311098
0.58418423495,0.271223176046,0.00262492983664,0.141967659168
0.406369407653,0.0418730847596,0.0445341394226,0.507223368165
0.0345120195922,0.422164998536,0.44445242832,0.0988705535515
0.363840852278,0.369835052096,0.0664536961524,0.199870399473
0.152469828809,0.368934421494,0.0659926085177,0.412603141179
0.330243391044,0.280698870389,0.195945840772,0.193111897795
0.492496916115,0.390024354006,0.0779148609349,0.0395638689446
0.348409476112,0.200772325929,0.205552203307,0.245265994652
0.342196939055,0.16250072808,0.334182568087,0.161119764777
0.00285495932689,0.668281251624,0.169164498584,0.159699290464
0.446192347946,0.14263450878,0.159178865802,0.251994277472
0.292533124054,0.274506173031,0.194174941653,0.238785761262
0.0826519380955,0.438837021968,0.399742685739,0.0787683541982
0.280124961904,0.263296269158,0.0701171056391,0.386461663298
0.298625748175,0.310592988193,0.343206899134,0.0475743644979
0.0539157711439,0.219501044577,0.13833937653,0.588243807748
0.178036190768,0.228849233018,0.204774337236,0.388340238978
0.217595807391,0.438913909308,0.186514605119,0.156975678181
0.194292622368,0.290372359561,0.29326507261,0.22206994546
0.0995967124532,0.0132150947602,0.265452811779,0.621735381008
0.657579754506,0.256998795664,0.0620909675635,0.0233304822668
0.0667042792746,0.312820262063,0.508092562763,0.112382895899
0.285225382124,0.415838501979,0.152401781208,0.146534334688
0.435918858608,0.14420854486,0.188940700574,0.230931895958
0.333880660877,0.306574572604,0.0409025421571,0.318642224362
0.362605812033,0.330381239623,0.161316041813,0.145696906531
0.369934277518,0.168047512214,0.207068693081,0.254949517187
0.324518329092,0.214145937187,0.00969044258416,0.451645291137
0.279152802595,0.262872035357,0.210084512462,0.247890649586
0.291496939119,0.0500438291025,0.354708554104,0.303750677674
0.300409769564,0.0506142023547,0.483885119146,0.165090908935
0.253448553197,0.349732684825,0.196643391547,0.20017537043
0.104487552289,0.193979478952,0.337634610057,0.363898358702
0.209641278792,0.428932924975,0.0995171126914,0.261908683541
0.14735252337,0.282787139677,0.0198586977234,0.550001639229
0.139770642334,0.440200175244,0.338457798162,0.081571384259
0.25305730432,0.0154756414695,0.335249177916,0.396217876295
0.317848956881,0.133804118814,0.313924542721,0.234422381584
0.291449449152,0.202408450517,0.157251440209,0.348890660121
0.111690590762,0.291627156386,0.208760398519,0.387921854333
0.312688988159,0.170199524174,0.216095106202,0.301016381465
0.0610871246226,0.303380417318,0.334951782857,0.300580675202
0.411162209652,0.283318876771,0.0154192865967,0.29009962698
0.232022756013,0.259724747258,0.281732009595,0.226520487135
0.0640417511172,0.432828887268,0.391415287897,0.111714073718
0.345735899475,0.181262948485,0.342697288474,0.130303863566
0.370944681986,0.078039310958,0.299518055318,0.251497951738
0.335388752144,0.0172523993725,0.457350979833,0.190007868651
0.291688977416,0.213409546198,0.330152806305,0.164748670081
0.317304704798,0.388690741915,0.236883507769,0.0571210455169
0.373674126322,0.30731236239,0.20690556389,0.112107947398
0.222762829878,0.101088950864,0.293760967183,0.382387252075
0.365791398369,0.287149560052,0.213497464245,0.133561577334
0.273171557098,0.193573948764,0.227609333157,0.305645160981
0.419254719532,0.411464290599,0.0229560093232,0.146324980546
0.0872629065222,0.36505728125,0.523283285852,0.0243965263758
0.332583148117,0.186499049772,0.360540139324,0.120377662788
0.328333722139,0.176478658958,0.357643954589,0.137543664314
0.130994034123,0.324217338068,0.327405935282,0.217382692527
0.110966786946,0.379745175789,0.422227439107,0.0870605981587
0.104563892844,0.415305867754,0.413565907562,0.06656433184
0.372853345501,0.285637509207,0.326991055664,0.0145180896276
0.334439153718,0.223251837253,0.109853084168,0.332455924861
0.336878898797,0.258643432466,0.300052037139,0.104425631599
0.088445339824,0.201743848271,0.311569163223,0.398241648682
0.251052403957,0.183503704474,0.357564898588,0.207878992981
0.0934419125194,0.678377254134,0.132326946664,0.0958538866822
0.421069654439,0.124684170613,0.2720056048,0.182240570148
0.237494170542,0.287538886662,0.234921501294,0.240045441502
0.279963804412,0.334626572271,0.356554242373,0.0288553809447
0.337295781767,0.109776797823,0.294381623151,0.258545797258
0.207500435921,0.229491101474,0.332892673227,0.230115789379
0.142759822346,0.275639113962,0.374313500528,0.207287563163
0.334559241916,0.0672365116243,0.142376607238,0.455827639222
0.305944747753,0.0875410899377,0.315613822893,0.290900339416
0.212835272186,0.379494059943,0.362558828961,0.0451118389098
0.350806346566,0.107582543371,0.415570066873,0.12604104319
0.285993391469,0.355784684068,0.280328752071,0.0778931723915
0.740459212061,0.0869068394782,0.163741050082,0.00889289837845
0.432468876636,0.394188350875,0.00909289754276,0.164249874946
0.33136547188,0.0996953760183,0.263574634259,0.305364517843
0.539891962937,0.0362983337949,0.277397743333,0.146411959935
0.128056981511,0.527535056598,0.131326569121,0.213081392769
0.213023393859,0.331881116727,0.262212458862,0.192883030552
0.480132056844,0.0773217253647,0.408971282464,0.0335749353279
0.195125211154,0.21096433403,0.346424251479,0.247486203336
0.465865547249,0.342146485482,0.0164263129484,0.175561654321
0.356558497056,0.117533049623,0.288586000244,0.237322453076
0.270266181336,0.462629681422,0.0428415358869,0.224262601355
0.066426463436,0.403480832741,0.399529723335,0.130562980488
0.190147437049,0.335363624287,0.109690332691,0.364798605973
0.427149465254,0.149641211613,0.0447910851973,0.378418237936
0.228206255864,0.406957791374,0.221676850462,0.1431591023
0.202264482211,0.0991739134633,0.356165666215,0.342395938111
0.131346372177,0.16544177103,0.389327493981,0.313884362812
0.472431298214,0.0737232172069,0.0492370174367,0.404608467142
0.447904938339,0.0814614893622,0.334107632873,0.136525939427
0.167354855981,0.36623954077,0.0566207129143,0.409784890334
0.1926275756,0.387191025381,0.203799846731,0.216381552289
0.458393906646,0.381938392666,0.020575668205,0.139092032484
0.213548950801,0.258235020264,0.200887055344,0.327328973591
0.258391761596,0.389852514923,0.27370336911,0.0780523543715
0.327217197389,0.147235101653,0.122693147669,0.402854553289
0.154849195083,0.114765154056,0.410392130859,0.319993520003
0.041535772893,0.410909851876,0.293596969579,0.253957405652
0.336805262349,0.228898603769,0.0194780837201,0.414818050163
0.33457535023,0.342850301272,0.0079883786363,0.314585969862
0.0148029164758,0.594762378586,0.0169564964846,0.373478208454
0.284927253519,0.139189374063,0.0794492545805,0.496434117837
0.202488999354,0.294853385031,0.293579847438,0.209077768177
0.430383096625,0.0822857795255,0.30623277884,0.18109834501
0.324064937588,0.282669209807,0.240904833584,0.152361019021
0.294295559724,0.217862247214,0.439024976339,0.0488172167232
0.370167156143,0.11360540997,0.286268388635,0.229959045252
0.211204261426,0.383614566689,0.353555448595,0.05162572329
0.287051670532,0.0968638423896,0.269227579927,0.346856907151
0.0697499584132,0.559373902624,0.276360815751,0.0945153232119
0.176448525563,0.330911148604,0.151043217003,0.34159710883
0.259504266226,0.266344301445,0.125136209061,0.349015223268
0.308370146353,0.193366564705,0.194537725961,0.303725562982
0.456187084707,0.141850310289,0.168424695073,0.233537909931
0.0620332672065,0.40487004538,0.348241538707,0.184855148706
0.353833967491,0.328148235344,0.131594962382,0.186422834784
0.227811121988,0.196937023304,0.471632435344,0.103619419364
0.61394754201,0.0577041975468,0.10064152315,0.227706737294
0.243274690436,0.380015910611,0.354182041154,0.0225273577991
0.025101710555,0.529973043657,0.272763574445,0.172161671343
0.274150650388,0.208300662744,0.308842386787,0.20870630008
0.337847600531,0.319814894045,0.161231846879,0.181105658546
0.311579026311,0.145369862931,0.135844534076,0.407206576682
0.262700751053,0.459586965959,0.218341569364,0.0593707136241
0.207262270746,0.273953422766,0.297159393027,0.221624913461
0.196547859546,0.226121961946,0.331960359694,0.245369818814
0.198289871152,0.321244934548,0.091775724031,0.388689470269
0.213855583875,0.223164903111,0.269559867104,0.29341964591
0.364656841658,0.0594296271259,0.275385493145,0.300528038071
0.335858578352,0.349471546895,0.012728188083,0.30194168667
0.25154177155,0.159001854386,0.26242961265,0.327026761414
0.484307242405,0.172858259533,0.129364610573,0.213469887488
0.222279992034,0.3531944833,0.269921392782,0.154604131884
0.208405921302,0.302279811129,0.380668506414,0.108645761156
0.210172219146,0.0978341244989,0.299019676837,0.392973979518
0.318600768984,0.191283788381,0.00495752110583,0.485157921529