0.0769863423846,0.372000791631,0.298615787235,0.25239707875
0.46893479281,0.0584081270484,0.337807848437,0.134849231705
0.209706254757,0.291098465967,0.290079010622,0.209116268654
0.0550859734615,0.198517495102,0.193962739029,0.552433792408
0.030121100876,0.351006049094,0.317869675754,0.301003174276
0.180385884776,0.404398700061,0.0514859520764,0.363729463087
0.336887917823,0.234879092862,0.0310656156065,0.397167373708
0.0621034721604,0.202262105167,0.397487504708,0.338146917965
0.123446119143,0.455208729367,0.276801141747,0.144544009743
0.302551071687,0.270414906042,0.319566381813,0.107467640457
0.472278085314,0.227676903151,0.175226809181,0.124818202354
0.290497194961,0.194034611258,0.283819020439,0.231649173342
0.265969696189,0.232277917912,0.233709999979,0.268042385921
0.460740530548,0.300097533339,0.162881331202,0.076280604911
0.261062815334,0.0211445949433,0.381993955705,0.335798634017
0.474143439235,0.115709461264,0.108231535982,0.301915563519
0.0338224309189,0.2117935627,0.325384403349,0.428999603032
0.207329802786,0.201598185231,0.37837346104,0.212698550944
0.237596162454,0.340433326401,0.39178599731,0.0301845138346
0.11779089952,0.222641718994,0.266622111379,0.392945270106
0.239578736035,0.11249489471,0.32800568998,0.319920679275
0.23751916673,0.268481206694,0.178209495025,0.315790131551
0.0660446211328,0.431935177455,0.229754824881,0.272265376531
0.429617648518,0.0523888610768,0.0404088256443,0.477584664761
0.296295718091,0.101991772488,0.444596173719,0.157116335703
0.360088322651,0.172372562912,0.413844102203,0.0536950122334
0.157756417347,0.464711759099,0.159394874559,0.218136948994
0.117667939842,0.119587207025,0.277417721016,0.485327132117
0.382942466085,0.0118827011118,0.126123733879,0.479051098924
0.0828106889753,0.18939002547,0.381417075979,0.346382209576
0.238394964355,0.372983700786,0.153964696781,0.234656638078
0.122989898474,0.022447543861,0.38512565,0.469436907665
0.703996148522,0.0928900569348,0.135793121583,0.0673206729603
0.337564443788,0.0244580197357,0.295760869341,0.342216667135
0.450267911002,0.218134687539,0.297998726492,0.0335986749674
0.0755533646115,0.0943617760996,0.404753536639,0.42533132265
0.179074553473,0.188191421827,0.344677375177,0.288056649523
0.111740435248,0.615179478019,0.0952383106232,0.17784177611
0.549027736012,0.064062062792,0.267034351288,0.119875849908
0.53850179947,0.129130068776,0.0125910649307,0.319777066823
0.418868864598,0.0969617589968,0.313982740222,0.170186636183
0.495441476654,0.289085825633,0.111599587342,0.103873110371
0.200403016296,0.044604396799,0.218014410069,0.536978176836
0.177021221165,0.185995401016,0.360091478328,0.276891899491
0.283907601663,0.144495287178,0.200983153692,0.370613957468
0.197662335858,0.0821174908317,0.291997235694,0.428222937617
0.314329378839,0.0339314753467,0.0256927493681,0.626046396446
0.264574270212,0.266766492506,0.360307919684,0.108351317597
0.447309006197,0.109475807714,0.0972936789087,0.345921507181
0.298757168395,0.159478890584,0.257597110615,0.284166830406
0.0668548342548,0.441672650418,0.301694513558,0.189778001769
0.0427502017297,0.154471854853,0.187099385319,0.615678558098
0.277885251459,0.235873086546,0.189109599041,0.297132062953
0.288698594449,0.229891648883,0.130686089144,0.350723667524
0.379040296108,0.330084504576,0.272793815438,0.0180813838774
0.406138789323,0.107059920683,0.0854765412677,0.401324748726
0.296296424226,0.177238081197,0.0865961906216,0.439869303955
0.43818482169,0.155734708673,0.112332033204,0.293748436434
0.168591244002,0.300861305774,0.234877687913,0.295669762311
0.191824190233,0.396161964787,0.349133099333,0.0628807456466
0.0838778803845,0.509612368667,0.399575265759,0.00693448518964
0.0289957247066,0.528472020779,0.177721018647,0.264811235868
0.276322851585,0.6000405761,0.093003895103,0.0306326772122
0.30445192864,0.406369419307,0.105035411356,0.184143240697
0.383791774828,0.115526627338,0.394253446785,0.10642815105
0.195580082652,0.0490100240255,0.366661039401,0.388748853922
0.18706004516,0.410358041527,0.05703368214,0.345548231174
0.115027052935,0.468308606055,0.127033431994,0.289630909016
0.295178782486,0.274354198415,0.231400343763,0.199066675336
0.227766160013,0.52211748527,0.0393015128593,0.210814841858
0.0983943111222,0.463515536876,0.375563234722,0.0625269172801
0.283467595622,0.366056226078,0.346605841042,0.00387033725802
0.0809233559172,0.122315463845,0.366288167388,0.43047301285
0.0736362029887,0.17206287928,0.128872648705,0.625428269027
0.357475329671,0.186207913509,0.0397926987075,0.416524058112
0.252117157396,0.100178217268,0.277419249818,0.370285375518
0.372849046983,0.142411987235,0.168204620387,0.316534345395
0.581619019275,0.0701089482626,0.130943487193,0.217328545269
0.147527756482,0.229541974212,0.289572394086,0.33335787522
0.289996685767,0.240247541138,0.292099084861,0.177656688234
0.127268709314,0.397580428487,0.210031335023,0.265119527176
0.144523576072,0.22453069534,0.448335406924,0.182610321664
0.234625807121,0.250980754496,0.268295774362,0.246097664021
0.315437622762,0.296072991115,0.32600731227,0.0624820738535
0.41310108311,0.239805491709,0.141289687305,0.205803737877
0.130121672306,0.381410454509,0.104879575934,0.383588297252
0.32019784994,0.252923268215,0.349239946868,0.0776389349771
0.128139240212,0.289139320395,0.308644183793,0.274077255599
0.317454886493,0.347937827278,0.220948716011,0.113658570218
0.146195205996,0.0735032287719,0.323893291652,0.456408273579
0.254206408628,0.0410746768468,0.316354742071,0.388364172455
0.273271664678,0.348293981771,0.0875153023321,0.290919051219
0.42828235919,0.247319889296,0.127037033199,0.197360718315
0.250768597852,0.19102585112,0.402883243962,0.155322307066
0.462005149486,0.0259855800126,0.230379236151,0.28163003435
0.239649650313,0.263589721097,0.21550579846,0.281254830129
0.294982909796,0.235766948512,0.256034265641,0.213215876051
0.129850246136,0.499619678163,0.239596065634,0.130934010066
0.3101127356,0.197779280822,0.246626033927,0.245481949652
0.00668110940573,0.726235224596,0.262662596069,0.00442106992908
0.186851691227,0.277157738122,0.153974239528,0.382016331123
0.0933678079761,0.235825024987,0.323330052672,0.347477114365
0.231677319176,0.106890146439,0.63874319856,0.0226893358252
0.0287821304329,0.428732043905,0.348737586297,0.193748239365
0.265410085176,0.413121361238,0.0157443674987,0.305724186088
0.10681981803,0.0711818733287,0.171633028232,0.65036528041
0.0847254011035,0.301927340651,0.425524869819,0.187822388426
0.466732703406,0.0699849293301,0.316097194048,0.147185173216
0.224267312078,0.235158666455,0.247726968434,0.292847053034
0.426249252989,0.247326174054,0.288517811075,0.0379067618818
0.39056201736,0.012297755964,0.514447146093,0.0826930805833
0.241654357786,0.247645715583,0.209189985978,0.301509940653
0.317415986308,0.255610855658,0.322747676628,0.104225481406
0.0650971502666,0.367747556574,0.311759263874,0.255396029286
0.268328202983,0.357454439144,0.354969763586,0.0192475942869
0.33763181303,0.0603518720184,0.269393771079,0.332622543873
0.0598022809107,0.0576216476656,0.530384474318,0.352191597106
0.277667083482,0.0709119396399,0.331151085994,0.320269890885
0.428110634311,0.0768464659219,0.0109915552252,0.484051344542
0.339051757488,0.470527523058,0.179224925892,0.0111957935617
0.166985461358,0.372708731723,0.14427406276,0.31603174416
0.162869939806,0.365321661778,0.14708423668,0.324724161736
0.455839687669,0.0968287711168,0.442502444908,0.00482909630627
0.243743091871,0.390258508635,0.082401458355,0.283596941139
0.429872917757,0.351484863374,0.164821087298,0.0538211315711
0.0945868539736,0.181672090111,0.22745878842,0.496282267496
0.40547944613,0.295898700697,0.18223829688,0.116383556294
0.283190765471,0.167826743797,0.314049220552,0.23493327018
0.43512270366,0.306864440944,0.121052430901,0.136960424494
0.0750460099066,0.0494329484504,0.445089547461,0.430431494182
0.384469926324,0.24480693224,0.363901039257,0.00682210217923
0.19803743803,0.490115793155,0.220255046137,0.0915917226787
0.257277597429,0.359665046922,0.130997646115,0.252059709534
0.345375701077,0.138926473001,0.515250184674,0.000447641247357
0.212573385215,0.272568678862,0.36259875227,0.152259183652
0.214290255572,0.267867222077,0.238460958646,0.279381563704
0.0981998820415,0.620885026462,0.0515508182256,0.229364273271
0.174101031482,0.447885986101,0.119520013959,0.258492968459
0.268343433314,0.362296193296,0.133971162674,0.235389210716
0.174427770805,0.287625162035,0.310771013987,0.227176053174
0.293218787017,0.229411801243,0.226312792712,0.251056619028
0.554614604541,0.188186400272,0.0116747775494,0.245524217637
0.47126370818,0.21703160782,0.303574399647,0.00813028435341
0.236817328897,0.36362480954,0.188252733044,0.211305128519
0.277777833536,0.316263599872,0.257156386481,0.148802180111
0.241792037746,0.259536176172,0.268020091057,0.230651695025
0.245212351482,0.117573815855,0.412147917327,0.225065915337
0.123207905084,0.0884687786294,0.402050256966,0.386273059321
0.371881939466,0.329702610293,0.0942673677027,0.204148082539
0.39544248046,0.150664730805,0.228478054884,0.22541473385
0.101238555924,0.0745938906536,0.405011037853,0.41915651557
0.23050983845,0.224547234485,0.466489862853,0.0784530642119
0.414188491787,0.0884238042473,0.172426776572,0.324960927393
0.0740226866345,0.474826503835,0.378453962619,0.0726968469116
0.0720506478861,0.244857598632,0.0890234846635,0.594068268819
0.00886753738002,0.213406318769,0.113767306678,0.663958837173
0.316262233864,0.301977261944,0.130482068329,0.251278435863
0.217810167011,0.111550768593,0.517693170491,0.152945893905
0.0301181039344,0.277891783136,0.092345971226,0.599644141704
0.522398335314,0.216000048686,0.16889534,0.0927062759999
0.426605247606,0.131365599677,0.41817908734,0.0238500653771
0.0542014344379,0.299813277954,0.208997984023,0.436987303586
0.381380570735,0.31446726026,0.144948275407,0.159203893598
0.286646608929,0.157007522809,0.289290615217,0.267055253045
0.199326052935,0.475335993503,0.0548692465075,0.270468707055
0.216636135703,0.363511755507,0.0334845658057,0.386367542984
0.190355945614,0.312416114483,0.246960800572,0.250267139331
0.236543524746,0.372783592911,0.390056084292,0.000616798050833
0.559108666202,0.22197473974,0.0406505446406,0.178266049418
0.362977034696,0.203363865393,0.337719475234,0.0959396246782
0.171758105484,0.588852102082,0.156498010024,0.0828917824094
0.319037656405,0.242728691335,0.238174116282,0.200059535978
0.17138402793,0.156711063403,0.346982588014,0.324922320652
0.650522544161,0.109252700154,0.226358112822,0.0138666428631
0.11650098829,0.347172329372,0.524217455151,0.0121092271875
0.334578505476,0.344070677361,0.296405237568,0.0249455795953
0.322041783794,0.168244521144,0.30803298077,0.201680714292
0.0646031330316,0.246136637896,0.345241216965,0.344019012107
0.216702356187,0.262160749079,0.323226159251,0.197910735483
0.0938399242652,0.23460496423,0.299908585219,0.371646526286
0.350224065367,0.274708443262,0.0440668149989,0.331000676372
0.464855356482,0.178487139308,0.182121250438,0.174536253772
0.179283758441,0.397115420467,0.00968670961181,0.41391411148
0.268215132669,0.228976825811,0.152061475735,0.350746565785
0.0515167702926,0.284019682296,0.321847762522,0.34261578489
0.0278519306653,0.37253886756,0.260368695742,0.339240506033
0.419233806607,0.0149025552671,0.401521946794,0.164341691332
0.0132237445683,0.454491062447,0.0893004868376,0.442984706147
0.0160852353506,0.398622878619,0.542957486173,0.0423343998571
0.2735633414,0.136859087684,0.268319532096,0.32125803882
0.211865264062,0.449564797614,0.128649349759,0.209920588566
0.320109509505,0.299766730579,0.256131751093,0.123992008822
0.236687584697,0.164328312588,0.321639518046,0.277344584669
0.205401408998,0.368363509695,0.319162524903,0.107072556404
0.0113150132391,0.282235889401,0.32932797028,0.37712112708
0.336465200807,0.254298077468,0.380842545622,0.0283941761032
0.17111620083,0.3548019391,0.302903924316,0.171177935754
0.318933149706,0.0987573378763,0.320150208759,0.262159303659
0.324673529191,0.360566669364,0.050092843803,0.264666957642
0.18990471363,0.344467216295,0.229230815595,0.23639725448