0.0105864705848,0.598376574187,0.0750746825014,0.315962272727
0.308869913455,0.302251996011,0.227245353818,0.161632736716
0.290422787397,0.296939136399,0.237525782932,0.175112293272
0.364757838718,0.19197076095,0.0248529934015,0.41841840693
0.327981708443,0.0161290682119,0.319466351918,0.336422871427
0.347666831946,0.195359687279,0.365906061124,0.0910674196514
0.128417784823,0.394143706156,0.379696547732,0.0977419612889
0.189087937013,0.274415161008,0.338444385619,0.19805251636
0.37490761144,0.12392530148,0.303992678318,0.197174408763
0.333916852714,0.387536878404,0.193889389888,0.0846568789945
0.313820236919,0.068398058266,0.428202508288,0.189579196527
0.392724937187,0.188151535035,0.38554645521,0.0335770725687
0.224373817955,0.158856868979,0.0977281878658,0.5190411252
0.418939596083,0.16650503843,0.0246052380195,0.389950127467
0.00583785142285,0.472140446637,0.040946368001,0.481075333939
0.0283986241635,0.347548628773,0.323348129626,0.300704617438
0.231386266282,0.0292937141083,0.137332622012,0.601987397597
0.191423600754,0.27193695796,0.414996861487,0.121642579799
0.230999548265,0.329443082804,0.421897321353,0.0176600475783
0.0972425239413,0.274490238909,0.282593554229,0.345673682921
0.59522686484,0.30747095575,0.0865514581111,0.0107507212983
0.361954270769,0.180293380879,0.137718363463,0.320033984889
0.247565792445,0.318214891263,0.0346060521461,0.399613264145
0.278194098169,0.265841770906,0.318500990591,0.137463140334
0.0769421003383,0.165695349368,0.326645221135,0.430717329159
0.193097092813,0.375622094887,0.234083077014,0.197197735286
0.0282856187359,0.0724272945015,0.38672205853,0.512565028233
0.351863654552,0.285897005485,0.0506125287444,0.311626811219
0.297041565213,0.172871975775,0.344657495655,0.185428963357
0.436536283484,0.430294364148,0.113324863124,0.0198444892449
0.197897483815,0.429426610393,0.105360719053,0.267315186739
0.0415639951175,0.449382839431,0.308999415694,0.200053749757
0.0289859740155,0.33534578564,0.138443414133,0.497224826211
0.488887967911,0.220998227319,0.0435167190135,0.246597085757
0.595834272414,0.254092184048,0.14519003436,0.00488350917786
0.175680534641,0.164770780494,0.364849556849,0.294699128017
0.182548073053,0.188115212378,0.299078566019,0.33025814855
0.318518309187,0.187995209449,0.394185352733,0.0993011286315
0.705878264904,0.0129193230185,0.066318791526,0.214883620551
0.274121423781,0.287966669264,0.329746832994,0.108165073961
0.253843775504,0.0451316051394,0.660583418306,0.0404412010505
0.350777576917,0.0969244801181,0.255750049089,0.296547893875
0.21699496634,0.0210290049218,0.490925924301,0.271050104438
0.309337468135,0.128814317165,0.290222280176,0.271625934524
0.285496463034,0.222097624649,0.21382977189,0.278576140427
0.0502852688825,0.36261202578,0.240362574478,0.346740130859
0.289424051731,0.135633634729,0.253342916764,0.321599396777
0.0196605916208,0.00137408261525,0.621564338559,0.357400987205
0.136569959636,0.231364862389,0.549075712977,0.0829894649976
0.309286365903,0.265225722426,0.323069165229,0.102418746442
0.377236210696,0.283664321032,0.229696978793,0.109402489478
0.0328456970499,0.24061218074,0.331409769427,0.395132352783
0.307005803029,0.0866882057277,0.268050049076,0.338255942168
0.024873673887,0.28527451658,0.283009705577,0.406842103956
0.269303607284,0.278584907659,0.0233418974738,0.428769587583
0.496900253111,0.159773783037,0.227349409041,0.115976554811
0.349377673112,0.0992877029873,0.409770851044,0.141563772857
0.202422533424,0.299023825533,0.231425064781,0.267128576261
0.0496949626384,0.280177055428,0.275264638307,0.394863343627
0.29733794901,0.267724911235,0.0717922285989,0.363144911156
0.391118807108,0.173993804115,0.0254198978209,0.409467490957
0.190635444564,0.134321232425,0.377341939556,0.297701383456
0.464845955259,0.391176025899,0.0921571802862,0.0518208385565
0.434954713803,0.156375970677,0.0532216070728,0.355447708447
0.337329384089,0.0387999253208,0.196288809471,0.427581881119
0.24842237081,0.222082911195,0.101122773844,0.428371944151
0.0105743539975,0.230567205343,0.0822120310518,0.676646409608
0.0771246709599,0.351619951771,0.284942046799,0.28631333047
0.131716245473,0.346583829635,0.309809506754,0.211890418138
0.340203551467,0.0867057742075,0.283833535534,0.289257138792
0.0484878949949,0.512918266297,0.174278904774,0.264314933935
0.396290355895,0.140007674233,0.0268099917447,0.436891978127
0.297398234041,0.240603001567,0.238563124113,0.223435640279
0.46362119524,0.320046301731,0.0821076441979,0.13422485883
0.200051359221,0.324375158881,0.214533597378,0.26103988452
0.128737886104,0.151713208813,0.417423801011,0.302125104072
0.337950369758,0.131571951423,0.311999182522,0.218478496297
0.0675443168945,0.333203415702,0.44289764811,0.156354619293
0.252160655558,0.144314210601,0.21344641867,0.390078715171
0.448206351967,0.276535391552,0.145613870628,0.129644385853
0.295104847675,0.120573315246,0.341239606432,0.243082230646
0.376997215667,0.238894381231,0.303156305965,0.0809520971365
0.187385517297,0.178377283618,0.353809569153,0.280427629932
0.178567721997,0.0890851878134,0.331013828545,0.401333261644
0.320184432909,0.211086070054,0.406010082534,0.0627194145027
0.0508366729867,0.0440361329174,0.476758821485,0.428368372611
0.141602678614,0.381350171655,0.408100154173,0.0689469955585
0.0849043825344,0.320732576173,0.313799058534,0.280563982759
0.0533365245875,0.712086277767,0.0996023196369,0.134974878009
0.307210841587,0.193393934835,0.139100488399,0.36029473518
0.142667797903,0.2052618037,0.39978394383,0.252286454566
0.00285505420095,0.529899162251,0.219858842926,0.247386940622
0.0981116846275,0.0410583080457,0.437289990825,0.423540016502
0.404350462808,0.0475058326665,0.435464185566,0.112679518959
0.328399621929,0.156399375323,0.128203094054,0.386997908694
0.231841984046,0.232674298281,0.296237266751,0.239246450922
0.0166643622653,0.232391010068,0.467934632905,0.283009994762
0.238409702556,0.600987813289,0.0242794896662,0.136322994488
0.15945155444,0.277129773601,0.277015807102,0.286402864857
0.0499310063052,0.386668961436,0.0270608617709,0.536339170488
0.461385320685,0.128108230284,0.312954048786,0.097552400245
0.273232586866,0.143242293902,0.203814580621,0.379710538611
0.249569775573,0.246385387331,0.266629633994,0.237415203102
0.299728308705,0.171450578667,0.26315782814,0.265663284489
0.127385241499,0.346123439822,0.194176394913,0.332314923765
0.15208097917,0.331609340944,0.41968392334,0.0966257565456
0.1789343949,0.20270821323,0.151139648111,0.467217743759
0.298897707279,0.263792928394,0.37855746608,0.0587518982469
0.189682678661,0.354278421915,0.40428495222,0.0517539472036
0.0987577312093,0.219988180415,0.34391687323,0.337337215146
0.229947135209,0.359824626468,0.163383131149,0.246845107174
0.0884582008391,0.510944526526,0.121434569553,0.279162703082
0.313361495408,0.249547012905,0.313380447202,0.123711044484
0.334242808285,0.511492869383,0.145958205875,0.00830611645697
0.237386674677,0.263143346834,0.250467269303,0.249002709186
0.15469370636,0.427220431678,0.054527759278,0.363558102684
0.547018987369,0.237324831114,0.0250814848634,0.190574696654
0.293296191184,0.0274965743745,0.30777282009,0.371434414351
0.0653820227332,0.110883595597,0.55183715465,0.271897227021
0.274542538373,0.341372008745,0.0658502779504,0.318235174932
0.00820161954229,0.240804257168,0.530413904138,0.220580219151
0.22187954969,0.149010665925,0.304824524789,0.324285259596
0.333263176024,0.177055988583,0.180517266466,0.309163568927
0.223428318367,0.513245775407,0.251395993718,0.0119299125082
0.273362628039,0.350906385514,0.298580235665,0.0771507507826
0.3515767442,0.106159415817,0.403379832192,0.138884007791
0.000328527151647,0.569310795627,0.292963337226,0.137397339995
0.128559211205,0.296677284742,0.319356436968,0.255407067085
0.345541160051,0.169254184947,0.26357089974,0.221633755262
0.387521597842,0.0432968325941,0.25835377766,0.310827791904
0.343472356542,0.303751018517,0.161149635974,0.191626988967
0.00651749974035,0.3252998177,0.321582637491,0.346600045069
0.402299806302,0.0579294324404,0.0155216334725,0.524249127785
0.313164401608,0.254243617262,0.0790045100647,0.353587471065
0.241458647688,0.19480235321,0.257656109738,0.306082889363
0.145458285639,0.742873858933,0.102997012039,0.0086708433886
0.273293454278,0.268497164623,0.209386057893,0.248823323207
0.214347717099,0.0992309700183,0.104171027938,0.582250284944
0.341660009076,0.296199338608,0.0333664732278,0.328774179088
0.224820846072,0.160000258175,0.323604584162,0.291574311591
0.327182586094,0.0763958401536,0.345137186734,0.251284387018
0.355792997799,0.215510024009,0.387765888392,0.0409310897997
0.288116834415,0.200626083033,0.122498341442,0.388758741111
0.274263715147,0.127072267004,0.252285946555,0.346378071293
0.124139499808,0.371293347958,0.161804292245,0.342762859989
0.343819807197,0.589931865331,0.00879567858149,0.0574526488907
0.356082300758,0.162929024951,0.248140289106,0.232848385186
0.0746445480591,0.357235479423,0.326307330717,0.241812641801
0.227036591674,0.25735164512,0.388667463314,0.126944299892
0.0806518956669,0.0591948509966,0.209027621902,0.651125631434
0.100588013079,0.351498213938,0.389939943503,0.15797382948
0.162188175334,0.344105448738,0.285773697741,0.207932678186
0.318006208544,0.252747590373,0.197151420801,0.232094780282
0.258300144883,0.3046082715,0.2519116449,0.185179938716
0.297824214186,0.226826143908,0.225743203509,0.249606438397
0.207539460734,0.141546592795,0.510792653678,0.140121292792
0.241852623378,0.223372942166,0.374195495013,0.160578939444
0.247951009618,0.321391952423,0.0224496641192,0.408207373839
0.408956183678,0.163537890801,0.368485542298,0.0590203832232
0.531198231683,0.141401638907,0.112202065496,0.215198063915
0.232884724301,0.278820044281,0.157728682527,0.33056654889
0.402870311027,0.100954955659,0.122008439347,0.374166293968
0.309149729619,0.227017586242,0.317226695859,0.14660598828
0.340310925878,0.00655876670767,0.210909285344,0.442221022071
0.414049049751,0.118746173781,0.385197733225,0.0820070432431
0.582908484964,0.0322272239336,0.230441683377,0.154422607725
0.164873443697,0.0957366867891,0.63391909645,0.105470773064
0.011616242068,0.059646981703,0.447718763997,0.481018012231
0.471893382362,0.0972187087865,0.38739880259,0.0434891062622
0.435071110202,0.00255109999176,0.359154829459,0.203222960347
0.557640864236,0.0492104763239,0.264682983893,0.128465675547
0.376706576629,0.268697273501,0.23997803841,0.114618111459
0.64608847511,0.237031594772,0.0710954271645,0.0457845029538
0.275964995699,0.326070124608,0.106421677957,0.291543201736
0.049117030547,0.541586418294,0.216319301529,0.19297724963
0.00426123266426,0.337051066356,0.311478948658,0.347208752321
0.164934550342,0.289249722129,0.206838915063,0.338976812466
0.231710298354,0.0463793839953,0.409036086709,0.312874230942
0.294826239115,0.240730028675,0.312567062621,0.151876669589
0.291143936721,0.343184253076,0.150561044378,0.215110765825
0.0191103276546,0.0922682985579,0.429762791173,0.458858582614
0.209890205797,0.0962536479363,0.460992393696,0.232863752571
0.304017488214,0.0587675938066,0.333695305571,0.303519612408
0.189258595126,0.565056198625,0.0552710195312,0.190414186717
0.107275709086,0.202889046817,0.320740920029,0.369094324068
0.217044720428,0.323457499417,0.280073021179,0.179424758976
0.646042205848,0.017387490363,0.288314676016,0.048255627773
0.00096503319605,0.457177954644,0.411224424747,0.130632587412
0.553090351272,0.0238827108899,0.33968863943,0.0833382984089
0.340346101395,0.292291239689,0.0483197438807,0.319042915036
0.294942339435,0.247817714942,0.313357966753,0.14388197887
0.0805749061397,0.471389041154,0.414618375508,0.0334176771993
0.222939448581,0.346761893654,0.330951140938,0.0993475168272
0.0682570115503,0.589280893805,0.144804676981,0.197657417663
0.207073822799,0.297583999993,0.143126578396,0.352215598811
0.139616002349,0.28808143894,0.342435254514,0.229867304197
0.265961439252,0.322508407647,0.20542892576,0.206101227341
0.194410375109,0.195460825753,0.371636223316,0.238492575823
0.364530580167,0.298927161057,0.181863706447,0.154678552329
0.359409837691,0.391169463025,0.0439376749608,0.205483024323