0.166635902973,0.361648451825,0.123416056343,0.348299588859
0.372675258448,0.121659743366,0.383510706659,0.122154291527
0.182876082084,0.0226730232031,0.352121647921,0.442329246792
0.141495488942,0.414119885557,0.282592324326,0.161792301176
0.135639605721,0.182372543762,0.471701196145,0.210286654372
0.39944279378,0.050319583745,0.512073180362,0.0381644421123
0.347437467794,0.278096989029,0.262265325802,0.112200217376
0.264272481663,0.149588180687,0.293627294657,0.292512042993
0.324168762175,0.326021233518,0.220451397769,0.129358606538
0.174117942089,0.398185468881,0.0605867880233,0.367109801007
0.507291370579,0.047111104643,0.338936941577,0.106660583201
0.253028456047,0.23528780194,0.500638261004,0.0110454810087
0.168118189343,0.189064420076,0.317493943368,0.325323447213
0.45061079063,0.0386209746541,0.213973173039,0.296795061677
0.239263489013,0.254672051882,0.0309877693386,0.475076689766
0.310614413675,0.304135674819,0.0788786410231,0.306371270483
0.256412481661,0.293609839888,0.181047098042,0.268930580408
0.438877248713,0.368055656749,0.0120134569538,0.181053637584
0.106724468895,0.236022675023,0.490700867268,0.166551988814
0.145177044248,0.304147132869,0.277201506675,0.273474316208
0.207665022192,0.44208821776,0.197931810855,0.152314949193
0.239421032869,0.213735366927,0.290484156895,0.256359443308
0.274305780983,0.207209631882,0.223662729653,0.294821857481
0.264862917651,0.251405704134,0.158166119537,0.325565258678
0.284529965233,0.0952326489582,0.502520674081,0.117716711728
0.214652547704,0.0375356808594,0.486230590644,0.261581180793
0.403383656601,0.168099055323,0.313178969097,0.115338318979
0.317647597302,0.189769347574,0.337261096934,0.15532195819
0.219280611994,0.180620903454,0.0386892332487,0.561409251304
0.0256019186488,0.0361356886099,0.620241121418,0.318021271323
0.0636754144413,0.424002145218,0.39193934519,0.12038309515
0.223647885025,0.343219822841,0.256739757284,0.17639253485
0.191992438127,0.4321929056,0.109707973796,0.266106682476
0.236225471625,0.272803184737,0.0710565212961,0.419914822342
0.240141683476,0.296532790246,0.437276214437,0.0260493118416
0.422657408394,0.242857114144,0.0334307825311,0.301054694931
0.247808371706,0.194487000782,0.137469021936,0.420235605575
0.33078967489,0.0812766417116,0.257307794574,0.330625888825
0.252880388064,0.136850294765,0.0477782804851,0.562491036685
0.273707608056,0.393455835816,0.185395711945,0.147440844182
0.453854448244,0.2201239876,0.214270750278,0.111750813878
0.334734027808,0.325348204679,0.195349689683,0.14456807783
0.0871097699774,0.179034672678,0.586719410674,0.147136146671
0.137983225382,0.312835261508,0.284978219768,0.264203293342
0.081011210876,0.510319366327,0.191197748683,0.217471674114
0.220111898781,0.272544001463,0.442834235525,0.0645098642309
0.314904337123,0.287667050829,0.118387839907,0.279040772142
0.223973393019,0.515300235991,0.197380746182,0.0633456248082
0.21479741137,0.440407722718,0.142325928893,0.20246893702
0.137574219209,0.447575025995,0.129095666607,0.285755088188
0.151796470018,0.121770062708,0.602003696496,0.124429770777
0.245729151691,0.242270072549,0.335739080494,0.176261695266
0.310442569111,0.233314210863,0.344450458064,0.111792761962
0.0336476419852,0.00729557508588,0.363556448577,0.595500334352
0.212081180834,0.498475976775,0.0217633048985,0.267679537493
0.427082050455,0.0683029176032,0.0486986749843,0.455916356958
0.116492013219,0.0891970932326,0.341886012331,0.452424881217
0.262336698175,0.298656139784,0.338753793339,0.100253368702
0.303695735151,0.15501972291,0.358746488332,0.182538053607
0.264926951632,0.239881700303,0.25965568923,0.235535658834
0.296725087285,0.24259321344,0.381956079048,0.0787256202263
0.30206941957,0.142786935642,0.240687322578,0.314456322211
0.300198427723,0.293196933974,0.252765487358,0.153839150945
0.128395733961,0.409342058817,0.104720021862,0.35754218536
0.435013445888,0.115055954809,0.22305998072,0.226870618584
0.278130358367,0.269751226909,0.410683333751,0.0414350809731
0.280580667529,0.023181155223,0.369940373332,0.326297803917
0.257104211404,0.33557572271,0.298002701959,0.109317363927
0.476430879915,0.312261744469,0.161379574058,0.0499278015581
0.167353169921,0.306363043015,0.207635020272,0.318648766791
0.267396662701,0.401990636494,0.27902418384,0.0515885169649
0.115070073716,0.322138249183,0.291275116956,0.271516560144
0.298345880552,0.2833284884,0.147666638984,0.270658992063
0.0569781877171,0.376793380269,0.280561249818,0.285667182197
0.287430719921,0.200217181296,0.244156695739,0.268195403044
0.162959998361,0.349397147062,0.344499411915,0.143143442663
0.340544924062,0.146698930004,0.265821667601,0.246934478333
0.295786411115,0.236656060208,0.388342009962,0.0792155187151
0.0494290637474,0.231632899627,0.0471501322923,0.671787904333
0.253063107925,0.0735851118207,0.460951623043,0.212400157211
0.140851551225,0.173281603106,0.341718723121,0.344148122549
0.0532154095159,0.27606371261,0.241522854755,0.429198023119
0.268195534332,0.116005176466,0.339650114677,0.276149174525
0.0986264448736,0.524026177048,0.0144547930558,0.362892585023
0.275047972743,0.0875336513546,0.309702970937,0.327715404966
0.29022365973,0.0589746900872,0.414843221211,0.235958428971
0.166115140895,0.361503068825,0.366319337351,0.106062452928
0.235514949522,0.367337828722,0.153233331917,0.243913889839
0.175249636117,0.0494649516822,0.31822913085,0.45705628135
0.459753941693,0.149102456927,0.128943172311,0.262200429069
0.343353402865,0.253813867835,0.317547554947,0.0852851743536
0.256929447623,0.305278002312,0.261778197735,0.17601435233
0.588806952283,0.168934891203,0.0617019167399,0.180556239774
0.57235851111,0.189480212782,0.0501047246976,0.188056551411
0.155682846894,0.282862898772,0.311487824444,0.24996642989
0.599920050703,0.0658532173858,0.234863121419,0.0993636104927
0.244176622365,0.132809628363,0.130062588072,0.4929511612
0.378425952059,0.0191884918989,0.312192636398,0.290192919644
0.31133962052,0.184544756825,0.0177662041707,0.486349418484
0.106440659985,0.355778058043,0.249044599847,0.288736682125
0.116081912351,0.413503983214,0.078672193413,0.391741911022
0.175776414498,0.15399464986,0.365459056578,0.304769879064
0.292914209249,0.334512381312,0.321429012468,0.0511443969719
0.429217094792,0.374530263775,0.0866756156246,0.109577025808
0.156382031284,0.23501284133,0.326554964413,0.282050162973
0.210677396683,0.189423446459,0.178931871688,0.420967285171
0.124082645029,0.391392005648,0.200545796102,0.283979553221
0.0444251818122,0.413657307511,0.387572743905,0.154344766772
0.412555751935,0.0793677741498,0.283768451821,0.224308022094
0.305351581511,0.20715239326,0.236077347083,0.251418678147
0.290173721719,0.381463530174,0.0649067315281,0.263456016579
0.225327172722,0.282333805166,0.0739677888887,0.418371233223
0.187132500528,0.363381455473,0.0785444501874,0.370941593812
0.300319590536,0.0948589094153,0.318526881568,0.286294618481
0.29755962408,0.209840135874,0.302549172694,0.190051067353
0.386565095354,0.0693425100582,0.490537389313,0.0535550052745
0.383013864496,0.0479117276815,0.0221161421933,0.546958265629
0.892143877889,0.0554459834367,0.00563376305213,0.0467763756221
0.283471422297,0.215098027277,0.301808866598,0.199621683827
0.261407097681,0.220850830303,0.265026924598,0.252715147418
0.441586650691,0.377914937399,0.0408911071713,0.139607304738
0.327781097152,0.138628148268,0.0353567118996,0.49823404268
0.431627175173,0.0356900418127,0.119955728489,0.412727054525
0.0829363378907,0.559764280958,0.294213067145,0.0630863140063
0.301231937082,0.217928881205,0.192206924299,0.288632257414
0.244004234781,0.490242029452,0.149351389145,0.116402346622
0.333779761727,0.300196498281,0.285836445587,0.080187294405
0.349789427862,0.0944486142791,0.219244832933,0.336517124926
0.476549282112,0.24296948819,0.251858101589,0.0286231281084
0.16833449722,0.427800080751,0.26079059648,0.143074825549
0.0504735287667,0.345236889451,0.332915331475,0.271374250307
0.258918974705,0.252841924931,0.239811864528,0.248427235836
0.252911092557,0.505320963397,0.143837692172,0.0979302518742
0.0704745552893,0.568731855252,0.19495872946,0.165834859999
0.107596656669,0.485553060454,0.00383632883213,0.403013954045
0.506432237976,0.243516420605,0.121442597643,0.128608743776
0.0993875490151,0.200408365083,0.45941234738,0.240791738522
0.084378000503,0.218782044224,0.361899053809,0.334940901464
0.368386272312,0.148391040293,0.25375485778,0.229467829614
0.426291904903,0.113512273935,0.380813711225,0.0793821099379
0.288064489453,0.265139127342,0.188743091217,0.258053291989
0.28979064429,0.0771207681973,0.31360172199,0.319486865522
0.191440085657,0.0980316713702,0.350546017908,0.359982225064
0.0230598325354,0.306259061976,0.264031839116,0.406649266372
0.250392113483,0.205449475543,0.165334299061,0.378824111914
0.0273728242408,0.125850908523,0.526518239127,0.32025802811
0.306973838262,0.14075041683,0.298092810363,0.254182934545
0.437411674244,0.11841686617,0.14568691047,0.298484549116
0.449974796056,0.0387932688308,0.254287069463,0.256944865651
0.0839881826682,0.284039948658,0.30329707103,0.328674797644
0.161657429332,0.561655732397,0.208842694191,0.06784414408
0.231822137437,0.282966004003,0.293250832333,0.191961026226
0.199803660317,0.198317863642,0.470483569373,0.131394906669
0.261368429887,0.333233196585,0.185597967774,0.219800405754
0.448730733448,0.16040335763,0.258737369973,0.132128538949
0.30154148876,0.27136806948,0.384134246924,0.0429561948356
0.145004267323,0.165596868379,0.501350219964,0.188048644334
0.522941379539,0.00269637832716,0.00160413415765,0.472758107976
0.27156705888,0.225184919749,0.0688310734069,0.434416947964
0.200311915145,0.0390441740671,0.55063983099,0.210004079798
0.201273538159,0.196577257835,0.555865954289,0.0462832497169
0.290481437213,0.161802261152,0.319105081007,0.228611220628
0.396730132669,0.155972215456,0.0948024400411,0.352495211834
0.0535369871753,0.414783661185,0.441950863233,0.0897284884065
0.218558316927,0.339521020659,0.307863722074,0.13405694034
0.308636769676,0.100198343508,0.261912855348,0.329252031468
0.320037422499,0.286709272397,0.214091862204,0.179161442899
0.390118184518,0.259777869607,0.176032020568,0.174071925307
0.169209319219,0.0924823213263,0.598690338198,0.139618021257
0.374104184715,0.0666805840742,0.0771582862565,0.482056944955
0.0572936378013,0.274234237642,0.33803714113,0.330434983426
0.386041453388,0.0256972717001,0.32957981412,0.258681460792
0.44277997859,0.320517850455,0.0637874591094,0.172914711846
0.141367491728,0.507833973819,0.0332675217166,0.317531012736
0.333184414154,0.195220924009,0.18033072991,0.291263931927
0.27160214632,0.345952588895,0.136042528205,0.24640273658
0.297693263871,0.152745842688,0.149729757137,0.399831136304
0.0587604548679,0.213158608977,0.377131439805,0.35094949635
0.226648995095,0.0113444055631,0.453208107371,0.308798491971
0.359466257013,0.181703445433,0.258851492049,0.199978805505
0.51722097732,0.126539958767,0.187998758217,0.168240305696
0.0819126378761,0.54183115219,0.116371422523,0.259884787411
0.107179760808,0.537014886676,0.178192552962,0.177612799555
0.207733921288,0.397595907749,0.319434200275,0.0752359706893
0.108262865205,0.451644602676,0.0916231150722,0.348469417047
0.230429316989,0.112915584027,0.348931771065,0.307723327919
0.0110454377957,0.394603519987,0.295001948877,0.29934909334
0.380738067927,0.380863113771,0.131106474011,0.10729234429
0.0754453256033,0.383714066064,0.0160133906337,0.524827217699
0.0388346327456,0.338609743593,0.193020525822,0.42953509784
0.26982156845,0.31122638868,0.185974971954,0.232977070916
0.0568671706761,0.251676962061,0.639467527342,0.0519883399212
0.283507220999,0.29241251837,0.0304616822645,0.393618578366
0.277161240654,0.208365533543,0.391609200271,0.122864025532
0.162955967805,0.249192698932,0.278898076659,0.308953256604
0.501562761384,0.0335803548642,0.428051087498,0.0368057962535
0.329182454565,0.031090071364,0.322689978314,0.317037495757
0.428339668139,0.350602785562,0.167938266748,0.0531192795507
0.247083858873,0.214423323219,0.0201236575063,0.518369160402
0.0906952488749,0.373426494765,0.444777386162,0.0911008701981