0.00214919218548,0.379756406821,0.174436351461,0.443658049533
0.00171031602778,0.209285110452,0.53921107416,0.24979349936
0.418617863939,0.281568797693,0.0594083152356,0.240405023132
0.144576604402,0.0122956029918,0.596373182116,0.246754610491
0.0116882496011,0.305001210319,0.246926798478,0.436383741602
0.0964060227559,0.26794213602,0.258632174926,0.377019666299
0.0217123881197,0.201027225272,0.763145675652,0.0141147109563
0.171064011146,0.269100650735,0.258240659068,0.301594679051
0.00780086764928,0.348457266614,0.16293253586,0.480809329876
0.0251847060754,0.130943391064,0.731505757503,0.112366145357
0.136670908119,0.404735128602,0.246027938475,0.212566024804
0.329229495356,0.283058288639,0.108174802883,0.279537413122
0.0868961784599,0.370555294467,0.0228517849969,0.519696742077
0.372840306688,0.225763982879,0.235651439043,0.165744271391
0.41690564526,0.0558192593746,0.430185684619,0.0970894107467
0.0613374923438,0.565855772024,0.273862857772,0.0989438778605
0.0155058410378,0.429964492859,0.472018019979,0.0825116461242
0.316949052932,0.376515310618,0.203320093928,0.103215542522
0.182318303134,0.325269628166,0.359449923982,0.132962144718
0.167195481643,0.368535760292,0.349358150247,0.114910607818
0.29794650291,0.36767417426,0.306267376848,0.0281119459822
0.254731147295,0.348582523078,0.0441304998361,0.352555829791
0.340460871222,0.0691207666453,0.474757671826,0.115660690306
0.281714156802,0.309030393722,0.254842613567,0.154412835909
0.00874752426749,0.368990606055,0.492713217993,0.129548651685
0.1111100492,0.0333935103735,0.213371228865,0.642125211562
0.362652926476,0.52233136583,0.0917176759891,0.0232980317054
0.401516825205,0.228901051395,0.223334198325,0.146247925075
0.225542398574,0.448165961668,0.272030802287,0.0542608374715
0.383204550896,0.253067916023,0.341807473859,0.0219200592215
0.351426387066,0.401591425966,0.0945498403463,0.152432346622
0.0335929090749,0.445297419628,0.24948092715,0.271628744147
0.646290900701,0.271532733542,0.0663617715555,0.015814594201
0.325047910058,0.172554784051,0.28188813201,0.22050917388
0.0599561240321,0.36467980086,0.299771819551,0.275592255558
0.195572346036,0.491885709853,0.290195360068,0.0223465840424
0.165419805593,0.330910768598,0.239269135325,0.264400290484
0.311645536567,0.279028452888,0.193954080758,0.215371929787
0.306945771527,0.209766331915,0.227187816886,0.256100079672
0.0411869128969,0.518365978998,0.00210746052645,0.438339647578
0.183872086439,0.326460148289,0.0995330075142,0.390134757758
0.280104646565,0.324217525898,0.0297097617405,0.365968065797
0.15110245015,0.300940718882,0.191836985916,0.356119845051
0.0884039217015,0.415215500631,0.151459954342,0.344920623326
0.256420323754,0.193222853197,0.307000175738,0.243356647311
0.362582202372,0.155055059954,0.026765621204,0.45559711647
0.167891892408,0.442678087152,0.00452030615573,0.384909714284
0.324913552719,0.148198280194,0.248887297791,0.278000869297
0.272179716861,0.322037554862,0.370903484085,0.0348792441922
0.164787343805,0.225206020039,0.335682027986,0.27432460817
0.361658614167,0.0626149536821,0.256489934689,0.319236497462
0.201085312505,0.337319121633,0.245674707638,0.215920858225
0.253170238484,0.154693365002,0.314055802303,0.27808059421
0.182410193328,0.373295853633,0.378152241721,0.0661417113176
0.346513318321,0.225248124989,0.214934320308,0.213304236382
0.427078473284,0.279852339279,0.137792987456,0.15527619998
0.189650540508,0.051255101507,0.450877555697,0.308216802288
0.192774032599,0.21693763548,0.223331686389,0.366956645532
0.319417882295,0.0051291822145,0.437163769128,0.238289166363
0.111229024213,0.388648101899,0.400996310233,0.0991265636552
0.105062966353,0.465087445662,0.216189114115,0.21366047387
0.193408703424,0.286341834294,0.428768821656,0.0914806406251
0.270614892424,0.353949003879,0.0901070693955,0.285329034302
0.38798922754,0.0760730365345,0.434058601075,0.101879134851
0.169466842195,0.367122050833,0.0712868942575,0.392124212715
0.115628176054,0.261587419316,0.173432642564,0.449351762066
0.101959059585,0.0549257454055,0.544346944112,0.298768250898
0.26815650874,0.21481940268,0.234251838192,0.282772250388
0.299900051261,0.253940375905,0.247696414156,0.198463158677
0.269845456535,0.466914745308,0.106818780763,0.156421017394
0.15254933231,0.275960250121,0.322881828941,0.248608588628
0.188149295483,0.237231307258,0.314398211841,0.260221185419
0.163340517775,0.351108849788,0.172752476094,0.312798156343
0.0317339571216,0.392113735464,0.409761754536,0.166390552878
0.0513121521299,0.0299230816607,0.704415441704,0.214349324506
0.22717411717,0.267708318769,0.424329665761,0.0807878983
0.136879950958,0.261758962404,0.157214689932,0.444146396705
0.407548101428,0.0260008509847,0.24260615068,0.323844896907
0.0698565501324,0.257753053166,0.408911326193,0.263479070509
0.0480907532359,0.336925652979,0.380064084849,0.234919508936
0.286433505146,0.20350442665,0.334538934677,0.175523133527
0.335560784587,0.220579514942,0.0728973504162,0.370962350054
0.316625257065,0.0355630208799,0.305074572484,0.34273714957
0.297475507919,0.338110882888,0.0719721641286,0.292441445064
0.0658813341,0.0974614688536,0.405376118254,0.431281078792
0.119962331177,0.292404527691,0.292317577255,0.295315563878
0.127163495486,0.329433393716,0.269930416056,0.273472694742
0.158697354465,0.20127186152,0.35399346563,0.286037318386
0.0752145243213,0.327911933971,0.311152417781,0.285721123927
0.0448782859149,0.00117422039443,0.466707792902,0.487239700789
0.451758587049,0.339339339158,0.0810198663801,0.127882207413
0.303672030938,0.299340022303,0.257596600491,0.139391346268
0.229704051292,0.370982967508,0.187395378286,0.211917602914
0.101880534262,0.270527024794,0.225602448272,0.401989992672
0.373912098979,0.259412822548,0.358775361173,0.00789971730003
0.162544901211,0.37382677787,0.388006993164,0.0756213277562
0.273695248967,0.0661277064001,0.202030738126,0.458146306507
0.157141027649,0.314023313772,0.482367576949,0.0464680816306
0.314412862838,0.160751007839,0.0201850471955,0.504651082127
0.347586030495,0.204160382416,0.283585662342,0.164667924746
0.253359897479,0.101997859367,0.241464207264,0.403178035891
0.164874046507,0.356173979082,0.387234224059,0.0917177503521
0.373852423296,0.176902637343,0.0262177533396,0.423027186021
0.467766956345,0.359109961603,0.0985787284185,0.0745443536339
0.303934576202,0.40876801959,0.0957738099812,0.191523594227
0.559219813122,0.112011254989,0.108694412524,0.220074519365
0.299062195219,0.360952885238,0.141482599446,0.198502320097
0.0976080253146,0.285075174948,0.314055904296,0.303260895442
0.231472771824,0.304800578267,0.359291763824,0.104434886085
0.326282507568,0.271539001587,0.248053366613,0.154125124232
0.24682611007,0.413337649239,0.153511830086,0.186324410605
0.215782989622,0.089470795009,0.493558967337,0.201187248033
0.00218157672125,0.384322812784,0.172810314145,0.440685296349
0.325203271625,0.0991337199354,0.209511432714,0.366151575726
0.230791900177,0.37244009,0.297628880703,0.0991391291197
0.222627562549,0.522831197737,0.224492082963,0.0300491567506
0.184183606622,0.358707580801,0.392670010948,0.0644388016288
0.170269752351,0.279289455481,0.394633062327,0.155807729842
0.115528266002,0.380402433972,0.39723213682,0.106837163206
0.357431501147,0.126893917469,0.135769834333,0.379904747051
0.279741798105,0.230669345024,0.181639951477,0.307948905394
0.0385049895296,0.333061983819,0.271874720547,0.356558306104
0.307527671527,0.169904685221,0.235499306558,0.287068336693
0.383883879417,0.374521355252,0.141256350892,0.100338414439
0.363735500532,0.368108435808,0.00434837087954,0.263807692781
0.398071521135,0.502546200033,0.029576210918,0.0698060679144
0.378379666686,0.337167115823,0.169493080726,0.114960136765
0.292588692183,0.232747569116,0.334813567294,0.139850171407
0.287301842811,0.231117712227,0.315206939053,0.166373505909
0.139019186821,0.161541695871,0.29370585208,0.405733265227
0.418098441525,0.261936565049,0.0856508786245,0.234314114801
0.33859363601,0.344034521264,0.204447847314,0.112923995411
0.188060657269,0.429076339147,0.0157457450391,0.367117258544
0.171918553421,0.571196734702,0.0973744743753,0.159510237502
0.495615139748,0.206045869737,0.213492671473,0.0848463190431
0.380829195456,0.301314729041,0.0689359566729,0.24892011883
0.362527474357,0.211628880856,0.120009974804,0.305833669984
0.181060617238,0.15352833201,0.350450631736,0.314960419016
0.654301764361,0.169125946496,0.0845576559864,0.092014633157
0.0924409197603,0.268005282742,0.294299158978,0.34525463852
0.0949099443558,0.230466643625,0.326943803602,0.347679608417
0.105901812177,0.555600715132,0.136074029769,0.202423442922
0.53276677165,0.0827031152472,0.354901588353,0.0296285247491
0.267783781392,0.471072569244,0.115668233811,0.145475415553
0.220682753146,0.438606524674,0.27548524389,0.0652254782901
0.264959779388,0.141343968468,0.425382351076,0.168313901068
0.306849733488,0.202170196179,0.289210360548,0.201769709785
0.160349337527,0.107797362417,0.153747782788,0.578105517268
0.288980153373,0.274947629281,0.29117173109,0.144900486257
0.35884709995,0.473147132794,0.106984538028,0.0610212292288
0.307665486803,0.170841737823,0.214844844528,0.306647930845
0.0724835755687,0.319799550684,0.328364587069,0.279352286678
0.154676992858,0.291371124175,0.252979644621,0.300972238347
0.0965660503063,0.24357597519,0.342735255867,0.317122718637
0.171136050786,0.322317867604,0.312472545253,0.194073536357
0.0698059945971,0.591037436125,0.212976338364,0.126180230914
0.280293118034,0.186952014398,0.159171648493,0.373583219075
0.365185398349,0.0482955939743,0.160811133653,0.425707874023
0.209917586822,0.211117050229,0.231260796703,0.347704566245
0.236166882928,0.205371491605,0.156149461942,0.402312163525
0.485505789813,0.06222685279,0.221229799491,0.231037557905
0.418881863925,0.190794314333,0.256331134693,0.133992687049
0.324059903935,0.467897155355,0.190715984799,0.017326955911
0.234674694893,0.385125427601,0.132773553745,0.247426323762
0.203922654119,0.321544026581,0.0617552265826,0.412778092717
0.198794251009,0.192830718385,0.349814403771,0.258560626835
0.328066068558,0.258212347902,0.0854955888531,0.328225994687
0.149084014974,0.000332161287204,0.416953827398,0.433629996341
0.229377448636,0.0328458913052,0.398047405238,0.339729254821
0.402002085795,0.146872601985,0.376541273198,0.0745840390225
0.372114875357,0.117955964661,0.342215654875,0.167713505106
0.279214382726,0.200627760751,0.333658500398,0.186499356125
0.315590977136,0.320404565862,0.175518111123,0.188486345879
0.213987768066,0.0720029329303,0.259124886509,0.454884412495
0.167895734686,0.50005157386,0.010732302317,0.321320389137
0.144803972936,0.130959816265,0.481545169019,0.24269104178
0.382451128203,0.310676740946,0.261518194272,0.0453539365787
0.295512127631,0.108072498465,0.241452152657,0.354963221247
0.389130364244,0.365441182191,0.108100693936,0.137327759628
0.207456374418,0.143302500724,0.39573826725,0.253502857608
0.337392550685,0.179116737591,0.351309561259,0.132181150464
0.514875946699,0.156125047638,0.299892457196,0.0291065484668
0.192023781379,0.129742665322,0.36358514117,0.314648412129
0.340931483919,0.158555345864,0.203752464146,0.296760706072
0.148202678361,0.103747067978,0.173847340566,0.574202913094
0.050647437365,0.122174053054,0.342175911518,0.485002598063
0.373012700758,0.298307912882,0.0524572353942,0.276222150966
0.151174828689,0.345833585694,0.0990761510769,0.40391543454
0.230825995338,0.195859279322,0.148839909968,0.424474815373
0.0381872936124,0.195700316612,0.108827012276,0.6572853775
0.0808877709682,0.373399764783,0.245258431435,0.300454032813
0.0595812477995,0.435471669323,0.245208798871,0.259738284007
0.217571251823,0.394323233376,0.328686847419,0.0594186673823
0.400903583627,0.442238769188,0.124169040618,0.0326886065679
0.310636345893,0.226416878951,0.34433694478,0.118609830376
0.291942142599,0.406926469922,0.11529157057,0.185839816908
0.403256944308,0.325438300918,0.138806293893,0.132498460881
0.212231646756,0.356478544877,0.196038565001,0.235251243366
0.220488563398,0.293129064405,0.289757445183,0.196624927014
0.193433925518,0.258172194714,0.352643610983,0.195750268785