0.295577659929,0.55534758582,0.056457982293,0.0926167719584
0.334160043988,0.368208986485,0.107496588792,0.190134380734
0.212766052855,0.0414627697471,0.530675910298,0.215095267099
0.211774016966,0.208611948464,0.328910649345,0.250703385225
0.226680196132,0.26597741822,0.276443640313,0.230898745335
0.0191484603786,0.0908924999361,0.67625771358,0.213701326106
0.301399668904,0.196243849636,0.22967535871,0.27268112275
0.15392289361,0.298794646819,0.330104560162,0.217177899409
0.396847736803,0.476636501868,0.0921203637806,0.0343953975483
0.0340972057808,0.564513930379,0.340083199307,0.0613056645328
0.36728760148,0.497000473623,0.108608550353,0.0271033745447
0.284474010649,0.110593043461,0.285459715469,0.319473230421
0.227380643492,0.0096404089098,0.297764295654,0.465214651944
0.329690251667,0.420194923606,0.18748944091,0.0626253838162
0.1058982496,0.312687560983,0.112834030926,0.468580158491
0.170627148574,0.213750632276,0.453350054727,0.162272164423
0.162092735256,0.141187720821,0.399919704808,0.296799839115
0.31391487938,0.280896698534,0.0685811819183,0.336607240167
0.148771222019,0.350997448105,0.347960059876,0.152271270001
0.228122467623,0.313260794344,0.261727528834,0.196889209198
0.197067163121,0.231742912448,0.225309243069,0.345880681362
0.0259906628629,0.407735371524,0.410423639212,0.1558503264
0.372135438428,0.397141972548,0.132330072095,0.0983925169291
0.298258821588,0.297473441663,0.24098324532,0.163284491429
0.251662251205,0.255427099929,0.451366302072,0.0415443467949
0.338296928102,0.188574862464,0.247163847535,0.225964361898
0.28858185955,0.0778936475508,0.256050029261,0.377474463639
0.278855295928,0.40612109195,0.0683873185037,0.246636293618
0.234467287207,0.4017306417,0.227079300771,0.136722770322
0.246552028161,0.249494366251,0.0524956814453,0.451457924143
0.373981640684,0.569620590674,0.00453502715339,0.0518627414889
0.261688583183,0.269819231444,0.285291946905,0.183200238468
0.502142820449,0.163542746183,0.259004679106,0.075309754262
0.23633812697,0.0429898688009,0.647601019076,0.0730709851537
0.344497857851,0.106222780534,0.173473904045,0.375805457571
0.342889062049,0.046063445213,0.311154500305,0.299892992433
0.363328042824,0.00282837034761,0.318011996502,0.315831590326
0.11226868516,0.313104489696,0.31586536549,0.258761459654
0.270387130732,0.10922515053,0.240427229688,0.379960489049
0.452891910643,0.33092845351,0.118861408794,0.0973182270524
0.271784256785,0.449812946669,0.193295262455,0.0851075340902
0.158437998202,0.414394664712,0.223774393372,0.203392943714
0.381336941731,0.180073337424,0.138260936056,0.300328784789
0.352395980201,0.469015943811,0.102093930834,0.0764941451531
0.318079363142,0.131413143286,0.340125772891,0.210381720681
0.226905759069,0.272392172759,0.233669589901,0.267032478272
0.270288202795,0.184862571555,0.283011120657,0.261838104992
0.102853464712,0.305276798585,0.377913864262,0.213955872441
0.435410739378,0.0750669943247,0.072589999726,0.416932266572
0.265729144719,0.0502481695871,0.432341391545,0.25168129415
0.487526011796,0.265783498463,0.0352657584397,0.211424731302
0.539098153048,0.0461391961916,0.241605256874,0.173157393886
0.275653082316,0.340334443526,0.0777975707505,0.306214903408
0.581918112115,0.217640535967,0.0881871738763,0.112254178042
0.227414466771,0.0827447183492,0.410611644265,0.279229170615
0.32344569827,0.212417877179,0.23112987919,0.233006545362
0.111861299549,0.157238099723,0.167811986214,0.563088614515
0.34898400152,0.0564895830628,0.407605302991,0.186921112426
0.165627121178,0.329949838314,0.168433941281,0.335989099227
0.305348063637,0.359577806969,0.0616786951863,0.273395434207
0.341607928726,0.0089671429987,0.362301745909,0.287123182366
0.370010698214,0.384646645071,0.15341664816,0.0919260085555
0.376966368457,0.0287053765088,0.219709348592,0.374618906442
0.18515209437,0.350222585508,0.120728840824,0.343896479298
0.121220600215,0.26513801345,0.259824247485,0.353817138849
0.255959851554,0.318183449631,0.242775477158,0.183081221657
0.136377705397,0.00293424430834,0.415462717783,0.445225332511
0.0119822359606,0.440246448899,0.439771114611,0.10800020053
0.0466586632034,0.280803724296,0.317434349244,0.355103263257
0.0579143131858,0.24419688409,0.175332226058,0.522556576665
0.316436829387,0.169563709759,0.274810933061,0.239188527793
0.320775088595,0.293685105815,0.0611388860933,0.324400919496
0.169834650548,0.143174074273,0.197065155922,0.489926119257
0.0438738854344,0.302320747602,0.234730805034,0.41907456193
0.344038076664,0.361016871547,0.257495268317,0.0374497834723
0.176492313418,0.244160824066,0.0938581810977,0.485488681418
0.314325077683,0.432247982248,0.0288315251051,0.224595414964
0.218648762643,0.193428279643,0.2634380277,0.324484930014
0.419721266755,0.0258542342482,0.536158486522,0.0182660124744
0.454246005272,0.0553723066409,0.190535165358,0.299846522729
0.143732695243,0.352702840319,0.1243811859,0.379183278538
0.216720874318,0.487601552062,0.0772734301465,0.218404143474
0.257587949502,0.181677613568,0.424735519679,0.135998917251
0.378059335898,0.361167753284,0.230296553377,0.0304763574406
0.353836456985,0.223087681062,0.262831770872,0.160244091082
0.24361155927,0.290044301474,0.292433330182,0.173910809074
0.210523746681,0.365619466162,0.245308250936,0.178548536221
0.289537906363,0.21497491612,0.232311604882,0.263175572635
0.0475230840027,0.382973826498,0.218894616148,0.350608473351
0.205020819048,0.226726860064,0.542871491055,0.0253808298326
0.295400959199,0.263307427627,0.313110089355,0.12818152382
0.178492425809,0.123343341243,0.47918905086,0.218975182088
0.0639225279492,0.267346110418,0.365934559062,0.302796802571
0.0726179362666,0.0530464902245,0.278909379953,0.595426193556
0.347076852632,0.227166031535,0.0860672562278,0.339689859605
0.0640972465873,0.332574193989,0.417551053093,0.185777506331
0.460539515848,0.00809747155454,0.446366483323,0.084996529275
0.296613832087,0.348884070389,0.0935001869535,0.26100191057
0.500076633576,0.202831174556,0.0162687050535,0.280823486815
0.495525150972,0.0041773261747,0.344269709818,0.156027813036
0.0180420106686,0.257268168637,0.335057676656,0.389632144038
0.354941345899,0.165025146916,0.29413927441,0.185894232775
0.195334650458,0.239828207229,0.297568477488,0.267268664825
0.297440951403,0.407109203053,0.163464934543,0.131984911001
0.828884556261,0.092346461316,0.0594855506124,0.0192834318104
0.0524380125561,0.588174234239,0.253276329854,0.106111423351
0.274359411201,0.16179071703,0.167399573318,0.39645029845
0.374308162011,0.196511800954,0.182704223261,0.246475813773
0.428372399399,0.363477494572,0.101400533961,0.106749572068
0.204268376861,0.602788060329,0.098826464364,0.0941170984469
0.420441242558,0.352498154629,0.0641314744633,0.16292912835
0.111567537229,0.325003918863,0.2720270896,0.291401454308
0.159343756543,0.371101586648,0.19760333703,0.271951319779
0.199559632062,0.0439140252844,0.493835886952,0.262690455702
0.145928844629,0.0069268618702,0.35273186502,0.494412428481
0.0842823441866,0.445415398328,0.340553846353,0.129748411132
0.156867323969,0.300446266238,0.237043833429,0.305642576364
0.296589416754,0.271281426268,0.00892205596087,0.423207101017
0.25455057454,0.0383846945262,0.427442023509,0.279622707424
0.278636408294,0.28909866487,0.221623738813,0.210641188023
0.386050932369,0.150560464567,0.303437848912,0.159950754152
0.169857623692,0.304533549879,0.367982834247,0.157625992182
0.328461925147,0.215942597343,0.143797984459,0.31179749305
0.0092784357092,0.384088452265,0.411463691542,0.195169420483
0.245014155546,0.244976256832,0.325720115571,0.184289472051
0.252016577483,0.352177110628,0.0910889172656,0.304717394623
0.0828132554947,0.286305207045,0.150932568021,0.479948969439
0.165186953488,0.296683592275,0.286317787818,0.251811666418
0.265584355704,0.22357772372,0.198341459827,0.312496460749
0.408115864786,0.236754410351,0.259851992274,0.0952777325881
0.366144650552,0.00518897125231,0.311431811302,0.317234566894
0.2174970246,0.139023302933,0.411558419672,0.231921252795
0.256254158447,0.165974298122,0.252635455205,0.325136088226
0.284758073892,0.267056771183,0.288153014866,0.160032140059
0.199161048451,0.367523973733,0.0615001069704,0.371814870846
0.285689973307,0.310243774521,0.339857763509,0.0642084886635
0.30417228117,0.393814810332,0.101408611885,0.200604296614
0.220365713585,0.363951384868,0.190271192086,0.225411709461
0.201406467389,0.374875445813,0.104796724863,0.318921361935
0.34045540854,0.24089105745,0.319850804926,0.0988027290834
0.398875389067,0.242184147024,0.134220403076,0.224720060833
0.120692208018,0.332397461797,0.408966947389,0.137943382796
0.656494095901,0.129405612405,0.019212918988,0.194887372706
0.286749518423,0.208214049794,0.50198047161,0.00305596017254
0.121207163319,0.502276161889,0.0582904787729,0.318226196019
0.27339010122,0.496752986781,0.110184610291,0.119672301707
0.154482036911,0.300280503829,0.294236179169,0.251001280091
0.368732132461,0.0597755352591,0.376265092412,0.195227239868
0.0553987611443,0.45921148217,0.117180988625,0.368208768061
0.11690539098,0.482842904698,0.201540137498,0.198711566825
0.30264581183,0.166408812858,0.29546034925,0.235485026062
0.219635256385,0.289682270938,0.0220005218816,0.468681950796
0.44296762498,0.0301911184049,0.109770168807,0.417071087808
0.241247689515,0.261864606811,0.257902626941,0.238985076734
0.292946228826,0.235738861179,0.24190367671,0.229411233285
0.161368458303,0.223667835253,0.38619554865,0.228768157794
0.38135525329,0.153488137433,0.166325421473,0.298831187804
0.170292959013,0.413187780402,0.34717518166,0.0693440789241
0.217449295963,0.301469290351,0.2066140886,0.274467325086
0.41042913381,0.187724844783,0.362061232363,0.039784789045
0.251144406619,0.366909732196,0.142402510163,0.239543351022
0.35918257575,0.326181073794,0.252649458741,0.061986891715
0.35629305275,0.2626829081,0.337138546227,0.0438854929235
0.388708450357,0.0806514389419,0.415944789546,0.114695321155
0.426339574339,0.160919136387,0.394248943994,0.018492345279
0.319192208966,0.322559124183,0.066568198511,0.291680468341
0.342024444852,0.180430169987,0.324968331269,0.152577053892
0.189890458399,0.0764711214249,0.365426886202,0.368211533974
0.334710202712,0.260311341953,0.0690045661602,0.335973889176
0.327900378119,0.20883978202,0.31919207356,0.144067766301
0.359958797142,0.0945327475114,0.244774644816,0.30073381053
0.201793187368,0.450339767186,0.26283698802,0.0850300574261
0.0574150749605,0.318236831543,0.333189683389,0.291158410108
0.174363024333,0.00612106922106,0.43994890044,0.379567006005
0.493780788722,0.456385552087,0.0356248358843,0.0142088233064
0.187072397991,0.00802875187563,0.542829509646,0.262069340487
0.436801400811,0.0234803259689,0.266374027364,0.273344245856
0.514844073993,0.00625501282972,0.12877002741,0.350130885767
0.31267692523,0.350124639037,0.22021592965,0.116982506083
0.265994658481,0.313591936976,0.264265302385,0.156148102158
0.249889416699,0.290331432196,0.197071083817,0.262708067289
0.246215984898,0.181491849947,0.325106571872,0.247185593283
0.250951381165,0.499570483029,0.20921240176,0.0402657340457
0.11012732224,0.34624977572,0.478896873521,0.0647260285197
0.45941749181,0.0225694087719,0.0602555235792,0.457757575839
0.127460890421,0.366509850313,0.227493141002,0.278536118264
0.293747134492,0.577158713399,0.0892730684686,0.0398210836405
0.400607386581,0.0994307623467,0.343675562722,0.15628628835
0.153337798485,0.257409582152,0.254833799321,0.334418820043
0.0674468299915,0.669472638644,0.0356362698757,0.227444261489
0.139870727372,0.215482765281,0.413636038744,0.231010468603
0.284089951053,0.163804111344,0.382028231002,0.170077706601
0.242715306094,0.277695511872,0.409054502396,0.070534679639
0.527140995762,0.34800626291,0.0922209829894,0.0326317583384
0.116508389089,0.345985985012,0.371279324207,0.166226301693
0.305742822388,0.260960286989,0.290815451976,0.142481438647
0.393229412748,0.0560536635213,0.174637855236,0.376079068495
0.114496755099,0.394441845772,0.156659160625,0.334402238503
0.0429811929382,0.270309413131,0.393212409441,0.29349698449
0.235112818801,0.307572586707,0.275808910272,0.181505684219