0.310054610528,0.295524331715,0.0359336367556,0.358487421001
0.0853910527991,0.0646039077704,0.510389145365,0.339615894066
0.00969433071612,0.261840173093,0.136059154138,0.592406342053
0.395149675121,0.117001704027,0.0969808957133,0.390867725138
0.419146084011,0.079015391549,0.338610093731,0.16322843071
0.217007388778,0.257247027459,0.32874747709,0.196998106673
0.0618364070245,0.28086780188,0.454196913288,0.203098877807
0.284893481907,0.0114849488992,0.175493954904,0.52812761429
0.440258581581,0.385304020081,0.142968552642,0.0314688456957
0.533202679315,0.00587659535637,0.145913618476,0.315007106852
0.271016710013,0.0574187689369,0.167738167958,0.503826353092
0.34114713638,0.269641343635,0.354812201038,0.0343993189469
0.17521600426,0.342878555369,0.0329227456929,0.448982694678
0.116893003579,0.177522699007,0.551566286285,0.154018011128
0.37923695234,0.0959565266663,0.39546938738,0.129337133613
0.516130936025,0.0375746490253,0.222630275198,0.223664139752
0.341115353804,0.0748252834727,0.454208806966,0.129850555757
0.345908689098,0.192758341475,0.441723353881,0.0196096155463
0.134750732399,0.301919643968,0.294697820852,0.268631802782
0.558005102788,0.201465315452,0.0865803057267,0.153949276033
0.180908628997,0.34223060963,0.321757513303,0.15510324807
0.138963735629,0.107930867246,0.385579723735,0.36752567339
0.375188589595,0.076266592896,0.435243701362,0.113301116147
0.605324622795,0.0929409561743,0.28017909966,0.021555321371
0.111326656505,0.123429380624,0.543881822094,0.221362140777
0.39553258437,0.173690487589,0.0165572681712,0.41421965987
0.140130065206,0.425469105212,0.237623273009,0.196777556573
0.537941806231,0.0403324337615,0.325635513559,0.0960902464485
0.440071287539,0.237233999974,0.00770918504707,0.31498552744
0.366827597738,0.303370757814,0.32262479395,0.0071768504971
0.275823467524,0.272485525395,0.101814214184,0.349876792897
0.249884373654,0.204555367309,0.385716600493,0.159843658543
0.375242088606,0.452903576981,0.116624130573,0.0552302038403
0.0404842315291,0.311865476196,0.291394218917,0.356256073357
0.259771954829,0.128970575125,0.32463652105,0.286620948996
0.102822841836,0.111678215388,0.281738768363,0.503760174414
0.149010364105,0.0770598710528,0.17918686866,0.594742896182
0.0411144136244,0.352883037369,0.240451850553,0.365550698453
0.393508344474,0.13253154751,0.252809866922,0.221150241094
0.262232998642,0.167363887422,0.322727553332,0.247675560605
0.373485772708,0.392864294684,0.133894560515,0.0997553720929
0.197019000488,0.148028909139,0.303928236233,0.351023854141
0.226286765395,0.113340624237,0.497488301908,0.16288430846
0.218898121175,0.38644015545,0.138074465091,0.256587258284
0.112116264901,0.374293159631,0.390772464484,0.122818110984
0.18399496991,0.326842444942,0.289185998433,0.199976586715
0.27584095454,0.285830697272,0.0553540624095,0.382974285778
0.311092996603,0.138522727787,0.531906857106,0.0184774185036
0.207036231875,0.352089618223,0.112117939254,0.328756210648
0.383496046859,0.0702183103103,0.27690130757,0.26938433526
0.346717047443,0.0928540297454,0.382851531453,0.177577391359
0.0955124951829,0.292222697209,0.323673214763,0.288591592845
0.307562768258,0.298285405717,0.298762793233,0.0953890327915
0.250598816202,0.21351825592,0.132393692672,0.403489235206
0.417349819665,0.194183540896,0.29927392251,0.089192716929
0.164294858586,0.39964310664,0.0259984547387,0.410063580035
0.604781179214,0.00518336964069,0.00672112066808,0.383314330477
0.390888414649,0.425982810968,0.146255850557,0.0368729238257
0.0993848684405,0.192467280179,0.435458601286,0.272689250094
0.337719386788,0.313823868376,0.244413053228,0.104043691608
0.346951848767,0.343785325895,0.0748731540484,0.23438967129
0.320157269793,0.268351207735,0.340103586275,0.0713879361974
0.24121186082,0.657377608442,0.00950433061139,0.0919062001274
0.396102938328,0.251283767643,0.089546877964,0.263066416065
0.227370313854,0.374229845166,0.0517541546367,0.346645686343
0.319633151688,0.402823796447,0.0186757828272,0.258867269037
0.125478190242,0.182020593027,0.199038371932,0.493462844799
0.261871749214,0.026656408371,0.325744633308,0.385727209107
0.329452079313,0.313392940578,0.294219453891,0.0629355262168
0.281630163617,0.139276927362,0.305850729815,0.273242179206
0.141443071086,0.334333415501,0.358265506176,0.165958007237
0.390265556956,0.0678275434807,0.454029438568,0.0878774609954
0.256801765525,0.187237463655,0.198966909798,0.356993861022
0.310541171712,0.36017353455,0.20782386195,0.121461431788
0.368444379018,0.176085499206,0.182041272197,0.273428849579
0.228891262313,0.073849416454,0.353438305838,0.343821015395
0.607637458211,0.204404275432,0.0625191581529,0.125439108204
0.356221891815,0.0959296862061,0.351097066987,0.196751354992
0.304788213173,0.245273235053,0.0644590486845,0.385479503089
0.259266273419,0.307740680447,0.209198023886,0.223795022248
0.359818906127,0.0686939096372,0.0243052823874,0.547181901848
0.368572453305,0.159704488328,0.154905635748,0.316817422619
0.363830431762,0.186834603317,0.182828936928,0.266506027993
0.186990546784,0.320559498579,0.168226754025,0.324223200612
0.143263607809,0.364762917789,0.122579211545,0.369394262858
0.309522231667,0.196135591251,0.170582526473,0.32375965061
0.477096712222,0.188393272684,0.16356342855,0.170946586544
0.294712056577,0.225044046076,0.291907626827,0.18833627052
0.107132277904,0.251166662922,0.418575392438,0.223125666736
0.293304016682,0.306583803441,0.282846294713,0.117265885164
0.435867771316,0.421899250267,0.0756614700942,0.0665715083224
0.222573919677,0.185501389537,0.348904046383,0.243020644403
0.273527063457,0.110753071177,0.385764169171,0.229955696194
0.0698583441814,0.393456048585,0.136430154132,0.400255453101
0.320117270865,0.0949346814964,0.24948203053,0.335466017109
0.31082793045,0.144345495376,0.210711250908,0.334115323266
0.286417421695,0.247708932535,0.0646394125566,0.401234233213
0.186501942582,0.267223173275,0.209441483735,0.336833400408
0.272840889473,0.252445949605,0.257837014292,0.216876146629
0.216504690785,0.278759035315,0.260105019238,0.244631254661
0.137741000241,0.136693438128,0.281566402682,0.443999158949
0.38547017098,0.127957348324,0.165188684237,0.321383796458
0.237974228938,0.130502386294,0.395397067466,0.236126317302
0.346131521494,0.378209856771,0.0315586226437,0.244099999091
0.22211136685,0.393681899095,0.0265492571541,0.357657476902
0.283229454169,0.415766434888,0.220383544496,0.0806205664468
0.270307624833,0.297902765284,0.266298850218,0.165490759665
0.317871248933,0.155099810847,0.31656370426,0.21046523596
0.180577911314,0.132433089446,0.298891522704,0.388097476536
0.0721598366724,0.328852831451,0.29835895788,0.300628373997
0.287062820768,0.286012623774,0.220641880558,0.206282674901
0.20171998053,0.223468438161,0.126984348835,0.447827232474
0.0635129637077,0.243617004926,0.173764825636,0.51910520573
0.351629731067,0.215959842603,0.373706259275,0.0587041670552
0.45821548797,0.00908486419386,0.378301146491,0.154398501345
0.0705743616414,0.547001714568,0.0985392647321,0.283884659059
0.210852235496,0.325172826145,0.172440775743,0.291534162616
0.210972943783,0.362150050045,0.164071968195,0.262805037976
0.0317414047691,0.436206757953,0.426927067158,0.10512477012
0.587908148459,0.23657975889,0.0624290530406,0.113083039611
0.0588064960058,0.369978976071,0.349114279775,0.222100248148
0.00139338020999,0.215270131337,0.182355620964,0.600980867489
0.312651282475,0.164127965296,0.313346480299,0.20987427193
0.10720472011,0.0917031497089,0.470337716935,0.330754413247
0.291060641612,0.0996505334464,0.399691619084,0.209597205858
0.257647515988,0.319236710123,0.227846900754,0.195268873135
0.300874051063,0.233384156693,0.0541784250413,0.411563367203
0.229106161256,0.0824076496441,0.291235179845,0.397251009255
0.244214928982,0.320856091294,0.0456042903068,0.389324689417
0.141299146769,0.360192393236,0.202767068387,0.295741391608
0.617268403743,0.265146721499,0.0100523780502,0.107532496708
0.220926542246,0.30268562512,0.325786756706,0.150601075928
0.466208995632,0.235032898326,0.094545931046,0.204212174995
0.315418689049,0.347921079332,0.149071971577,0.187588260042
0.484683934625,0.143335337312,0.0455803804845,0.326400347579
0.159852618828,0.314923490897,0.370971463691,0.154252426584
0.0124546862036,0.282302984765,0.340362452119,0.364879876913
0.350243357916,0.0805832389721,0.26194302935,0.307230373761
0.108705613446,0.447263446485,0.10643264568,0.337598294389
0.183314817105,0.259888953404,0.308939380292,0.247856849199
0.311520755912,0.0642865302032,0.352458244252,0.271734469633
0.182735741205,0.358885227324,0.302042795375,0.156336236096
0.388195597452,0.381829617371,0.211677757673,0.0182970275033
0.108764158732,0.261696581191,0.146202863043,0.483336397034
0.00732863755645,0.428220022662,0.152320943051,0.41213039673
0.398108248537,0.0285007208922,0.560075782101,0.0133152484699
0.257979236318,0.33105927517,0.280377864157,0.130583624355
0.152978348806,0.135775966887,0.233487463593,0.477758220714
0.141524689322,0.294087979804,0.197628128232,0.366759202642
0.105241157683,0.254675073043,0.441715866102,0.198367903172
0.0792882413893,0.16561693195,0.531620352792,0.223474473869
0.254982270305,0.0815168571161,0.365950238197,0.297550634382
0.0112275292057,0.356166504037,0.288004654673,0.344601312084
0.230717947633,0.430445905108,0.0721957921957,0.266640355064
0.253495626184,0.309158254146,0.170778351337,0.266567768333
0.264989094638,0.281000927206,0.280815576721,0.173194401435
0.0885193214144,0.692954444429,0.197102209274,0.0214240248818
0.0605159570386,0.334596353244,0.182483128035,0.422404561683
0.00588648101417,0.288587914247,0.610462202242,0.0950634024975
0.398250779101,0.114799320122,0.255160147224,0.231789753553
0.390875877352,0.0250384655973,0.52895314499,0.0551325120604
0.417316749172,0.017066708586,0.0459029494271,0.519713592815
0.372135554457,0.0775806371812,0.412458735045,0.137825073317
0.0352727439241,0.434803963072,0.188304158531,0.341619134473
0.372344758891,0.163547761432,0.304571773175,0.159535706502
0.111197420588,0.314193765153,0.542009450384,0.0325993638748
0.456213625868,0.12573890515,0.217547819757,0.200499649225
0.125862908663,0.140996554273,0.317937063652,0.415203473412
0.188585887335,0.171339973469,0.078953372761,0.561120766434
0.460494211695,0.0240090862523,0.42175629745,0.0937404046028
0.248036214405,0.384041450225,0.0872600145185,0.280662320851
0.299886357224,0.174260251954,0.300648610893,0.22520477993
0.423423707845,0.27023259892,0.195184098491,0.111159594743
0.147328132415,0.283898125235,0.32728835196,0.241485390391
0.103862536551,0.485671537974,0.407747270135,0.00271865534031
0.44110440382,0.201995344749,0.331884141882,0.0250161095493
0.37959510509,0.24309067672,0.195992799393,0.181321418797
0.0830790715743,0.398442460346,0.252761658359,0.265716809721
0.209293287541,0.176884011014,0.313831384737,0.299991316708
0.270981191198,0.365977250185,0.0284836842882,0.334557874329
0.0218763829954,0.283135534826,0.3436896005,0.351298481679
0.568916324832,0.331966358215,0.0966999422036,0.00241737475008
0.410698454401,0.230817567692,0.0459100376222,0.312573940285
0.28994868659,0.200706516636,0.394012472476,0.115332324298
0.0854188350616,0.166035997005,0.421427421582,0.327117746351
0.136712982936,0.26790083708,0.32111708942,0.274269090564
0.188465664257,0.154515902494,0.176883892832,0.480134540417
0.230127515779,0.234952921652,0.470397161755,0.0645224008143
0.202753923747,0.167256199878,0.00572078753096,0.624269088845
0.15665839853,0.167215935044,0.393877371713,0.282248294713
0.273725588534,0.137227309737,0.431515691916,0.157531409813
0.496705826679,0.0642539377425,0.000994377122366,0.438045858456
0.141892400312,0.335925351901,0.36157592654,0.160606321247
0.633724534105,0.0762414600003,0.184525628311,0.105508377583
0.128278782284,0.120997036885,0.336009701126,0.414714479705
0.162288306524,0.300499168696,0.27268855691,0.264523967871
0.233268810327,0.116657914536,0.39483611642,0.255237158717
0.239933456908,0.21898427506,0.197253617109,0.343828650923
0.193756802706,0.295017742484,0.308395829979,0.202829624831
0.0103052494333,0.736311456214,0.188374918317,0.065008376036