0.196235382299,0.315926378194,0.175321225817,0.31251701369
0.357648870842,0.0959102522356,0.180834214433,0.365606662489
0.26913717405,0.223407401285,0.331082105297,0.176373319368
0.300337674762,0.361432856928,0.109967612646,0.228261855665
0.240652961343,0.131475763576,0.321180927263,0.306690347818
0.268444757009,0.35591692115,0.135548623344,0.240089698497
0.10801738189,0.600041373847,0.158724843885,0.133216400377
0.354623088523,0.101438968529,0.414353801599,0.129584141349
0.107657742028,0.481925438659,0.10540249084,0.305014328473
0.31478760057,0.199477854776,0.0551278727104,0.430606671943
0.347031881137,0.333546842817,0.182146565561,0.137274710484
0.224904457104,0.196280935201,0.234050405671,0.344764202024
0.0717228559674,0.0703893634816,0.51795769635,0.339930084201
0.225201671937,0.354113203076,0.28685539916,0.133829725827
0.213064100591,0.310974116272,0.206781522479,0.269180260658
0.16206721146,0.376207596644,0.452981400659,0.00874379123676
0.225658475902,0.537406575418,0.0562850490369,0.180649899643
0.128295081022,0.017963778123,0.45257454292,0.401166597935
0.00738601519024,0.48241041881,0.380962518027,0.129241047972
0.137437713639,0.388937890272,0.188539000166,0.285085395923
0.31222376463,0.0448206454205,0.315994539136,0.326961050813
0.0678419772303,0.346120124596,0.0317205173393,0.554317380835
0.0917247184923,0.184959642757,0.481185110497,0.242130528254
0.0502932369713,0.247261414647,0.438945134199,0.263500214183
0.166760822231,0.359027482233,0.347212271174,0.126999424362
0.319403844709,0.292537856291,0.126171139184,0.261887159816
0.131557769562,0.151561800127,0.328809257041,0.38807117327
0.322385256423,0.287378091003,0.320123695808,0.0701129567655
0.205228940731,0.124859834735,0.344469885621,0.325441338913
0.0460222787362,0.456737866519,0.438803329277,0.0584365254674
0.334596434246,0.272110996439,0.0714766592637,0.321815910051
0.0306559584949,0.108410666163,0.501638054403,0.35929532094
0.279770981801,0.404236234542,0.129746119517,0.186246664141
0.250884406125,0.319386461572,0.170285756403,0.2594433759
0.25270964146,0.267681511842,0.227593977328,0.25201486937
0.291771480129,0.267789005142,0.199998417633,0.240441097097
0.237116098096,0.0255537896251,0.579537068258,0.15779304402
0.102534137919,0.375671967298,0.329867957289,0.191925937494
0.332390701964,0.00113900743265,0.373395652832,0.293074637771
0.316374198936,0.0375456679068,0.409924305496,0.236155827662
0.557712505696,0.00133561394415,0.159919630235,0.281032250124
0.0632202755635,0.467580024259,0.041816303864,0.427383396314
0.234125482176,0.238558254422,0.295186614461,0.232129648941
0.023255803732,0.391631024311,0.25292627148,0.332186900477
0.16525403905,0.0869885177646,0.275651642054,0.472105801131
0.0867421936495,0.116909869487,0.325023397852,0.471324539012
0.397157423629,0.143609833853,0.307405844511,0.151826898007
0.535512723891,0.0669120245769,0.235999024685,0.161576226847
0.0746965566345,0.391197330872,0.413039247768,0.121066864726
0.0155956315686,0.161624483456,0.77989510354,0.0428847814348
0.0132195698135,0.23392551047,0.335735219882,0.417119699835
0.0795064740082,0.249416378776,0.306482683708,0.364594463508
0.095616409815,0.368567921435,0.245225185566,0.290590483184
0.238415684998,0.129291226173,0.216282828043,0.416010260786
0.435875000193,0.255320507693,0.275586497186,0.0332179949285
0.244392180711,0.292662053466,0.293110012029,0.169835753794
0.347215058264,0.36170390226,0.0310583464256,0.260022693051
0.289533407749,0.113161369274,0.380001778241,0.217303444736
0.271421288612,0.144884055161,0.329815590364,0.253879065863
0.246785199978,0.63398688645,0.0623741020479,0.0568538115242
0.250971291847,0.107165084989,0.344247826398,0.297615796767
0.204194403915,0.23353186664,0.319511597837,0.242762131607
0.0281427065778,0.115618303642,0.119528367222,0.736710622559
0.210107717344,0.172111344328,0.295284941556,0.322495996772
0.638398549293,0.0475607992645,0.221634248101,0.0924064033422
0.620321347518,0.261619515872,0.00598003161215,0.112079104998
0.430240827778,0.0246431915582,0.451557893066,0.0935580875975
0.201755387202,0.440621350824,0.260150464381,0.0974727975934
0.119942543654,0.323728519773,0.239072717809,0.317256218764
0.286067240307,0.107685792459,0.219314572253,0.386932394981
0.110619539928,0.0964750790638,0.436698890101,0.356206490908
0.523234270423,0.357287950807,0.0182074410238,0.101270337746
0.351471649836,0.209825700432,0.170154795255,0.268547854477
0.337880738375,0.17297721562,0.43072998858,0.0584120574251
0.298761869759,0.337264262719,0.0753006528843,0.288673214638
0.134285430792,0.238397825657,0.391661734794,0.235655008756
0.450076331174,0.0695750069382,0.147804289322,0.332544372566
0.0668784261721,0.285613732084,0.325115730157,0.322392111587
0.24460687499,0.265412851238,0.0219418626194,0.468038411152
0.559855352973,0.257193613946,0.163053138955,0.0198978941258
0.189408122432,0.228463524193,0.17318398628,0.408944367095
0.262075430898,0.0606884088405,0.320905972992,0.356330187269
0.216031861362,0.387965022484,0.0234238579395,0.372579258214
0.239725920125,0.332471327284,0.0578725583603,0.36993019423
0.160801258995,0.174138794159,0.364428475251,0.300631471595
0.19710100314,0.320478468099,0.199309038797,0.283111489965
0.349151318298,0.218513021814,0.0767917303274,0.355543929561
0.40696178665,0.0454824934525,0.490022408642,0.0575333112558
0.370566867066,0.239639986272,0.367214212085,0.0225789345771
0.386730845095,0.0733683331692,0.279461692197,0.26043912954
0.0394381185824,0.12778138444,0.277009449656,0.555771047321
0.216584691535,0.0776767303011,0.322072445403,0.383666132761
0.405025428103,0.402820390968,0.133006190872,0.0591479900572
0.500405492716,0.126607919126,0.303953092387,0.0690334957706
0.393355647383,0.211452434952,0.243992574089,0.151199343576
0.493745875992,0.0191578419805,0.438886983321,0.0482092987059
0.240563019142,0.0278534352754,0.25988757968,0.471695965903
0.150481967086,0.48679064534,0.291951939507,0.0707754480673
0.0950899672856,0.355379262359,0.329242363666,0.22028840669
0.117779423414,0.270655784479,0.46263631654,0.148928475567
0.307940430026,0.206819440842,0.220995982457,0.264244146676
0.337151246234,0.425981810153,0.160846942402,0.0760200012114
0.015643851691,0.272395257478,0.327834656233,0.384126234598
0.040487121247,0.504084088562,0.0301136666103,0.42531512358
0.387135840553,0.291971444362,0.224381575164,0.0965111399206
0.366217551608,0.0613501160253,0.207863181996,0.364569150371
0.0433224603993,0.0685975606265,0.328963007261,0.559116971713
0.170606158574,0.104877172903,0.28790515456,0.436611513963
0.238668428435,0.307462734951,0.0443952630421,0.409473573572
0.506881345573,0.0453106043859,0.30363530659,0.144172743451
0.022445894737,0.499347183249,0.232148012585,0.246058909429
0.372846903706,0.218527235171,0.16805526605,0.240570595074
0.119295832355,0.392668987666,0.374936011172,0.113099168807
0.157108528988,0.244041013231,0.225231632075,0.373618825706
0.381284120532,0.311536803706,0.248682147933,0.0584969278285
0.220741460701,0.327208303412,0.0427747333172,0.40927550257
0.100415490412,0.328421615399,0.324685206838,0.246477687351
0.183380015451,0.291626687881,0.278791330594,0.246201966075
0.114873983175,0.51007791807,0.350857992508,0.0241901062464
0.315979544449,0.115503236481,0.32630433536,0.24221288371
0.0364711757249,0.0875387683195,0.613812554889,0.262177501067
0.32966093349,0.396714890103,0.0693884787698,0.204235697637
0.353494247153,0.353849873562,0.031453154911,0.261202724375
0.323444073848,0.0842722685893,0.424865269208,0.167418388355
0.115243506807,0.321662719511,0.108037068878,0.455056704804
0.168249046138,0.286502746797,0.234752530498,0.310495676566
0.0432763338707,0.500847001243,0.0667820429376,0.389094621949
0.433928130155,0.17715364081,0.335708170333,0.0532100587014
0.300297297024,0.126012379908,0.358014840149,0.215675482918
0.074555016227,0.47796261888,0.292777978359,0.154704386533
0.0918662126447,0.392837882835,0.411786664494,0.103509240026
0.294394920912,0.206511508696,0.0601380730091,0.438955497384
0.414254212098,0.282646193497,0.202368572108,0.100731022297
0.0363521630455,0.468987111198,0.0329254484258,0.461735277331
0.0537718748839,0.283966267643,0.476751737868,0.185510119605
0.252955259598,0.102754495678,0.217701865839,0.426588378885
0.170946819042,0.213448332621,0.174069449751,0.441535398586
0.0199598222584,0.644694812636,0.23886594198,0.0964794231256
0.312221960931,0.100201722411,0.253462786423,0.334113530234
0.285791111214,0.157783838673,0.239703135066,0.316721915047
0.316675884233,0.100096255786,0.408261266069,0.174966593912
0.128415608937,0.2073310436,0.419006974626,0.245246372837
0.274157263218,0.132444095357,0.298113730067,0.295284911359
0.0482901948761,0.305712375824,0.255131952391,0.390865476909
0.451836109703,0.299838106724,0.238710706051,0.0096150775222
0.35464695018,0.353760815084,0.0224091373986,0.269183097337
0.0838834826303,0.416833726056,0.210906329777,0.288376461537
0.197627466232,0.271406827894,0.172197720659,0.358767985216
0.108714369922,0.226247734815,0.381205399384,0.283832495879
0.283865679007,0.243529044811,0.141099888673,0.331505387509
0.0785633746653,0.552817018663,0.241921623266,0.126697983406
0.32432402263,0.318593654351,0.124509428451,0.232572894568
0.385189900868,0.054186822672,0.198047406311,0.362575870149
0.175759080259,0.114717522257,0.323249555153,0.386273842331
0.0535817232744,0.500089420494,0.0978685702868,0.348460285944
0.37221140499,0.089348141289,0.159800655588,0.378639798133
0.154997702446,0.373002263098,0.387954261825,0.0840457726307
0.167527301352,0.137694111028,0.0727377713269,0.622040816293
0.323001604151,0.211280392277,0.201697359694,0.264020643877
0.391563003972,0.450278770653,0.112327042207,0.0458311831675
0.652283612236,0.162877857075,0.034999946357,0.149838584333
0.22447856678,0.270002711718,0.44308272123,0.0624360002719
0.210532310622,0.148983828415,0.304418826361,0.336065034603
0.502207925152,0.391430584925,0.0259187434877,0.0804427464351
0.0148029690679,0.492573736691,0.254472925778,0.238150368464
0.0250197018607,0.500866246525,0.429895222572,0.0442188290425
0.248143050787,0.270196741783,0.286014928131,0.195645279299
0.240857214619,0.399373955907,0.0544489446144,0.30531988486
0.211126269567,0.196567251775,0.284204194575,0.308102284083
0.155943783474,0.311176415599,0.245403154724,0.287476646203
0.384333831102,0.260453733937,0.197076207484,0.158136227477
0.358993930528,0.291477925434,0.305645722339,0.0438824216984
0.338578798043,0.10225266892,0.333974731673,0.225193801364
0.265024889103,0.263944627319,0.287039288736,0.183991194841
0.371729024321,0.34261768999,0.134494967148,0.151158318541
0.250133110441,0.307800851363,0.189316639892,0.252749398303
0.416593044424,0.145071667824,0.421713569245,0.0166217185068
0.562225863373,0.258471340449,0.0111042907185,0.16819850546
0.0386427859505,0.224405696287,0.036695816543,0.700255701219
0.225186909725,0.337775711002,0.306800282042,0.130237097231
0.404529283448,0.458333598205,0.00522523733693,0.131911881011
0.223131343509,0.152661618109,0.284436495242,0.33977054314
0.00650743938269,0.0551451362141,0.361703768825,0.576643655578
0.42608496417,0.00926945783526,0.114023632177,0.450621945818
0.429290224839,0.320486279623,0.164874813004,0.0853486825335
0.291782321703,0.12546969764,0.145196364747,0.43755161591
0.340065975675,0.307335316096,0.103586915394,0.249011792835
0.551541464023,0.089129541741,0.115974742366,0.24335425187
0.339608104829,0.227563866212,0.429659114425,0.00316891453333
0.330834185405,0.177852441982,0.232827187651,0.258486184962
0.368821673055,0.199292644848,0.113631693721,0.318253988375
0.369528279795,0.179533882222,0.206433228241,0.244504609742
0.00429528174519,0.489317911123,0.365786591006,0.140600216126
0.324009123142,0.0499142847474,0.190220372925,0.435856219186
0.307556104178,0.277684514634,0.0121906593062,0.402568721881
0.191004614531,0.239047925437,0.176178784218,0.393768675815
0.156006905751,0.0294224606792,0.500776749346,0.313793884224
0.196175545944,0.232159613059,0.115288797958,0.456376043038
0.0581250802993,0.461298649915,0.11306181969,0.367514450095
0.0234495143306,0.0725711438726,0.537805123377,0.36617421842