0.171470060438,0.438907728945,0.180676276974,0.208945933642
0.412894033344,0.00159838562055,0.391653952765,0.193853628271
0.119405367651,0.370587293474,0.384243507479,0.125763831396
0.123511161375,0.0808459221358,0.227343066174,0.568299850316
0.28629751664,0.00384934586741,0.574648435491,0.135204702002
0.096118863984,0.483133813625,0.0456120980778,0.375135224313
0.297317227339,0.155520911583,0.291838570824,0.255323290253
0.129826608475,0.243474197124,0.191377732717,0.435321461684
0.342335481572,0.0311637319026,0.309547867706,0.316952918819
0.330195955696,0.359074173799,0.0633730095859,0.247356860919
0.222405145212,0.307958184684,0.302555687656,0.167080982448
0.354088077889,0.216232217878,0.380522120678,0.0491575835552
0.18499503344,0.41096770945,0.362402923649,0.041634333461
0.278014912016,0.170485895662,0.299557708811,0.251941483511
0.201166100572,0.00076822175346,0.346268870807,0.451796806868
0.198380351638,0.051574476074,0.398322493383,0.351722678904
0.398229492648,0.0794421529341,0.101385745411,0.420942609007
0.530163800311,0.264089605841,0.185715185373,0.0200314084749
0.0908040712909,0.000674891251975,0.757201672756,0.151319364701
0.303966569947,0.29273629023,0.28233449425,0.120962645574
0.0314153440847,0.302001312108,0.357584526451,0.308998817356
0.0157508061963,0.376172935458,0.06524261888,0.542833639466
0.148463677951,0.221780522829,0.319973266191,0.309782533029
0.396919454788,0.112571774553,0.231996173729,0.258512596929
0.312825696715,0.257304237828,0.297832503779,0.132037561678
0.0424779524008,0.420876503816,0.433681547599,0.102963996185
0.292561270172,0.095159017079,0.285391503661,0.326888209088
0.311841729323,0.133389590924,0.392843933432,0.161924746321
0.0854060305491,0.324962437081,0.306568378289,0.283063154082
0.028258102348,0.293383206046,0.500836748375,0.177521943232
0.203287227026,0.265288180355,0.257868883157,0.273555709462
0.147228687257,0.142714990473,0.300091718039,0.409964604231
0.314413235396,0.142110153882,0.440143314898,0.103333295823
0.164964404118,0.0350946835026,0.346888629991,0.453052282389
0.41801782676,0.420639910559,0.114118071903,0.0472241907779
0.285184913806,0.291375185843,0.0864795363932,0.336960363957
0.585519562131,0.0986431331996,0.101015978119,0.21482132655
0.0581808557699,0.691074103947,0.0746404962925,0.176104543991
0.218372075715,0.385610355634,0.228474457953,0.167543110698
0.0551706320097,0.361401520433,0.321893525572,0.261534321985
0.30765084907,0.32920853693,0.297644520611,0.0654960933889
0.216376675517,0.106054760655,0.460901295854,0.216667267974
0.313357215032,0.177759030613,0.234332895072,0.274550859282
0.270374628497,0.240572995671,0.245006696779,0.244045679054
0.0892163802139,0.10248547484,0.336470347797,0.47182779715
0.35765795706,0.25005320091,0.269037374291,0.123251467739
0.298358408873,0.270264777436,0.238762961006,0.192613852686
0.286015326273,0.281444817374,0.290613297189,0.141926559163
0.202614567548,0.384880761003,0.126456013949,0.2860486575
0.0726099095368,0.106970663278,0.435121424468,0.385298002718
0.0768959404468,0.409121816568,0.332233236863,0.181749006123
0.276200488031,0.395078092092,0.10919078986,0.219530630018
0.674675173616,0.0343852730842,0.177125083542,0.113814469758
0.204672899565,0.207831242979,0.283545921103,0.303949936353
0.206922754845,0.322614111884,0.109622189307,0.360840943964
0.412327632829,0.0552049581856,0.0508125385531,0.481654870432
0.367155130941,0.319183609335,0.0935863291505,0.220074930574
0.249334318577,0.374872253399,0.288965742593,0.0868276854303
0.0727659223538,0.527178662611,0.0361402217278,0.363915193307
0.232792384627,0.453395210184,0.0915305474998,0.222281857689
0.134405060522,0.333837984967,0.386135188108,0.145621766403
0.324901199081,0.279968323663,0.273419870019,0.121710607237
0.329206829205,0.37775950856,0.281478351622,0.0115553106136
0.401400582761,0.0622938625997,0.126309322942,0.409996231697
0.192507267407,0.53856156489,0.201697399681,0.0672337680222
0.0912550901426,0.251153534898,0.582912236723,0.0746791382357
0.388438575775,0.481991504533,0.0217690973605,0.107800822332
0.348355113291,0.220067849201,0.100444295865,0.331132741643
0.0637587469118,0.168286205673,0.264383472065,0.503571575351
0.203620628592,0.423480701877,0.204356929762,0.168541739768
0.390324483682,0.103804725901,0.252749420388,0.253121370029
0.0533598244122,0.35512356562,0.321982070969,0.269534538999
0.290768269398,0.156076659126,0.196349688508,0.356805382968
0.00143567143487,0.603930238256,0.354360597832,0.0402734924772
0.141312009314,0.2060236208,0.601473787582,0.0511905823039
0.101846366756,0.2774307484,0.205621586204,0.41510129864
0.0320081936552,0.447251649588,0.185188645738,0.335551511019
0.227106784063,0.390684085541,0.037908979114,0.344300151282
0.294918646672,0.263157398516,0.380084048843,0.0618399059688
0.311462827117,0.0568215243775,0.314162179235,0.31755346927
0.63256923101,0.15525709793,0.164175551965,0.0479981190952
0.00548183279283,0.0163686804332,0.598330114414,0.37981937236
0.0267719901459,0.333663396195,0.0799005667217,0.559664046937
0.0964360414482,0.332871697414,0.386384004237,0.1843082569
0.25540504973,0.287002544538,0.180124587801,0.27746781793
0.378279798736,0.249465919051,0.211337846519,0.160916435694
0.459662952694,0.462210224511,0.0127306666234,0.0653961561715
0.299435748065,0.334498080684,0.0474284273853,0.318637743866
0.331905195677,0.344128688975,0.0610130380146,0.262953077334
0.231615762384,0.221256411497,0.280203051784,0.266924774335
0.219039331737,0.364703780131,0.243419686229,0.172837201903
0.4077520441,0.118199818082,0.129537388329,0.344510749489
0.507394658085,0.0771035947627,0.0232836855583,0.392218061594
0.0430886493104,0.375523458172,0.47181379965,0.109574092868
0.31054012562,0.335505077967,0.100833139296,0.253121657117
0.102974909999,0.340166489659,0.147181596202,0.409677004141
0.283633712211,0.231309954419,0.163862994366,0.321193339004
0.165289652427,0.241591058757,0.399466443121,0.193652845695
0.283092081662,0.181445600267,0.341337691875,0.194124626196
0.2717420207,0.203775221505,0.31331345739,0.211169300406
0.381625538902,0.106051231561,0.131250631491,0.381072598046
0.348617784769,0.353063040288,0.0762708034063,0.222048371537
0.157600356001,0.550943403675,0.168353758771,0.123102481553
0.219079062086,0.381405337922,0.289492827844,0.110022772148
0.267864135547,0.142898651779,0.242749183585,0.346488029088
0.336776277585,0.288230797743,0.214594507458,0.160398417214
0.129942089913,0.23782990147,0.300280774665,0.331947233952
0.508925579083,0.432446661824,0.0155088138899,0.0431189452037
0.293725052932,0.254002345877,0.366466630478,0.0858059707128
0.20523968104,0.56601201809,0.0110831483303,0.21766515254
0.13445718588,0.248933095757,0.282427774377,0.334181943985
0.122600578648,0.281860598502,0.220678068326,0.374860754524
0.412065593767,0.0577728408261,0.288426362548,0.241735202859
0.0849804237082,0.208527217503,0.393673805476,0.312818553313
0.317000852048,0.173744625847,0.358417775398,0.150836746708
0.279953780078,0.00549038188896,0.246726289039,0.467829548994
0.508685888045,0.286540182806,0.184863067453,0.0199108616965
0.400289326792,0.338570978547,0.110840272946,0.150299421715
0.265919866862,0.166715633768,0.324428600664,0.242935898707
0.259457442184,0.346907712133,0.0751096969401,0.318525148743
0.22806577975,0.24840169606,0.174211870078,0.349320654112
0.162466016273,0.31410145754,0.355980392743,0.167452133444
0.277743716311,0.244151720834,0.216550934562,0.261553628293
0.2938323514,0.0904301466925,0.28033196482,0.335405537088
0.188787997515,0.0406627491251,0.684442283021,0.0861069703392
0.0549916710654,0.32052529731,0.348091350241,0.276391681384
0.227715338871,0.0681864820398,0.564236818049,0.13986136104
0.306108670227,0.199751351336,0.320654267354,0.173485711082
0.0391860193106,0.400505061369,0.367246523535,0.193062395785
0.113463088164,0.0296145922393,0.503311919587,0.353610400009
0.128706426146,0.156620988622,0.433811509231,0.280861076002
0.036850573399,0.282926515804,0.344077601026,0.33614530977
0.407531622362,0.123650125307,0.271746431147,0.197071821184
0.214697839973,0.0854894563965,0.315571433385,0.384241270246
0.386614586115,0.290438331442,0.0648267763059,0.258120306137
0.380828407269,0.165498220636,0.0397108815427,0.413962490553
0.204137444609,0.105806690874,0.443433238331,0.246622626186
0.160544270124,0.154492814511,0.344153768871,0.340809146493
0.35690745906,0.187772121416,0.437839192934,0.0174812265903
0.0464878360475,0.171374108444,0.4120817505,0.370056305009
0.0390728412374,0.490529663326,0.170610768686,0.29978672675
0.335947387942,0.278072477479,0.288390263849,0.0975898707299
0.300565191063,0.262174510739,0.260436952938,0.176823345261
0.0293837392868,0.428396609093,0.243444673301,0.298774978319
0.432384000853,0.358041369854,0.0745006803357,0.135073948957
0.330283150006,0.135501093876,0.282782490882,0.251433265236
0.0239952613303,0.279945372594,0.288583568467,0.407475797609
0.645715874155,0.0906695639518,0.160483963793,0.1031305981
0.360434754205,0.208627747968,0.0573548815998,0.373582616227
0.272170068187,0.227123860249,0.02045641988,0.480249651685
0.291829886205,0.530334794643,0.0536313997936,0.124203919358
0.202531964877,0.0961737498983,0.425466115581,0.275828169644
0.531921400559,0.100739516253,0.101410660524,0.265928422664
0.20366140987,0.24686455891,0.493063260862,0.0564107703585
0.326476050037,0.300090918764,0.221956528439,0.151476502759
0.126147001251,0.412755528314,0.300635789825,0.16046168061
0.465529445877,0.156528626063,0.320867437255,0.0570744908053
0.367416966514,0.0671221849347,0.382783101079,0.182677747473
0.359472767463,0.179435199456,0.325063880245,0.136028152836
0.0826519381979,0.0835699767114,0.269556898914,0.564221186177
0.393648767106,0.0690264291558,0.146398135278,0.39092666846
0.126617801662,0.321144100599,0.187953069424,0.364285028315
0.0777500815523,0.252452134113,0.181852204026,0.487945580308
0.321076680001,0.218870461773,0.442611991595,0.0174408666317
0.497318464322,0.0728908033751,0.228086032219,0.201704700084
0.29590911251,0.077659419582,0.303293760319,0.323137707589
0.025420819722,0.47669800944,0.473730755397,0.0241504154416
0.160936051877,0.27896897418,0.51410609654,0.0459888774039
0.262546588249,0.335728366077,0.0238292368227,0.377895808852
0.453007189538,0.0662249317081,0.139987161991,0.340780716763
0.28608995515,0.06950930467,0.245994451733,0.398406288447
0.363230205546,0.0725529065918,0.250238197985,0.313978689877
0.163502732314,0.0850225593215,0.341746925626,0.409727782739
0.171531188666,0.123253354555,0.375047583312,0.330167873466
0.419848951745,0.412683038729,0.0501714225188,0.117296587007
0.275934610146,0.236727517386,0.314126726743,0.173211145726
0.369201004761,0.139557029834,0.275187012232,0.216054953173
0.304312458225,0.245089369648,0.10996427993,0.340633892197
0.292682336197,0.287235221458,0.231141870315,0.18894057203
0.292769154911,0.317919337005,0.12795487305,0.261356635034
0.248184939665,0.278031960744,0.473142521808,0.000640577783187
0.184648786336,0.120493939466,0.306514788222,0.388342485975
0.327304077118,0.0309726058687,0.00494933237589,0.636773984637
0.0250295425301,0.426647785852,0.486746312796,0.0615763588215
0.359084166688,0.41124654257,0.219058327748,0.0106109629948
0.392590496703,0.442591611528,0.163452045487,0.00136584628258
0.00670308970531,0.205568981633,0.204217964801,0.583509963861
0.196504131247,0.314772673781,0.0727406175161,0.415982577455
0.428003381781,0.442468305589,0.00757007510186,0.121958237528
0.376347727664,0.119032388441,0.374793891703,0.129825992193
0.449424035095,0.181307456936,0.0452141313765,0.324054376592
0.498908973448,0.0698512793697,0.0414960891876,0.389743657995
0.303160499854,0.228084361512,0.32235281624,0.146402322394
0.232780280182,0.0914430493939,0.440999138694,0.23477753173
0.0713884522622,0.574642820785,0.000412747681352,0.353555979271
0.163431860348,0.15591426956,0.355003697297,0.325650172795
0.119326113005,0.426589635038,0.0983759394641,0.355708312493
0.352924811704,0.144318532183,0.159604338693,0.34315231742
0.360157906141,0.276086807856,0.262493725985,0.101261560018
0.475377878158,0.0808638132506,0.255570213753,0.188188094839