0.279455557611,0.458609637305,0.0236893972089,0.238245407875
0.418810766358,0.103472457319,0.395747754282,0.0819690220415
0.150602474504,0.184602918238,0.367657588976,0.297137018282
0.326710052349,0.125389892645,0.350334231035,0.197565823972
0.0205518698168,0.368763462505,0.334130331941,0.276554335737
0.398035149015,0.313325072866,0.239204894912,0.0494348832074
0.405368614058,0.101971162778,0.131164176983,0.361496046181
0.422765502471,0.0927562539692,0.160990779032,0.323487464528
0.0413637937751,0.220602878126,0.363022173571,0.375011154528
0.0617533262705,0.538179077315,0.369755958677,0.030311637738
0.191876476698,0.129743073518,0.119221213803,0.559159235981
0.431942271807,0.0840638088923,0.411325583103,0.0726683361984
0.026477006473,0.500084426546,0.010172568253,0.463265998729
0.206314166706,0.208944897095,0.208955753253,0.375785182945
0.188042620045,0.312568167611,0.327357005814,0.17203220653
0.0770486085377,0.222418290301,0.262716472048,0.437816629114
0.351006770625,0.370556320779,0.0317816587577,0.246655249838
0.246482497214,0.203971547199,0.350641613355,0.198904342232
0.272423083044,0.414681052838,0.288763334254,0.0241325298651
0.0134796083624,0.0138604378105,0.618779767112,0.353880186715
0.226793762312,0.106336120394,0.368315202987,0.298554914308
0.141019951349,0.312949470105,0.307219344692,0.238811233854
0.185600954462,0.276568065199,0.155649353227,0.382181627112
0.399388954168,0.306308306509,0.216581629792,0.0777211095304
0.411646652365,0.142645675994,0.0853488127578,0.360358858883
0.0548547477686,0.0685037509707,0.447429961823,0.429211539438
0.328685271076,0.345271563826,0.244840923746,0.0812022413521
0.0519186234248,0.345215257632,0.269979771792,0.332886347151
0.31181536225,0.159597531757,0.246157504385,0.282429601609
0.0769842859968,0.1880423186,0.3603570888,0.374616306604
0.515703312407,0.04810623518,0.115587439345,0.320603013069
0.518634528415,0.0279189282286,0.276722394508,0.176724148848
0.140869076734,0.266953226992,0.188015091457,0.404162604817
0.284614843749,0.145641989784,0.240253771562,0.329489394905
0.509375165313,0.058879800244,0.372443408017,0.0593016264259
0.0277862902915,0.383853412231,0.340987262867,0.24737303461
0.354582488382,0.141313361037,0.35319087101,0.150913279571
0.275111197152,0.380375918327,0.282330782496,0.0621821020252
0.0457429561159,0.268377201372,0.299697657008,0.386182185505
0.212455139641,0.455822813171,0.277546544878,0.0541755023099
0.357935593668,0.0995641737208,0.192511137719,0.349989094892
0.253240904269,0.12245761399,0.249119106338,0.375182375404
0.30395385579,0.174121530393,0.379653993849,0.142270619968
0.276750791074,0.276059387836,0.274546319065,0.172643502025
0.122102028958,0.50652238748,0.221005396657,0.150370186904
0.200447199026,0.459935700131,0.171286014627,0.168331086217
0.63271818538,0.0439381118339,0.23817345349,0.0851702492962
0.202223947588,0.203477779532,0.290232667743,0.304065605137
0.320336888407,0.144021070768,0.530920776778,0.00472126404723
0.0722541944174,0.315855745474,0.0913417252132,0.520548334896
0.00850903280553,0.344627257793,0.150388077523,0.496475631879
0.145045620024,0.393103655116,0.0984183427271,0.363432382132
0.446564096583,0.353811485073,0.119092697877,0.0805317204669
0.326957903296,0.381208544272,0.0964699911125,0.195363561319
0.536807404316,0.430685348249,0.0156034550531,0.0169037923817
0.0403685913188,0.285412138299,0.423878387593,0.25034088279
0.280104414427,0.234820630116,0.313588658701,0.171486296757
0.186074273083,0.248971497846,0.293015357108,0.271938871963
0.138183666626,0.204895031099,0.45562634316,0.201294959116
0.299675788586,0.0704473898351,0.272780975228,0.357095846351
0.26749636467,0.338665800752,0.333477640338,0.0603601942402
0.224429339273,0.522778859389,0.178260900339,0.0745309009984
0.272980512489,0.155636732174,0.388877374683,0.182505380654
0.314259792868,0.30213559341,0.302417842828,0.0811867708942
0.271741627783,0.0498921118019,0.367888707249,0.310477553166
0.351609737484,0.0234362935934,0.166202570336,0.458751398586
0.731752919303,0.0623425655481,0.0320994304441,0.173805084704
0.196330396419,0.296656650268,0.260358543209,0.246654410104
0.603484394385,0.0880226897153,0.302186701211,0.00630621468858
0.0422259022798,0.449612583312,0.392641087694,0.115520426713
0.128805072813,0.249579602026,0.295712720443,0.325902604719
0.484240124394,0.0585792052925,0.233445168188,0.223735502126
0.0378261275289,0.122353671433,0.53316510471,0.306655096329
0.451468282061,0.233844680692,0.295021294121,0.0196657431255
0.239727865526,0.0949138209661,0.562456517747,0.102901795761
0.0846559743711,0.240213628861,0.316467019707,0.358663377061
0.170522527717,0.162050366067,0.2038981669,0.463528939317
0.174760446134,0.426663779344,0.000970545137148,0.397605229385
0.306887386629,0.308385934303,0.112171247035,0.272555432033
0.514294109275,0.165808557897,0.184991116118,0.134906216711
0.0151044103441,0.570260815635,0.15252124347,0.262113530551
0.351045408864,0.0383545161541,0.559362095908,0.0512379790733
0.343648260927,0.120802481216,0.234636195988,0.300913061869
0.318431826399,0.467304043039,0.204009656161,0.0102544744013
0.259302200261,0.290041012353,0.178747248696,0.271909538689
0.024158477916,0.374927668133,0.495476741005,0.105437112946
0.386738018697,0.187650633826,0.0597718793581,0.365839468118
0.142637897505,0.209209822407,0.365234905158,0.28291737493
0.398352486947,0.264301097875,0.150804413172,0.186542002006
0.0185225376833,0.34995019688,0.209989148063,0.421538117374
0.362703025324,0.118207413356,0.240738264161,0.278351297158
0.283094923261,0.315794995343,0.148786365904,0.252323715492
0.36166080795,0.361657737624,0.00520922856755,0.271472225858
0.34207277434,0.309650899094,0.00322288042975,0.345053446136
0.297581710769,0.249382748855,0.358344461762,0.0946910786142
0.319316485327,0.158998458756,0.457781802124,0.0639032537925
0.356009118148,0.283679953386,0.0952136172414,0.265097311225
0.0806150684691,0.167343901152,0.629964106674,0.122076923705
0.272124305962,0.0235081806999,0.457999244942,0.246368268396
0.340751111927,0.0662232809457,0.174439538159,0.418586068967
0.366806579628,0.139914380893,0.438000350305,0.0552786891738
0.456254247628,0.0699190682728,0.424623080301,0.0492036037986
0.38011052127,0.342038452803,0.22282592796,0.0550250979658
0.26367219334,0.19356943003,0.247856489885,0.294901886746
0.465263713902,0.0114694592716,0.0348830701985,0.488383756628
0.27853289674,0.0443060734352,0.33117717348,0.345983856345
0.165807203035,0.408223184505,0.238506847021,0.187462765439
0.154093072613,0.218934052449,0.28749874035,0.339474134588
0.486518991607,0.31677041783,0.0178852105826,0.17882537998
0.01002656727,0.386236185998,0.28229779286,0.321439453871
0.297727904315,0.277868752481,0.190654270489,0.233749072715
0.23330654235,0.368313813006,0.264944068449,0.133435576195
0.508626617309,0.180115876526,0.111938967064,0.199318539101
0.342578717369,0.35849852253,0.0815953018455,0.217327458256
0.155898866895,0.192963012211,0.354229774243,0.296908346651
0.168641666296,0.384439359729,0.348710589582,0.0982083843933
0.322723841627,0.0686699987886,0.323306372872,0.285299786712
0.49023466469,0.0176834621556,0.365848351502,0.126233521652
0.126659585603,0.339875692139,0.201398670922,0.332066051337
0.459179161734,0.143073563678,0.229197171649,0.168550102938
0.49023256759,0.115935469871,0.255620508628,0.138211453911
0.279017627128,0.263405613132,0.262685048049,0.194891711691
0.544716144193,0.101624407784,0.347859436199,0.00580001182412
0.648778113321,0.0402035017333,0.0684456085853,0.242572776361
0.234447730943,0.154503529159,0.183259214688,0.427789525211
0.327844425193,0.25740689813,0.128315698472,0.286432978205
0.0549549968965,0.439396734435,0.128760968376,0.376887300292
0.0984153764478,0.658396932468,0.237524332991,0.00566335809284
0.253987379536,0.28434987995,0.349824134769,0.111838605745
0.12187327817,0.405704904782,0.0314976507623,0.440924166286
0.312050209068,0.196742684383,0.15388143561,0.337325670939
0.405420030566,0.465619432849,0.0156417566317,0.113318779953
0.189491418184,0.363751168538,0.175704552271,0.271052861008
0.0897417469201,0.048280992816,0.405528089804,0.45644917046
0.0240324219495,0.00942360304805,0.518073147216,0.448470827786
0.174791178802,0.234394693575,0.318743436473,0.27207069115
0.291691453939,0.29945816671,0.322006142024,0.0868442373271
0.392025954152,0.0438545282388,0.490709411229,0.0734101063804
0.299155886899,0.0997924703792,0.355875438092,0.24517620463
0.420227139818,0.316694472127,0.186919292051,0.0761590960039
0.334147042569,0.0685334786843,0.377870497814,0.219448980933
0.0582543959829,0.267281563287,0.223498707314,0.450965333417
0.202683897091,0.143192750861,0.143032100541,0.511091251507
0.0511760122184,0.0125007021687,0.439304802121,0.497018483492
0.187491051964,0.311850300077,0.133787282723,0.366871365237
0.081965531335,0.294593309376,0.131265289711,0.492175869578
0.133163936939,0.40599193596,0.0920209939616,0.368823133139
0.406644320542,0.11688108767,0.12701130043,0.349463291357
0.4231943999,0.336593325308,0.167894742144,0.0723175326475
0.329763153733,0.103078313712,0.395109589872,0.172048942683
0.320180622633,0.21330327084,0.320387263498,0.146128843028
0.255976042389,0.278042648883,0.13811474646,0.327866562269
0.354648865776,0.331778699646,0.163646754036,0.149925680542
0.326563112053,0.47231298663,0.117603374837,0.083520526481
0.274195497276,0.103979654562,0.429649534244,0.192175313918
0.221844672578,0.258229297753,0.210377146619,0.309548883049
0.0846743261375,0.457783517494,0.350918815805,0.106623340563
0.342296020349,0.482048433736,0.128644700094,0.0470108458211
0.317732710112,0.410522048487,0.075068482386,0.196676759014
0.115922773704,0.398573245604,0.171658299791,0.313845680901
0.302843767856,0.278084818518,0.308288403307,0.110783010319
0.313452434224,0.154369205322,0.244947556531,0.287230803923
0.176219766955,0.0886472064674,0.276954135988,0.45817889059
0.449913121409,0.253728679018,0.246831229889,0.0495269696845
0.221910450517,0.309530231816,0.0343251430085,0.434234174658
0.0919573903833,0.469227351144,0.379213441815,0.0596018166573
0.0218754329067,0.0988305852654,0.242754936691,0.636539045137
0.459655480022,0.25698334686,0.042060685067,0.241300488051
0.0572515163572,0.260516760417,0.437746993801,0.244484729425
0.260805009385,0.409495317247,0.19426798598,0.135431687389
0.450067518057,0.0200499195186,0.399875229077,0.130007333348
0.0222956576036,0.390113648929,0.164948241345,0.422642452123
0.314677618624,0.23687982298,0.0215739098343,0.426868648562
0.266524766278,0.29617925095,0.0737864341391,0.363509548634
0.556633153502,0.105995537415,0.0638723950583,0.273498914025
0.169341006736,0.207658841362,0.319495442915,0.303504708987
0.020897178534,0.522117861078,0.378832360962,0.0781525994259
0.371055548621,0.305224826731,0.0679835010471,0.255736123601
0.186506434289,0.363885722744,0.370780342386,0.0788275005812
0.491667834697,0.197062759627,0.310085033873,0.00118437180274
0.396352457983,0.0925569176415,0.255926435292,0.255164189083
0.0842656951916,0.198954370482,0.380005135926,0.3367747984
0.429231007235,0.145061678548,0.0898636804481,0.335843633769
0.362942091902,0.202248757612,0.412077983225,0.0227311672604
0.0719953409943,0.631344371839,0.055915429068,0.240744858099
0.457914249531,0.234366635354,0.0363814858463,0.271337629269
0.199746746757,0.412150743333,0.300309359493,0.0877931504176
0.451705917201,0.366726254729,0.133264318059,0.0483035100116
0.319280605417,0.0533150008097,0.322497335518,0.304907058255
0.155118689832,0.12287539675,0.612479309411,0.109526604008
0.10936738919,0.0167034697027,0.673261527863,0.200667613245
0.0185192594413,0.190197815987,0.465828444806,0.325454479766
0.397118758356,0.327388724479,0.183869984708,0.0916225324573
0.266012335868,0.0284228184385,0.478355622268,0.227209223425
0.194435422978,0.21745440684,0.228603103875,0.359507066308
0.578942442732,0.129440432842,0.128317483771,0.163299640656
0.290456602525,0.299444234933,0.192082633208,0.218016529334
0.273282374378,0.495242176078,0.0401631358081,0.191312313737
0.32131537829,0.341786674811,0.189650252303,0.147247694596
0.279090820808,0.322940085944,0.0585189691141,0.339450124134