0.050471783566,0.324395593198,0.236330933519,0.388801689717
0.460382631924,0.485730317229,0.00726005384993,0.0466269969968
0.413051427287,0.248272603827,0.137858073867,0.200817895019
0.342019342025,0.11641909247,0.262619486471,0.278942079033
0.287214752507,0.332857496557,0.251933541503,0.127994209433
0.0483931971344,0.0912181197233,0.376170453592,0.48421822955
0.0965886579134,0.347238918108,0.0236930674723,0.532479356506
0.194936631803,0.221019708127,0.296119385733,0.287924274337
0.253144192462,0.530227636847,0.0467673047601,0.169860865931
0.193092966203,0.0751255833864,0.33084172417,0.40093972624
0.501392741521,0.118901899632,0.110237751586,0.269467607261
0.191152806104,0.0719023804846,0.225482943231,0.51146187018
0.026505984907,0.448236926175,0.284275400675,0.240981688243
0.196978553446,0.149448543525,0.257153658203,0.396419244826
0.270802957102,0.324762640586,0.0937428171261,0.310691585187
0.256648933466,0.283416026881,0.0116270867006,0.448307952952
0.0308113241766,0.430803149834,0.274287876069,0.26409764992
0.300014378002,0.220212268641,0.347770404853,0.132002948503
0.208494266109,0.518182223919,0.233035902502,0.0402876074693
0.299207416036,0.198560167077,0.382117347407,0.12011506948
0.470296179111,0.155216540022,0.124451432489,0.250035848377
0.370866645176,0.115218780598,0.128355112173,0.385559462053
0.23966659722,0.383832270339,0.134151756391,0.24234937605
0.386034828437,0.301496718033,0.209682105074,0.102786348457
0.313826483645,0.166527508972,0.270631967399,0.249014039984
0.292192963441,0.357140609395,0.312098842172,0.0385675849926
0.318884018626,0.285088545255,0.125073325654,0.270954110465
0.156150836198,0.396822881212,0.127110558169,0.319915724421
0.326039836596,0.327695781909,0.0915416238177,0.254722757678
0.157556130751,0.129680969652,0.512255773666,0.200507125931
0.395302956533,0.0603268708092,0.202123565692,0.342246606966
0.138067173715,0.369951454096,0.00270243723671,0.489278934952
0.123047481674,0.350578292391,0.265227939823,0.261146286112
0.619338586041,0.216338438133,0.0944308910345,0.0698920847924
0.129019943636,0.00896298887796,0.454690436596,0.40732663089
0.0638483970644,0.271716024185,0.329753529965,0.334682048786
0.165389548346,0.377253370656,0.167161686186,0.290195394812
0.324246023132,0.315133169719,0.0453345762696,0.31528623088
0.0615382788414,0.547545333558,0.00199515292703,0.388921234673
0.287261430666,0.215868860048,0.259725555487,0.237144153799
0.425808509181,0.266380151651,0.137911571217,0.169899767951
0.357895634273,0.356908647242,0.242659309542,0.0425364089426
0.120236088858,0.419193958326,0.055042306719,0.405527646097
0.514053110353,0.0929901638706,0.390312914172,0.00264381160361
0.215237056248,0.097883039608,0.37804014796,0.308839756184
0.344424750353,0.253974687835,0.21580004176,0.185800520052
0.311970251425,0.334377659943,0.306239898875,0.0474121897581
0.515159096865,0.258239739414,0.0283513421581,0.198249821563
0.173030983071,0.0566190303137,0.3545827011,0.415767285516
0.198591050769,0.282058863882,0.231194945801,0.288155139549
0.148622410662,0.462183150153,0.0773873795732,0.311807059612
0.341933501176,0.518440782563,0.120749204379,0.0188765118823
0.0567619231827,0.271387251526,0.384196803053,0.287654022238
0.236214440883,0.391087679238,0.29759448281,0.0751033970685
0.294146681424,0.208780505865,0.350510644298,0.146562168413
0.07310780271,0.218819224374,0.578141244015,0.1299317289
0.264634094583,0.479864108845,0.113312527866,0.142189268706
0.147263080402,0.0219224883399,0.417947367831,0.412867063428
0.633528223081,0.130741670244,0.20008885641,0.0356412502651
0.294069720033,0.347495632742,0.336216240233,0.0222184069917
0.311790690342,0.20621550577,0.324423376789,0.157570427099
0.266018642143,0.179473570003,0.310761840894,0.24374594696
0.32480416886,0.159934967725,0.356533287731,0.158727575684
0.549761072506,0.0600442895257,0.121377012643,0.268817625325
0.422724536343,0.470622451125,0.0108703513345,0.0957826611974
0.339266826549,0.356056328545,0.175313384506,0.1293634604
0.368327515026,0.0640754776172,0.56163654243,0.00596046492667
0.300125186927,0.557046783331,0.125443556912,0.01738447283
0.340668495294,0.245088120309,0.114851651409,0.299391732988
0.114223193867,0.324269057498,0.302742392659,0.258765355975
0.170394910341,0.27818468859,0.185874897653,0.365545503416
0.428984081773,0.16918471196,0.0190233049316,0.382807901335
0.410866144392,0.199806208675,0.386123521938,0.00320412499516
0.0285197584781,0.360895141143,0.551597773248,0.0589873271309
0.00788232991795,0.512967991117,0.128698818624,0.350450860341
0.146908168015,0.396469370361,0.158429568304,0.29819289332
0.0243275883969,0.339217242355,0.240591326225,0.395863843023
0.733126325989,0.107234857117,0.158909868285,0.000728948609036
0.337787441351,0.176255782165,0.221970032552,0.263986743932
0.258879485324,0.18267677447,0.210687153753,0.347756586453
0.227622237164,0.345733329774,0.207660413795,0.218984019267
0.167630775566,0.170098878321,0.470496040212,0.191774305901
0.186484245214,0.570703309058,0.236029875934,0.00678256979332
0.299131643088,0.259741771126,0.0830470891637,0.358079496623
0.482859940315,0.278281630406,0.175843550252,0.0630148790268
0.329961341713,0.334910689367,0.250969774728,0.0841581941927
0.274675204667,0.368700927416,0.168160420507,0.18846344741
0.165005141256,0.714515385351,0.0963138251569,0.0241656482356
0.14816606143,0.302690304513,0.24747706364,0.301666570417
0.278433251383,0.105822241555,0.324590234811,0.291154272251
0.295834556356,0.323319112897,0.0818860042338,0.298960326513
0.149985639656,0.366580140712,0.0812139366375,0.402220282995
0.149098310038,0.254275645678,0.220433019953,0.376193024331
0.344652954676,0.147012680233,0.298401718139,0.209932646953
0.466519517945,0.242050859257,0.250636083692,0.0407935391059
0.297678503266,0.126332868371,0.312482021987,0.263506606377
0.0391578474509,0.42143344453,0.472350440478,0.0670582675408
0.379475707703,0.371385232421,0.101582569395,0.147556490481
0.424873989428,0.270714764998,0.0670237201103,0.237387525464
0.0397346418673,0.022099230883,0.454259390953,0.483906736296
0.0837800925986,0.070174540265,0.494136183443,0.351909183693
0.181651246755,0.334308220558,0.135899385732,0.348141146955
0.183175356039,0.228620928547,0.325715456177,0.262488259238
0.249308046555,0.213023713964,0.37941971063,0.158248528851
0.279510513303,0.370150842553,0.0230080256561,0.327330618487
0.15229970267,0.242006525071,0.496828525284,0.108865246975
0.0714946341029,0.437581772055,0.469455731084,0.0214678627584
0.241168188691,0.339256565186,0.0937105196106,0.325864726512
0.120199080667,0.14327012899,0.419043694549,0.317487095794
0.460597571844,0.158698463087,0.191803370214,0.188900594854
0.349106660639,0.0369032728791,0.311987455976,0.302002610506
0.335853992449,0.374227791971,0.149896566516,0.140021649065
0.287270710838,0.129437444816,0.282437855499,0.300853988847
0.0932257036617,0.322574255931,0.186104087404,0.398095953004
0.00515926895175,0.470704701707,0.214719413744,0.309416615598
0.391256779084,0.439279975731,0.0795018893699,0.0899613558149
0.103364561607,0.0895327485034,0.433071089528,0.374031600362
0.259029004714,0.291375471766,0.139789412258,0.309806111261
0.686753675061,0.103988258686,0.0865349884179,0.122723077835
0.225967489582,0.261491533963,0.241940034143,0.270600942312
0.158833969886,0.322306794713,0.346045622273,0.172813613128
0.373854286288,0.0715975960569,0.257221350185,0.29732676747
0.333860388419,0.225345873026,0.0857077979721,0.355085940583
0.115254899378,0.303948160358,0.265104930993,0.31569200927
0.329436022088,0.111452956684,0.149078241804,0.410032779424
0.229183958201,0.0268504007463,0.386837788402,0.357127852651
0.431222219172,0.1798319146,0.188273210019,0.200672656209
0.120250874354,0.178843140286,0.444723308674,0.256182676686
0.331715912958,0.0842078914104,0.352967216054,0.231108979577
0.317706845582,0.326610609698,0.188112428685,0.167570116035
0.0696805526415,0.356396415895,0.394190892645,0.179732138818
0.175726269679,0.33598484824,0.301031552748,0.187257329333
0.462071872218,0.0572071926284,0.288279112197,0.192441822956
0.159858532247,0.269174115809,0.3994491299,0.171518222043
0.306228663008,0.346073003873,0.329021056395,0.0186772767239
0.272613966622,0.000712961903583,0.315408043414,0.41126502806
0.225126793821,0.206222081251,0.360901630783,0.207749494145
0.111453041337,0.370790127168,0.363907802926,0.153849028569
0.018085740622,0.357109278504,0.358134461352,0.266670519522
0.0687179795131,0.438135044649,0.298043837754,0.195103138084
0.145055051956,0.366867068202,0.405794723318,0.0822831565237
0.165819823145,0.225073087064,0.122265945021,0.486841144771
0.422080055163,0.310032569939,0.0502080882904,0.217679286608
0.52913000193,0.107199959654,0.173442232463,0.190227805953
0.304973880676,0.180934334448,0.2982903926,0.215801392276
0.0409250922728,0.461419595688,0.240255058119,0.25740025392
0.152061220854,0.289870943298,0.191706765939,0.366361069909
0.470342754517,0.0669291051979,0.189972626451,0.272755513834
0.253974346619,0.339972130592,0.158386565932,0.247666956857
0.364638168793,0.210208433337,0.233103046754,0.192050351116
0.414618076185,0.0871707084415,0.308557676662,0.189653538711
0.0420891647403,0.351924599515,0.231008729596,0.374977506149
0.620301766277,0.0790519701429,0.0976731324528,0.202973131127
0.115941132218,0.129599469783,0.384771776066,0.369687621932
0.207742330662,0.377321903167,0.0444719473257,0.370463818845
0.175559011565,0.0848225418441,0.276234615738,0.463383830852
0.371293169288,0.230480376525,0.186249843453,0.211976610733
0.23652393602,0.380085650153,0.125959401551,0.257431012275
0.311129652573,0.309542271168,0.213464329301,0.165863746958
0.192843439971,0.498795479945,0.15996221245,0.148398867634
0.551529967824,0.0822770780237,0.333992601443,0.0322003527091
0.622643251488,0.101188634779,0.232487755774,0.0436803579593
0.215335133013,0.290681601752,0.425080047872,0.0689032173624
0.153608742886,0.376612888324,0.399636973732,0.0701413950584
0.0518572324283,0.353742236275,0.242015381345,0.352385149952
0.208026535623,0.161143878023,0.376780692036,0.254048894318
0.0319434224544,0.365862887713,0.227421582681,0.374772107152
0.442347654714,0.0583777604343,0.00758931156527,0.491685273286
0.172631369893,0.179244953428,0.260161240439,0.38796243624
0.419303582201,0.00302807202547,0.13559633131,0.442072014463
0.28327144461,0.101421694689,0.516042335194,0.0992645255072
0.372458232321,0.186850404164,0.193982313094,0.246709050422
0.0478420047125,0.251314547508,0.38131613638,0.3195273114
0.000378851967055,0.000774225131816,0.292727853741,0.70611906916
0.102543290207,0.322487524628,0.257067088644,0.317902096521
0.46023929362,0.135633131274,0.389738507624,0.0143890674819
0.169948479075,0.265886819836,0.235634163659,0.32853053743
0.166588260846,0.285657722343,0.387097464703,0.160656552109
0.344489793488,0.0139484618849,0.33646067761,0.305101067017
0.0140140637565,0.26266293688,0.251689342773,0.471633656591
0.112760430422,0.132121496222,0.612002862798,0.143115210557
0.0115551605243,0.458221944263,0.356750112143,0.17347278307
0.702054941739,0.0628101848385,0.0106010151317,0.224533858291
0.547682997999,0.169174796709,0.153274269818,0.129867935473
0.283373851298,0.300939734557,0.154111622714,0.261574791432
0.45403930549,0.103803173747,0.122146274634,0.320011246129
0.143836878562,0.487376707097,0.206140207674,0.162646206666
0.275728113582,0.312612516307,0.113801300525,0.297858069587
0.271453640917,0.357419133067,0.305584526425,0.0655426995919
0.280474815568,0.204655292333,0.273320682717,0.241549209382
0.107672904071,0.41310756206,0.0333079640945,0.445911569775
0.0851913071065,0.312945589491,0.318226120368,0.283636983035
0.0256856568327,0.314383777704,0.5394226395,0.120507925963
0.143490969367,0.186238273844,0.356327790576,0.313942966214
0.163116962351,0.148493427149,0.398245171718,0.290144438782
0.333910858631,0.203679302472,0.220849814812,0.241560024085
0.0323031644746,0.106107424378,0.461747562458,0.399841848689
0.375342940378,0.0351360289779,0.0984598965032,0.491061134141
0.132796586298,0.236500724648,0.458772633653,0.171930055401
0.425469063354,0.123037237944,0.277931377006,0.173562321697