0.204440221138,0.401797078362,0.127828300349,0.265934400151
0.529492464629,0.146247543372,0.0998252566224,0.224434735376
0.542106474929,0.212684571892,0.124993767699,0.12021518548
0.235926830626,0.298484829597,0.416084073904,0.0495042658732
0.144518109277,0.14724166008,0.474398521552,0.233841709092
0.337382531776,0.280561834843,0.149099943444,0.232955689937
0.197438570507,0.496469471115,0.159517452526,0.146574505852
0.294456859827,0.42422190821,0.193624969812,0.0876962621516
0.245748596615,0.27264216877,0.241000849927,0.240608384688
0.140565557147,0.203127588279,0.344438925775,0.3118679288
0.215786227349,0.379765060511,0.179743117824,0.224705594316
0.0586236903999,0.225001152911,0.242175157179,0.474199999509
0.0235490310259,0.325829137413,0.42770067898,0.222921152581
0.0173779976674,0.444058158945,0.396484786437,0.14207905695
0.320953212454,0.0762874158823,0.337839426625,0.264919945039
0.144376446064,0.358944372146,0.327195605857,0.169483575932
0.16635055101,0.3605431682,0.439222631631,0.0338836491596
0.698466959054,0.108466179443,0.0375048261606,0.155562035342
0.402898610654,0.25416254908,0.30701868457,0.0359201556962
0.312044284682,0.372490894645,0.181174628349,0.134290192324
0.0383786107042,0.339965943105,0.511136921312,0.110518524879
0.393299481844,0.486194498417,0.0463180258661,0.0741879938732
0.0679866769623,0.0900284418996,0.0759422329758,0.766042648162
0.359520380458,0.432186155883,0.131962405247,0.0763310584114
0.237752649401,0.467283525031,0.234978286859,0.0599855387087
0.0970711256691,0.326126896827,0.15254875123,0.424253226274
0.348364997221,0.279279889037,0.0850449187494,0.287310194992
0.238246314702,0.0275523730839,0.195531678986,0.538669633227
0.496157405054,0.0634157747553,0.0688688937132,0.371557926477
0.295460239344,0.275881077174,0.355364317516,0.0732943659655
0.180328728083,0.185080673213,0.315887095621,0.318703503083
0.0183355224006,0.209911358601,0.422488023903,0.349265095096
0.137921044459,0.141517135739,0.475057091348,0.245504728454
0.410923965546,0.331737294901,0.124822666078,0.132516073475
0.54540499913,0.164427573188,0.22692265937,0.0632447683129
0.284063383915,0.380485060679,0.0277133743244,0.307738181081
0.271703379632,0.347426726668,0.210085760946,0.170784132753
0.213132873896,0.401283075585,0.000111236955628,0.385472813564
0.451777365375,0.0726937471081,0.186029576737,0.289499310779
0.190845991032,0.138927849803,0.233007094407,0.437219064758
0.419689881477,0.12278992921,0.305889479986,0.151630709327
0.0777200860087,0.0562595652653,0.768834332155,0.0971860165709
0.185800837251,0.439780976637,0.17826706999,0.196151116122
0.305955958524,0.10194869552,0.0138653608144,0.578229985142
0.207033306966,0.245810769805,0.540064840878,0.00709108235138
0.334840244245,0.0871884072893,0.300517431528,0.277453916938
0.220886156808,0.285651250817,0.294188462604,0.199274129771
0.400597702172,0.125877075828,0.269408980088,0.204116241912
0.221769553633,0.291458731597,0.371342861309,0.115428853461
0.064566732144,0.135313696214,0.465663198884,0.334456372758
0.505347817786,0.342600800454,0.0947859637233,0.0572654180366
0.047646498725,0.432286116992,0.236173660913,0.28389372337
0.174871543994,0.260052310356,0.251910595724,0.313165549927
0.295936506885,0.32392588369,0.221900909735,0.15823669969
0.0386842759945,0.404593534891,0.207667292861,0.349054896253
0.0262683071705,0.141247670019,0.362986977919,0.469497044891
0.366105245387,0.346609568343,0.102369493377,0.184915692893
0.00966268605268,0.3026684727,0.566954050512,0.120714790736
0.441628641231,0.0120251908758,0.170197734121,0.376148433772
0.263626130135,0.0217730634423,0.349187280799,0.365413525624
0.0291567000263,0.0872440898187,0.361555587293,0.522043622861
0.0965328832189,0.51596615835,0.299449606561,0.0880513518697
0.327068084788,0.264846058394,0.0874037383196,0.320682118498
0.218644877826,0.167803222883,0.383040836807,0.230511062485
0.33178453243,0.11724566788,0.297446406623,0.253523393067
0.242525698295,0.435907027684,0.074139879148,0.247427394873
0.147259766748,0.19924964375,0.44256494454,0.210925644962
0.351856446552,0.321859716645,0.196530596151,0.129753240652
0.025786883342,0.0666494590398,0.437943425893,0.469620231725
0.186189764255,0.159202596209,0.240256109136,0.4143515304
0.0797987824896,0.375709463401,0.312627292801,0.231864461308
0.178728506314,0.354936807583,0.239085775202,0.227248910901
0.217049099405,0.0375595656837,0.435745018196,0.309646316715
0.26801930266,0.227892860443,0.273923419557,0.23016441734
0.360183819567,0.109813039798,0.322660881608,0.207342259027
0.367151701985,0.196513031821,0.190841497346,0.245493768848
0.442070202927,0.330271996811,0.0520528193107,0.175604980952
0.0678358399442,0.170892511375,0.322259629624,0.439012019056
0.110600677535,0.697615451324,0.0877797484688,0.104004122672
0.400129623963,0.290227866738,0.119108280321,0.190534228978
0.16948290358,0.360766485422,0.204836705302,0.264913905696
0.247220487987,0.285089306651,0.397717103251,0.0699731021119
0.0959233422078,0.59454683265,0.108310446911,0.201219378231
0.241768593157,0.418061070149,0.0663196939787,0.273850642715
0.0158724787229,0.301677818346,0.325786639181,0.35666306375
0.245176526878,0.249678794199,0.303265904527,0.201878774396
0.236742963864,0.578232821852,0.134400955848,0.0506232584363
0.282722162299,0.268496668852,0.282410953326,0.166370215523
0.339578017467,0.176813889717,0.0545019637716,0.429106129044
0.026588941212,0.25480776107,0.295241441416,0.423361856302
0.325185439282,0.124446352684,0.185302418301,0.365065789732
0.345929595464,0.220528441713,0.248224719184,0.185317243639
0.160668626181,0.315987423978,0.392193524557,0.131150425284
0.448062745429,0.227881446713,0.308871323052,0.0151844848053
0.348497392085,0.0166692025599,0.27230567887,0.362527726484
0.389177227166,0.0363575422849,0.375767104049,0.198698126501
0.165418859886,0.0778855232705,0.356265083099,0.400430533745
0.276064045328,0.306763410827,0.293384572245,0.123787971601
0.28373110006,0.275779960113,0.198783701691,0.241705238136
0.511849884116,0.187983300926,0.219875197199,0.0802916177585
0.268241892838,0.253572668131,0.455750534533,0.0224349044973
0.239789591123,0.0575420581529,0.432137880576,0.270530470148
0.20098153933,0.163861648678,0.314849758243,0.32030705375
0.297086380638,0.25840847486,0.307353943662,0.137151200841
0.265053826994,0.271979728761,0.159620302426,0.303346141819
0.299821270522,0.201044984047,0.230073583981,0.269060161451
0.237319800263,0.18034614823,0.110414413318,0.47191963819
0.355080612579,0.365057885152,0.193787180397,0.0860743218718
0.196450514164,0.469376391008,0.138886904024,0.195286190803
0.118167653841,0.0975434826416,0.732731232513,0.0515576310047
0.0301942473138,0.395335040874,0.383671226971,0.190799484841
0.0239750465919,0.165263885194,0.236758211358,0.574002856856
0.159466304318,0.473066561935,0.0452211999898,0.322245933757
0.166071594388,0.225193209973,0.381455060022,0.227280135617
0.188540111254,0.249517504304,0.170516475661,0.391425908782
0.0684443009692,0.248582927263,0.418493450561,0.264479321207
0.331086285744,0.438441140885,0.0773345896023,0.153137983769
0.0665514446729,0.371740657632,0.244380798486,0.317327099209
0.123303807459,0.22012103381,0.327786328406,0.328788830325
0.0531387865577,0.302483520716,0.298896145592,0.345481547135
0.419211740926,0.313534782889,0.0037119375952,0.263541538589
0.0384848750427,0.594741101247,0.0262019335051,0.340572090205
0.224915355148,0.166456980213,0.292525841412,0.316101823227
0.234462819567,0.267841764432,0.441895536045,0.0557998799565
0.128628043182,0.465464383459,0.36398103469,0.0419265386689
0.589903626445,0.118219462111,0.108689967344,0.1831869441
0.151127849776,0.010109125892,0.408068773402,0.430694250931
0.363566306878,0.310669291048,0.146000464143,0.179763937931
0.0950808759934,0.0916933137068,0.302958469044,0.510267341256
0.430987465915,0.0815924930214,0.134230706384,0.35318933468
0.101045178745,0.452510029546,0.327410879577,0.119033912132
0.230739494706,0.337034528208,0.197628836539,0.234597140547
0.0923189286953,0.306600718393,0.345192365034,0.255887987878
0.436612147719,0.210517300665,0.341092567993,0.0117779836236
0.265546179181,0.108546464446,0.315863920801,0.310043435572
0.143201158051,0.271771480369,0.274644164232,0.310383197348
0.155042313162,0.0118773284097,0.526586997822,0.306493360607
0.13667918671,0.376021090447,0.351190927047,0.136108795795
0.00890842678903,0.476480991028,0.418275697109,0.0963348850745
0.238715468605,0.168364530858,0.356270745499,0.236649255039
0.335233353857,0.0643345661097,0.509012036875,0.0914200431584
0.249108188321,0.253479880042,0.411289209389,0.0861227222488
0.137047295087,0.335499751402,0.156536716309,0.370916237201
0.14291841063,0.201484390757,0.238228911467,0.417368287146
0.408705637222,0.0790722370438,0.109245532813,0.402976592922
0.141673001898,0.0309818960331,0.377454564549,0.44989053752
0.231329191953,0.283720776427,0.270880090006,0.214069941614
0.158011261763,0.220382725134,0.178247369457,0.443358643647
0.229450566891,0.411576232162,0.129390139135,0.229583061812
0.11640793128,0.376081656834,0.18164188837,0.325868523517
0.254040552227,0.402960734686,0.235523450531,0.107475262556
0.37099564275,0.443934442488,0.158615758559,0.0264541562026
0.452785535789,0.110822864613,0.158054101686,0.278337497913
0.556522890913,0.129187032651,0.110536917573,0.203753158862
0.0441369160152,0.13558326322,0.261082566894,0.559197253871
0.198944955038,0.229620861335,0.104359570819,0.467074612808
0.21115542278,0.125999713015,0.294127031168,0.368717833036
0.15420840107,0.259374846881,0.312456065943,0.273960686106
0.406240872018,0.151544540235,0.386606891844,0.0556076959033
0.178250032318,0.0592661198123,0.339541909701,0.422941938168
0.318406597118,0.125354704777,0.345406704794,0.210831993311
0.445519406064,0.260100816531,0.283227284319,0.011152493086
0.170020379265,0.104802247127,0.550990651212,0.174186722396
0.0132110457985,0.0625976648079,0.432005898164,0.492185391229
0.028966942744,0.472279576292,0.0789062426792,0.419847238285
0.236165665935,0.216120368669,0.320414564667,0.227299400728
0.276628283616,0.383984496547,0.18976306443,0.149624155407
0.0721140323309,0.211794013164,0.0788790159608,0.637212938545
0.39950276068,0.25873412969,0.15380858713,0.1879545225
0.378197140723,0.432559446616,0.150209412741,0.0390339999204
0.00897986763808,0.234837579086,0.184828928463,0.571353624813
0.201061786552,0.203723145126,0.22712435827,0.368090710052
0.330493145887,0.048762584601,0.320878417371,0.299865852141
0.445875573451,0.301682640828,0.0635675249381,0.188874260784
0.452933554355,0.0467526779563,0.409157792795,0.0911559748936
0.153772546121,0.513965422848,0.0432334804053,0.289028550626
0.365430821578,0.220357579429,0.213707294458,0.200504304535
0.343940959194,0.0958096636665,0.306894125183,0.253355251957
0.221034931018,0.298927651974,0.193413549239,0.286623867768
0.333806549634,0.334404518458,0.0266558166859,0.305133115222
0.233971795295,0.370272890227,0.0936023391919,0.302152975286
0.306374650013,0.310540412682,0.370970756206,0.0121141810988
0.250335508194,0.464560061792,0.0482312154908,0.236873214524
0.376395368779,0.125729306888,0.252405668359,0.245469655974
0.329116874835,0.440180904576,0.0868257962964,0.143876424293
0.343009416717,0.222000678599,0.0399553366694,0.395034568015
0.338315403183,0.184727047959,0.131127597153,0.345829951705
0.317026882055,0.0172591503539,0.278829727263,0.386884240328
0.452509899738,0.324998515212,0.116914927685,0.105576657365
0.149738477204,0.215465237985,0.249251877443,0.385544407368
0.237279256994,0.294143003373,0.29872982089,0.169847918743
0.628307069317,0.217226074861,0.102188821679,0.0522780341427
0.0796795484164,0.33264588244,0.437386359317,0.150288209826
0.0836571588961,0.376725378858,0.323558778899,0.216058683347
0.181894610428,0.0917478634153,0.0696803743265,0.65667715183
0.0883272999837,0.469314845473,0.143121584968,0.299236269576
0.299684733981,0.213361175284,0.139622350032,0.347331740703
0.337245224785,0.221683640916,0.279782965983,0.161288168316
0.30965584062,0.237225351137,0.115570867422,0.337547940821
0.329040093582,0.0651814941222,0.157592909419,0.448185502877