0.281003858203,0.0852808364446,0.384788921969,0.248926383383
0.362053343814,0.0787711225469,0.213635487065,0.345540046574
0.261749016793,0.0837872112361,0.0648468499589,0.589616922012
0.0575224185985,0.166596156349,0.359291527707,0.416589897345
0.658245495166,0.0047866899721,0.0368865398552,0.300081275006
0.20217325488,0.0253158264679,0.443774009338,0.328736909314
0.00467720336501,0.200993977103,0.511276559005,0.283052260527
0.133060906404,0.21014374752,0.379279841826,0.277515504249
0.225875744107,0.097458554336,0.461768725847,0.21489697571
0.0927000284386,0.404209687761,0.015136940844,0.487953342956
0.243794161142,0.327700835083,0.121172086109,0.307332917666
0.377624681326,0.257114907155,0.0215633189938,0.343697092526
0.00729352760582,0.40304342742,0.473638100969,0.116024944005
0.139637379226,0.386018714243,0.112947855853,0.361396050678
0.136977311314,0.363701174502,0.072322918505,0.426998595678
0.331332607831,0.323992680441,0.305552285783,0.0391224259455
0.107452515091,0.511438677777,0.318376473586,0.0627323335454
0.299117048832,0.205473752233,0.306895053805,0.18851414513
0.0805522906893,0.469259983874,0.0304895595853,0.419698165852
0.214135909188,0.246666410722,0.330990784553,0.208206895536
0.267941727025,0.152437074281,0.291598342196,0.288022856499
0.0266493623308,0.433367821208,0.259506907265,0.280475909196
0.342291862719,0.246939437848,0.179285198361,0.231483501072
0.176973756715,0.346574237734,0.186831200302,0.289620805249
0.0204542322003,0.478700760508,0.117788565918,0.383056441373
0.133041212713,0.690302059484,0.117379695688,0.0592770321149
0.068615285881,0.247906779666,0.495282317236,0.188195617217
0.168258753655,0.187499914861,0.309798745612,0.334442585872
0.16731811349,0.37734227591,0.0774155239164,0.377924086683
0.118864674337,0.0679546091616,0.366029989686,0.447150726815
0.320489744046,0.151951450404,0.410354166348,0.117204639202
0.0472989963966,0.412153992679,0.434091635503,0.106455375422
0.27285779955,0.36836304044,0.214560574164,0.144218585846
0.303771763144,0.270076471664,0.258486175167,0.167665590025
0.217283354006,0.664367834574,0.109817472369,0.00853133905154
0.132077715033,0.116588744067,0.316653997457,0.434679543443
0.0172460795196,0.558972753343,0.00493140087444,0.418849766263
0.106041219659,0.199961815006,0.348733017846,0.34526394749
0.229581964213,0.247274671366,0.341052379931,0.18209098449
0.149822560139,0.327245098903,0.189005414162,0.333926926796
0.0930070158255,0.348244668612,0.263865407014,0.294882908549
0.249556951271,0.21150075843,0.393818527995,0.145123762304
0.17582651837,0.419494187687,0.265818319706,0.138860974237
0.270724375073,0.227323505099,0.060558508183,0.441393611645
0.409392870582,0.204067173443,0.0630049188793,0.323535037095
0.198100483501,0.482152739282,0.133539656203,0.186207121014
0.0797702957475,0.273048660077,0.190886433552,0.456294610624
0.125574528189,0.315513332917,0.163578988855,0.395333150039
0.234409187308,0.224146157433,0.129771469843,0.411673185416
0.194280829804,0.207708570193,0.434891961381,0.163118638622
0.44151359774,0.103196698331,0.132402163347,0.322887540582
0.128119290664,0.447240484259,0.344129434858,0.0805107902181
0.427474302962,0.118595444893,0.00225341841226,0.451676833733
0.118586965254,0.258096166893,0.0806389790504,0.542677888802
0.0308123592801,0.197064725105,0.28219858405,0.489924331565
0.0921589701523,0.761617355813,0.042202010429,0.104021663606
0.150310232629,0.190325253046,0.328005910351,0.331358603974
0.0979710178876,0.492333769409,0.296770730302,0.112924482402
0.245059008221,0.0706456251931,0.240295398477,0.443999968108
0.387251847211,0.0947689898034,0.339380019813,0.178599143173
0.0666223339869,0.422463238975,0.451378624561,0.0595358024768
0.3746050153,0.191834590685,0.29259947396,0.140960920056
0.368710388829,0.224815838399,0.228864563128,0.177609209644
0.220163174584,0.244243024456,0.091997821397,0.443595979563
0.249096390169,0.247828455476,0.326726234363,0.176348919992
0.263504741798,0.199125646098,0.21184879632,0.325520815784
0.00490434805935,0.393635282014,0.277274865297,0.324185504629
0.106753976392,0.339175068312,0.4161957462,0.137875209095
0.187953959233,0.393672887018,0.0630004902845,0.355372663464
0.487247984977,0.428525557726,0.0185413515878,0.0656851057095
0.343958267722,0.262342971912,0.00613202804301,0.387566732324
0.358097723516,0.26547301922,0.178577993055,0.197851264208
0.0450243167817,0.372465172035,0.396409951614,0.18610055957
0.242217380386,0.2126773708,0.183189760998,0.361915487816
0.0597062848931,0.169934212054,0.343771836883,0.42658766617
0.305183453152,0.0542214431282,0.325570664533,0.315024439187
0.0469326768915,0.307171711698,0.254170185841,0.39172542557
0.270934050764,0.193903668019,0.22741605413,0.307746227087
0.156512253127,0.198699644354,0.280336373489,0.36445172903
0.215012809681,0.508721229152,0.0722343110285,0.204031650138
0.248215252581,0.172277595569,0.223259456677,0.356247695172
0.489436472078,0.143758779486,0.196821665899,0.169983082537
0.22871561167,0.037256972777,0.272705363814,0.461322051739
0.440803010892,0.137630812844,0.177933518786,0.243632657479
0.466172103958,0.253136753591,0.214957771764,0.0657333706874
0.374917847923,0.00535542091304,0.489451211801,0.130275519363
0.024625358751,0.173292549598,0.296208307126,0.505873784525
0.246741949573,0.331497016164,0.158686106026,0.263074928237
0.302888970326,0.207063287537,0.0930598125461,0.396987929591
0.0261435275648,0.243029203467,0.373565255276,0.357262013692
0.370382500349,0.375011002754,0.089672927936,0.164933568961
0.350063332142,0.204810454612,0.134969694411,0.310156518834
0.255715419365,0.237792186243,0.0229427233646,0.483549671027
0.1372849697,0.415225601419,0.28649531427,0.160994114611
0.276480201343,0.327485729592,0.225871284613,0.170162784452
0.35917472366,0.26165262551,0.263084687548,0.116087963282
0.287177772357,0.210489640502,0.267386666378,0.234945920762
0.162925659344,0.0488910356379,0.734933500249,0.0532498047691
0.341973258833,0.13790451186,0.223657872097,0.29646435721
0.154099643033,0.365647645261,0.258613407953,0.221639303754
0.0866017582733,0.856326710119,0.0207639882348,0.0363075433732
0.0101684916038,0.375318474319,0.180673346436,0.433839687642
0.0637681567466,0.141483406187,0.400381484107,0.39436695296
0.357232367434,0.297470417888,0.223024509418,0.12227270526
0.0556192210928,0.630095144539,0.267078010539,0.0472076238295
0.0769403793892,0.280701290668,0.40816069504,0.234197634903
0.197485737351,0.352474127152,0.204797843647,0.24524229185
0.221576379374,0.00637706542733,0.390620500591,0.381426054607
0.335286347989,0.347574274602,0.00616142518801,0.310977952221
0.18261407005,0.122824509012,0.293714929448,0.40084649149
0.581581593864,0.014859192853,0.0637577144872,0.339801498795
0.0461354531663,0.290443897054,0.381868978717,0.281551671062
0.431591946436,0.265741908197,0.292296440412,0.0103697049545
0.316654614036,0.355916415531,0.0627710726392,0.264657897794
0.117885708066,0.439972993117,0.167240618043,0.274900680775
0.292871580579,0.296943203315,0.243999504919,0.166185711187
0.322137870841,0.231334530108,0.0216929276821,0.424834671369
0.286839178488,0.234040706163,0.229820349576,0.249299765773
0.258004990319,0.304044908624,0.180376958714,0.257573142343
0.420551903662,0.201133948409,0.260524443389,0.11778970454
0.583438391695,0.0823100658409,0.0496849713365,0.284566571127
0.252798087439,0.20511971227,0.0992344549888,0.442847745302
0.411228001123,0.310553895892,0.0271808345098,0.251037268476
0.555552759285,0.0179042636495,0.314776038727,0.111766938338
0.359188897162,0.307628454119,0.189767472341,0.143415176378
0.330450945683,0.218827745803,0.178686232464,0.27203507605
0.151589465733,0.430176322398,0.224990537977,0.193243673891
0.0778809236317,0.414388696214,0.261442962503,0.246287417651
0.158032987259,0.209244017441,0.375874513339,0.256848481961
0.364616938958,0.294208059352,0.258715208902,0.0824597927871
0.225219235325,0.384903007866,0.196482815233,0.193394941575
0.706304089029,0.223781537188,0.00765642139892,0.062257952384
0.0759375636281,0.470684595035,0.00718250835386,0.446195332983
0.277808151608,0.0562669991387,0.303119375749,0.362805473504
0.215811512239,0.300763016882,0.183605587229,0.29981988365
0.154352983905,0.332200004883,0.315769567832,0.19767744338
0.343899288696,0.183805452327,0.0915380509648,0.380757208013
0.426840262522,0.137197025151,0.158648598912,0.277314113415
0.00601490990086,0.349018672362,0.505238948862,0.139727468875
0.27772683533,0.167272352381,0.304843607865,0.250157204424
0.429395579979,0.216443362239,0.198082128125,0.156078929657
0.196737483547,0.315640829399,0.195105191122,0.292516495932
0.225319782973,0.221686396762,0.263000325845,0.28999349442
0.349458146561,0.365814604937,0.0486633018405,0.236063946661
0.473993511392,0.160756660864,0.215768000676,0.149481827068
0.155138771796,0.418605565503,0.304285418279,0.121970244422
0.511109204293,0.0422926858432,0.0909328583072,0.355665251556
0.451096426358,0.260666838187,0.157143981222,0.131092754232
0.280165588802,0.221141224117,0.373922137494,0.124771049587
0.449175582792,0.265701843911,0.0694258068811,0.215696766416
0.407339362176,0.226936111056,0.0561255839538,0.309598942814
0.0684954464563,0.159341819612,0.365438915101,0.406723818831
0.329971356107,0.131263023297,0.23989821559,0.298867405006
0.100465893913,0.271204407766,0.214179467707,0.414150230614
0.204446917837,0.188860127459,0.483084031627,0.123608923076
0.494118805254,0.285346198515,0.0946176483249,0.125917347907
0.32389340964,0.290633550767,0.223021719332,0.162451320261
0.210400845544,0.355945409497,0.0551571883475,0.378496556611
0.26659015101,0.341942400526,0.0410834281469,0.350384020317
0.305633266242,0.056867242398,0.287912877266,0.349586614094
0.21926313913,0.372617071495,0.0319204976687,0.376199291706
0.321423930783,0.280736267741,0.116278045057,0.281561756419
0.432205254235,0.343422522517,0.175740225129,0.0486319981194
0.24205281192,0.0524439974276,0.536726314934,0.168776875718
0.424933373412,0.0203584258342,0.51722532838,0.0374828723744
0.0877990939739,0.319539612214,0.377071974205,0.215589319606
0.14671202921,0.258229015596,0.426002287257,0.169056667937
0.30538138707,0.248645447151,0.329274089595,0.116699076184
0.113584985428,0.56512326391,0.211571734285,0.109720016377
0.27410134993,0.372892366676,0.0738336730661,0.279172610328
0.521694172625,0.194737412637,0.220292808203,0.0632756065349
0.118418800519,0.0717737655059,0.0485649388557,0.76124249512
0.317817801357,0.089072998479,0.223848806887,0.369260393277
0.01976179699,0.454478329278,0.231002109077,0.294757764655
0.00614123857893,0.310844941868,0.506811619635,0.176202199917
0.36301058876,0.389116992666,0.0503095819457,0.197562836628
0.300155964053,0.126919298742,0.0130715905053,0.5598531467
0.3205016265,0.442790299024,0.0899077669697,0.146800307507
0.304253098136,0.295659594291,0.281211797293,0.118875510281
0.354431682287,0.339926027225,0.104320130231,0.201322160256
0.388166747771,0.357575312057,0.187168322475,0.0670896176971
0.187021389866,0.385571339677,0.134214564439,0.293192706019
0.595007403264,0.110300088553,0.170137594225,0.124554913958
0.114135951223,0.320629570122,0.360666596,0.204567882655
0.102403541361,0.249816013465,0.0790860283144,0.56869441686
0.00927136935708,0.37970588348,0.247937823861,0.363084923302
0.435385405521,0.0963286952975,0.143338374249,0.324947524933
0.279215763229,0.277260132832,0.424885009199,0.01863909474
0.344249669228,0.31861858256,0.324241488375,0.0128902598371
0.308447541871,0.579859985449,0.0587232068755,0.0529692658043
0.0989213901005,0.135380682902,0.173621979526,0.592075947472
0.305444059428,0.219367480883,0.382483081619,0.09270537807
0.302167196916,0.277910466749,0.276280930916,0.143641405419
0.241060514774,0.151214514767,0.32793409446,0.279790875999
0.055273120135,0.187777413326,0.409997545936,0.346951920603
0.43628255785,0.152887863391,0.204054505458,0.206775073301
0.0230773275348,0.361425784642,0.282576328761,0.332920559061
0.166609903896,0.20944103918,0.0550470540383,0.568902002886
0.300582076007,0.431828896385,0.250456503367,0.0171325242409
0.372517454077,0.298427334274,0.0696314436396,0.259423768009