0.053335197586,0.371397888341,0.103109756702,0.472157157371
0.0529405045421,0.25779412488,0.295883427485,0.393381943093
0.0987265350784,0.248779247415,0.343481752284,0.309012465223
0.355026564689,0.157735007972,0.0370763717164,0.450162055623
0.0587170538655,0.334667310391,0.473813673304,0.13280196244
0.344351310672,0.151675939516,0.173716213566,0.330256536245
0.207919816227,0.411713394114,0.340225979004,0.0401408106539
0.106920875355,0.192561735538,0.37044949886,0.330067890247
0.0119444505728,0.312834179916,0.461409431562,0.213811937949
0.283856869828,0.371421613409,0.113194084956,0.231527431807
0.0695501474223,0.0550329715435,0.304431122314,0.570985758721
0.0487474599295,0.0317510991504,0.78221919226,0.13728224866
0.429386403907,0.0142005701092,0.222636769964,0.333776256019
0.220754218658,0.348860771021,0.149304987307,0.281080023015
0.24712898041,0.267756984136,0.232134572204,0.25297946325
0.731053307384,0.0757077865349,0.0471515757552,0.146087330326
0.351879629649,0.257956903353,0.0914790541918,0.298684412806
0.374261939429,0.23275163689,0.112247741823,0.280738681858
0.417249366005,0.11828011373,0.144342072087,0.320128448178
0.299144758267,0.194810418342,0.211846413045,0.294198410346
0.238079550336,0.326996389526,0.222341181793,0.212582878345
0.326639555327,0.112364224109,0.350186111971,0.210810108592
0.306811953203,0.114178437453,0.472517151558,0.106492457787
0.364935350207,0.330586941546,0.174421322838,0.130056385408
0.147129707883,0.251469790413,0.368473653388,0.232926848316
0.00511991411498,0.727600990862,0.109472071217,0.157807023806
0.325521302694,0.0293873297862,0.324559370678,0.320531996842
0.113174885115,0.253324958159,0.148231760286,0.485268396439
0.251558588291,0.246677860608,0.0418365538389,0.459926997262
0.144251218281,0.418620676921,0.0189228521382,0.41820525266
0.234927903811,0.029260792851,0.361954387852,0.373856915486
0.379809573112,0.441538148839,0.0595900187182,0.119062259331
0.315950343403,0.0314651419036,0.18698326295,0.465601251743
0.244926266346,0.147694831976,0.328448757964,0.278930143714
0.504809568244,0.134828010097,0.256189562573,0.104172859087
0.0741775146728,0.335925785205,0.188231054303,0.401665645819
0.182755281714,0.165258486442,0.335322686068,0.316663545777
0.275564098486,0.176291024912,0.411688010415,0.136456866187
0.307317431005,0.312106222761,0.162313045818,0.218263300416
0.216147973811,0.153528640505,0.238199513827,0.392123871856
0.255687181356,0.337834237759,0.211672929081,0.194805651804
0.192397625607,0.0966091151419,0.601684609284,0.109308649967
0.158053403248,0.393668226638,0.391764353723,0.0565140163908
0.149569853268,0.265514812328,0.472379510675,0.112535823729
0.458953361982,0.102669470803,0.326347243881,0.112029923335
0.0328119137912,0.11359631894,0.576772864683,0.276818902586
0.337953241768,0.0862949135865,0.233941690214,0.341810154431
0.334211630524,0.100260066962,0.267860081677,0.297668220836
0.01358443895,0.108485694515,0.509893313415,0.36803655312
0.291811648961,0.189007683749,0.303674356207,0.215506311084
0.349532353252,0.198527725596,0.36382148104,0.0881184401112
0.486716026343,0.369619349259,0.136030273221,0.0076343511766
0.27315356298,0.280389789841,0.194398170276,0.252058476903
0.0309142666716,0.0634977889946,0.301951546134,0.6036363982
0.337092144687,0.231458174455,0.0440879842395,0.387361696618
0.14111999263,0.407093125159,0.315085397065,0.136701485146
0.102359463054,0.381520302107,0.0882087842178,0.427911450622
0.502937468282,0.0752319948669,0.382114521661,0.0397160151902
0.312932266398,0.48622844248,0.0589828326106,0.141856458512
0.41623314137,0.238630774237,0.315365312031,0.0297707723626
0.43203512081,0.164661660931,0.40260128165,0.000701936608657
0.215585305495,0.332013460262,0.366650461875,0.0857507723682
0.31615954662,0.143023970054,0.104436627589,0.436379855737
0.455018112721,0.156633984858,0.0468834359624,0.341464466459
0.0618482273158,0.439173047239,0.30110837973,0.197870345715
0.251845633295,0.240654477407,0.0883883169766,0.419111572322
0.274681087682,0.363396319649,0.272427489707,0.089495102963
0.0935317616834,0.313804010493,0.341753309745,0.250910918079
0.210018529012,0.0637394106322,0.313017157636,0.41322490272
0.0143456159199,0.330489234702,0.483009103933,0.172156045446
0.250459806381,0.241448026971,0.284079362872,0.224012803776
0.0180139029356,0.202802568705,0.279181654598,0.500001873761
0.261169283571,0.0782409564435,0.326004899077,0.334584860909
0.217680251818,0.0893238694102,0.217685030755,0.475310848017
0.245180104869,0.539965537334,0.119531090528,0.0953232672686
0.000310151824974,0.220012713519,0.3918968167,0.387780317956
0.347653113509,0.0916276121821,0.339044648259,0.22167462605
0.257678600067,0.135673169826,0.139936153258,0.466712076848
0.754210845891,0.0434117376805,0.108798859261,0.0935785571679
0.195417353473,0.273407549945,0.332952759994,0.198222336588
0.248122692968,0.270936054825,0.430224629895,0.0507166223113
0.154852541876,0.392685487141,0.326083877513,0.12637809347
0.465675291919,0.358463644008,0.102042684808,0.0738183792654
0.295734420887,0.18806825962,0.425417487249,0.0907798322435
0.354320594105,0.224449063485,0.141138726683,0.280091615727
0.334078498385,0.510718112139,0.0142015935632,0.141001795914
0.102068216301,0.354433027174,0.30081763642,0.242681120106
0.371434641632,0.0482978927669,0.205689142815,0.374578322786
0.248768452532,0.240632346356,0.146242131966,0.364357069147
0.430076107566,0.229470685514,0.0401451125181,0.300308094402
0.0907156512704,0.319067724915,0.180544334087,0.409672289727
0.071614800718,0.184926321482,0.369365789607,0.374093088193
0.217402970832,0.680452435084,0.0317652330267,0.0703793610574
0.326032649191,0.147926978343,0.167076074439,0.358964298027
0.862425972528,0.0578620441171,0.0188349080546,0.0608770753004
0.264187057238,0.409217007633,0.0600663134044,0.266529621725
0.139247535757,0.169924761283,0.331718087081,0.359109615879
0.488167123682,0.222633913041,0.275922610404,0.0132763528726
0.401045298015,0.018418661885,0.218236366171,0.362299673929
0.192890499802,0.255537774492,0.381964399974,0.169607325732
0.181154938449,0.598513666574,0.0470971646327,0.173234230344
0.386269403206,0.124607543604,0.326494043188,0.162629010002
0.123993258744,0.275289132472,0.261580380562,0.339137228223
0.197306325868,0.204828016347,0.0348864635368,0.562979194248
0.33159335389,0.250515407096,0.295891095199,0.122000143815
0.24010139649,0.0413952049934,0.387704915735,0.330798482781
0.0312222583719,0.11057990233,0.460637724258,0.397560115041
0.48393349306,0.265644824077,0.158786407309,0.0916352755545
0.00354756470959,0.44056535415,0.203231252464,0.352655828677
0.248139928505,0.328673448552,0.318238530079,0.104948092864
0.397514910818,0.26777022259,0.271167938535,0.063546928057
0.159669289549,0.505597336629,0.31696919849,0.0177641753316
0.290902120854,0.0533126433288,0.297897825601,0.357887410216
0.266862214695,0.650713434658,0.071209294306,0.0112150563407
0.214979373912,0.282044128594,0.364760895225,0.138215602268
0.388141103231,0.039870286522,0.386472036081,0.185516574166
0.260313227009,0.336973254515,0.397127383186,0.00558613529047
0.123053860252,0.474341215836,0.199901689731,0.202703234181
0.123739915633,0.18881342457,0.428956630021,0.258490029777
0.226660166195,0.103116505076,0.378080093929,0.2921432348
0.307443483343,0.220700628588,0.285228770877,0.186627117192
0.108391081297,0.318333843223,0.273586161313,0.299688914167
0.277509024315,0.494319588773,0.0462301681276,0.181941218785
0.28217461987,0.407906611587,0.0306774186661,0.279241349876
0.132596982149,0.230233739167,0.541342407092,0.0958268715924
0.302363282232,0.378408688625,0.147321195385,0.171906833758
0.157808270853,0.259362781442,0.259328384294,0.323500563411
0.113516147202,0.155427885269,0.465454884258,0.265601083271
0.2137989267,0.261225156398,0.225740373649,0.299235543253
0.305965562226,0.22179718957,0.284252978394,0.18798426981
0.254107676983,0.288311670435,0.104995566468,0.352585086114
0.167348987013,0.363295965672,0.269694728054,0.199660319262
0.515704051912,0.304826809202,0.0452982021998,0.134170936687
0.309075668959,0.147887840318,0.170126271287,0.372910219436
0.203100476187,0.224819835959,0.0479032511929,0.524176436661
0.144404422962,0.273725763335,0.236875519933,0.34499429377
0.386381411401,0.140676989852,0.0597709328624,0.413170665885
0.142462284851,0.473860034307,0.0969002146006,0.286777466242
0.289334700792,0.225654763692,0.251784376191,0.233226159325
0.104908991261,0.388061842811,0.188463895472,0.318565270455
0.238073053011,0.202612423424,0.239932146644,0.319382376921
0.25312617553,0.231925858529,0.346072509504,0.168875456437
0.279130925972,0.308744928578,0.0412613645257,0.370862780924
0.0958592373763,0.38055248974,0.135473137615,0.388115135269
0.603306120157,0.0219664115642,0.0714527219503,0.303274746329
0.35687591861,0.239696558839,0.255717684658,0.147709837894
0.0732128512085,0.571236401146,0.209775249549,0.145775498096
0.340764818684,0.283594706578,0.164497380451,0.211143094288
0.209209218071,0.094393657874,0.184291194385,0.51210592967
0.233163123217,0.199389872308,0.299247498719,0.268199505755
0.291432354169,0.148015436953,0.322027847877,0.238524361002
0.296980236276,0.126723546813,0.339923419484,0.236372797427
0.00331146220151,0.512363144225,0.0741897101573,0.410135683416
0.00535233240646,0.324218457662,0.0641514796128,0.606277730319
0.320066684199,0.233048920221,0.152713028714,0.294171366866
0.429496840709,0.218254831243,0.193255972026,0.158992356022
0.134118821121,0.318373901567,0.318392425124,0.229114852188
0.403480955748,0.0317545463261,0.331315444886,0.23344905304
0.492563517808,0.0452214577214,0.109866115706,0.352348908764
0.391280322513,0.157740872447,0.192820911133,0.258157893907
0.151781932852,0.0687063300194,0.0960623949024,0.683449342226
0.1762992762,0.226634705381,0.267805220488,0.329260797931
0.207088042568,0.0297971413262,0.510258591706,0.2528562244
0.376099058578,0.191698895525,0.127834992957,0.30436705294
0.280354528653,0.0848959438431,0.284319260836,0.350430266668
0.191863214694,0.0954701717148,0.365108224748,0.347558388843
0.325580513561,0.0247267229841,0.106625980039,0.543066783416
0.475619871063,0.0124763601235,0.235490488287,0.276413280526
0.197494177398,0.451824071122,0.0459571957773,0.304724555702
0.0989537720424,0.187877766914,0.693735642054,0.0194328189897
0.176298901506,0.220941573542,0.433515363058,0.169244161894
0.246165065037,0.368237754607,0.157384607869,0.228212572488
0.236800259445,0.36807189673,0.224772339507,0.170355504317
0.212155761157,0.574470368703,0.12388579785,0.0894880722897
0.282243433084,0.280552340076,0.250472858523,0.186731368317
0.116259252633,0.398255662958,0.254539183674,0.230945900735
0.600641615333,0.144819675878,0.207398813507,0.0471398952821
0.314866136312,0.190079159619,0.360172440052,0.134882264017
0.0353677290978,0.317599237549,0.155736037459,0.491296995894
0.0598051638349,0.263540097581,0.674033574841,0.00262116374303
0.199485632956,0.194402762407,0.350351544129,0.255760060508
0.300179558416,0.111661867906,0.215854587727,0.372303985951
0.260953518748,0.186290808754,0.207431824504,0.345323847994
0.293624040492,0.255615188745,0.431375403843,0.0193853669202
0.0961351704794,0.498548407872,0.137036254909,0.268280166739
0.352909463037,0.0536447533119,0.380935672139,0.212510111512
0.22062125542,0.279831331414,0.21281586146,0.286731551706
0.21735672736,0.144551808436,0.31447000093,0.323621463274
0.0798969526663,0.0461495902651,0.54087100421,0.333082452859
0.0991714300424,0.0885816311942,0.0342821349106,0.777964803853
0.18291718643,0.328237307981,0.325607532183,0.163237973406
0.254632227709,0.330583205963,0.0480050847506,0.366779481578
0.251508608522,0.153571719369,0.262657442804,0.332262229306
0.253488192146,0.0869921312537,0.182855854687,0.476663821913
0.33590971931,0.28887821575,0.0672336986527,0.307978366288
0.268019655983,0.193160729746,0.386351070804,0.152468543468
0.229630209747,0.217605177707,0.383560565777,0.169204046769
0.427964763181,0.291937362546,0.0852528933216,0.19484498095
0.264774859863,0.276038864653,0.308198725633,0.15098754985
0.211380576021,0.177613793021,0.306960037287,0.304045593672