0.462890123848,0.19014653492,0.27453179475,0.0724315464816
0.0410782842657,0.405063391038,0.247283844205,0.306574480492
0.226334096664,0.261820416293,0.131610213209,0.380235273833
0.0466103976294,0.15432268081,0.411488075241,0.387578846319
0.288506144781,0.338628855703,0.228773966286,0.14409103323
0.452459467844,0.2086194705,0.0139486758236,0.324972385832
0.211684583876,0.00587637615798,0.358500118649,0.423938921317
0.118072228984,0.356406115037,0.130431471862,0.395090184117
0.282042213105,0.176871082877,0.277718577827,0.263368126192
0.483812367812,0.0153459545064,0.380415694983,0.120425982699
0.25473399972,0.365818908358,0.156010506746,0.223436585176
0.0601485630977,0.272801864931,0.437919295883,0.229130276088
0.424312731229,0.0812890124039,0.440565276098,0.0538329802697
0.27073473846,0.0813738722166,0.218300579017,0.429590810307
0.326738755986,0.0246727339892,0.432876722897,0.215711787128
0.144787993239,0.217536777314,0.219645429495,0.418029799951
0.216978734629,0.418949100693,0.0386105609723,0.325461603705
0.332793938901,0.442567336893,0.218115082449,0.00652364175717
0.012559487374,0.293797079911,0.325800307599,0.367843125116
0.193451384399,0.277613004792,0.145699650836,0.383235959973
0.403298192316,0.203448680846,0.298463352453,0.0947897743854
0.0424905105469,0.297148651752,0.164376178418,0.495984659282
0.312229425051,0.318667165973,0.0556292072118,0.313474201764
0.34456884473,0.253714384519,0.262276827834,0.139439942918
0.188964939045,0.201072786543,0.316714901684,0.293247372727
0.0710515579225,0.178954546909,0.486900762891,0.263093132277
0.0960766063731,0.607945329419,0.227363917225,0.0686141469832
0.510047809575,0.242825459037,0.0073965359532,0.239730195435
0.482012589119,0.112754905984,0.30599953607,0.0992329688273
0.130543921357,0.149782301995,0.193743485578,0.52593029107
0.129270625455,0.105795439084,0.406443562725,0.358490372736
0.210039260868,0.366119959617,0.27627996485,0.147560814665
0.203382374053,0.0397357594341,0.378333171858,0.378548694655
0.134199793013,0.0461283809634,0.206257898499,0.613413927525
0.199585473831,0.0971238674845,0.309720706907,0.393569951777
0.480953199488,0.134745747636,0.00170685986278,0.382594193014
0.256840289362,0.377997667814,0.205869944707,0.159292098117
0.0990510272042,0.478946564664,0.354992789578,0.0670096185529
0.271105672554,0.0946266488289,0.281159616064,0.353108062552
0.203990684063,0.264404385166,0.250528476551,0.281076454221
0.159215206355,0.357276045584,0.207966106504,0.275542641557
0.171943484888,0.201086583312,0.251176025275,0.375793906525
0.0877427780847,0.732177141245,0.149732482379,0.0303475982908
0.589974359431,0.100985165977,0.125592685452,0.183447789141
0.120261756308,0.267143220347,0.317673422788,0.294921600557
0.191954624861,0.283272887304,0.297978852637,0.226793635198
0.0885734874365,0.267981443237,0.553326633324,0.0901184360028
0.307497562349,0.306068123727,0.0792109200999,0.307223393824
0.346610824155,0.0119816536281,0.240340147281,0.401067374937
0.39503957534,0.0450693898575,0.359437628833,0.20045340597
0.123575587469,0.267106447766,0.143156989402,0.466160975363
0.39715410775,0.257947208519,0.323729580259,0.0211691034728
0.204932578462,0.238115441752,0.206558337722,0.350393642064
0.26087269784,0.291992790937,0.259820131538,0.187314379685
0.137417091995,0.200670402513,0.129400609841,0.532511895651
0.0205231187688,0.480200658929,0.0332593327085,0.466016889594
0.18421587747,0.258331056509,0.236449177357,0.321003888664
0.211814487597,0.0860182327867,0.223604939531,0.478562340086
0.399501503602,0.181827485703,0.158659174709,0.260011835987
0.475718447564,0.25686107137,0.00608259002002,0.261337891047
0.238056978978,0.257817704195,0.354798438178,0.149326878649
0.448823958865,0.0562214983362,0.240144573798,0.254809969001
0.186593960836,0.382444342847,0.279013414834,0.151948281483
0.432742678033,0.345149176973,0.217045515779,0.00506262921512
0.478482500853,0.0959872095639,0.394313640367,0.0312166492167
0.102858894557,0.419369716824,0.194222662837,0.283548725782
0.197247771984,0.249086499677,0.00856862053762,0.545097107801
0.292166328365,0.164715618463,0.406729743662,0.13638830951
0.289058018752,0.244957524617,0.165316865058,0.300667591574
0.0994957699914,0.315450432472,0.400498463,0.184555334537
0.403880303599,0.336517648756,0.163701312333,0.0959007353115
0.372077379081,0.0609641484408,0.22224127392,0.344717198558
0.28431495126,0.177388214088,0.255991320265,0.282305514387
0.28415039849,0.315150564362,0.262364930235,0.138334106913
0.388170104336,0.226070644908,0.0185937235163,0.367165527239
0.149828526695,0.142304064107,0.270708439262,0.437158969936
0.327974716761,0.110294416932,0.506941321906,0.0547895444016
0.156184600741,0.400552271759,0.1272840402,0.315979087301
0.276919469261,0.0614426984293,0.346239773316,0.315398058994
0.34902465457,0.0240884005306,0.325816210468,0.301070734431
0.112756828598,0.237395104688,0.142911596238,0.506936470476
0.375803550937,0.257734761693,0.0772860221184,0.289175665252
0.0922919534095,0.328386853844,0.188629390186,0.39069180256
0.0673146909469,0.0160526016748,0.289179965241,0.627452742138
0.467543110315,0.251003817634,0.199712280479,0.081740791572
0.128167191504,0.281544239237,0.383928950613,0.206359618645
0.0681624421129,0.26565726871,0.252438733836,0.413741555341
0.294129640467,0.171256566921,0.238402453838,0.296211338773
0.418966661074,0.0794188269082,0.218068581911,0.283545930106
0.0425869679493,0.134593868521,0.335585747142,0.487233416388
0.178812481999,0.115570885079,0.173804913058,0.531811719865
0.0205140972834,0.000204455383005,0.327420459535,0.651860987798
0.396401415233,0.230160019628,0.163791130582,0.209647434557
0.0114770409517,0.422625170555,0.42952991852,0.136367869973
0.144602092119,0.308378380966,0.12912125562,0.417898271295
0.363139091184,0.00946873592843,0.557817274812,0.0695748980751
0.515366968457,0.21045493005,0.0562982294378,0.217879872056
0.131797434238,0.451476340013,0.375987950405,0.0407382753435
0.14186008638,0.342935917856,0.434439997709,0.0807639980553
0.182150306604,0.26126109682,0.102492136933,0.454096459643
0.336314383809,0.0767827216052,0.225447198374,0.361455696212
0.48481980614,0.317238795471,0.00771898744772,0.190222410941
0.292947651443,0.190995164112,0.116645312454,0.399411871991
0.33192674483,0.0396355894747,0.14755699599,0.480880669706
0.185948536923,0.278595757324,0.344885115624,0.190570590129
0.144037425415,0.233561860023,0.362192531717,0.260208182845
0.215156792562,0.266686417041,0.209998238197,0.308158552199
0.115483041856,0.374068586078,0.378721448128,0.131726923939
0.298998257479,0.160590108961,0.286590001648,0.253821631911
0.0987146734873,0.283568458448,0.279919898921,0.337796969144
0.133100107132,0.0640238462835,0.422541966036,0.380334080548
0.0206060757138,0.390337550896,0.432426942566,0.156629430824
0.12429881638,0.444923526155,0.106027975996,0.324749681468
0.325553506087,0.0932196755897,0.295221910794,0.286004907529
0.10023515693,0.271457556401,0.496551303717,0.131755982951
0.326773737367,0.243383618552,0.0911214731711,0.33872117091
0.079810691344,0.0728526555185,0.415826774863,0.431509878274
0.239654441557,0.29029577332,0.192332492306,0.277717292817
0.384802078119,0.281845876518,0.0870426943224,0.246309351041
0.644648131569,0.244012699713,0.106711314164,0.0046278545531
0.188649854256,0.176703163619,0.5563683958,0.0782785863248
0.421943414369,0.24377648944,0.195644780086,0.138635316105
0.211525708908,0.112801000308,0.322327107683,0.3533461831
0.297273745965,0.0626078614627,0.40922939853,0.230888994042
0.131371744504,0.137606327083,0.474886201907,0.256135726506
0.170305404293,0.360356028572,0.424873398948,0.0444651681866
0.0590979360873,0.437010892415,0.444991186547,0.0588999849501
0.32134910986,0.438602253156,0.187092615992,0.052956020992
0.103010194215,0.373239949745,0.19383178828,0.329918067759
0.291805616722,0.11874823125,0.366704574285,0.222741577742
0.0907696590678,0.268710666076,0.353461409615,0.287058265241
0.173773029345,0.0312536323852,0.620417134738,0.174556203531
0.0400336496161,0.158663615664,0.729604097233,0.0716986374868
0.480211707359,0.0185762266993,0.240071012725,0.261141053217
0.215015540704,0.0237467959136,0.552244432474,0.208993230908
0.430660591381,0.0864673728329,0.447112359097,0.0357596766892
0.0423228690494,0.310046057437,0.186494011421,0.461137062092
0.137746042743,0.542476517645,0.117092279072,0.20268516054
0.0885404098043,0.273467197798,0.293535768436,0.344456623962
0.26890263004,0.289480458249,0.418103124426,0.0235137872846
0.0524836367595,0.317245310419,0.333321464815,0.296949588007
0.000905291123438,0.251923646076,0.142814114483,0.604356948318
0.284811338999,0.0972225892736,0.308701390043,0.309264681684
0.306311177219,0.30164556642,0.274465354667,0.117577901694
0.0499639979822,0.523779249565,0.233328589517,0.192928162936
0.323269440723,0.448305546847,0.103191293682,0.125233718747
0.188669428711,0.358604525714,0.402101441811,0.050624603764
0.602080831802,0.0194360367096,0.0271045748015,0.351378556687
0.363249808487,0.34773939266,0.107178759034,0.181832039819
0.0541164732854,0.13785760789,0.0944863729393,0.713539545885
0.238692885477,0.128572956655,0.569533336189,0.0632008216793
0.256822161818,0.146841954044,0.301376657599,0.294959226538
0.492879684115,0.034441319203,0.461576395076,0.011102601606
0.256909221855,0.0261909420024,0.536880059719,0.180019776424
0.194935772923,0.27672191851,0.287394646816,0.240947661752
0.0733892139102,0.0930458647883,0.325885880215,0.507679041086
0.473478614914,0.131150937544,0.0335261354085,0.361844312134
0.115521881459,0.00322060872883,0.325625292674,0.555632217139
0.211241056105,0.263121012291,0.299171038148,0.226466893455
0.356850396841,0.438917365409,0.0195644117706,0.184667825979
0.0305784961352,0.394089086981,0.146444615173,0.428887801711
0.192645438614,0.40389128595,0.116368222064,0.287095053372
0.0281322125972,0.401910583815,0.144913672207,0.425043531381
0.292672591031,0.195893564404,0.109599395226,0.401834449339
0.481357862134,0.0541731913882,0.382486202346,0.081982744132
0.241068616697,0.280483263025,0.142272871982,0.336175248296
0.295034705777,0.0973754103882,0.286015691368,0.321574192467
0.100943471481,0.270278427691,0.340243621217,0.288534479611
0.411070777168,0.210061097576,0.139338120207,0.239530005049
0.469235709009,0.102725625196,0.346078125508,0.0819605402868
0.377591191745,0.170144506731,0.205579559632,0.246684741892
0.340801501453,0.325808335523,0.327050420538,0.00633974248701
0.205820676619,0.105792592279,0.398925300459,0.289461430642
0.046932274213,0.344116645735,0.29105651671,0.317894563342
0.369720264028,0.0354254315267,0.530780617364,0.0640736870818
0.252675947474,0.303719313863,0.0322088405748,0.411395898089
0.148763738094,0.422777463301,0.339173432336,0.0892853662691
0.186287326941,0.064108269668,0.437559077887,0.312045325503
0.317114436902,0.287770414222,0.0119079684964,0.38320718038
0.328030641575,0.458161611386,0.144890180602,0.0689175664368
0.213918896246,0.320332968863,0.375922712567,0.0898254223235
0.301174896671,0.0287716362145,0.54496135801,0.125092109104
0.255001325616,0.237021322725,0.42950330722,0.0784740444392
0.0966977432748,0.0435992337051,0.304915886063,0.554787136957
0.319815667761,0.208840230743,0.194936183286,0.276407918209
0.240617498398,0.324748269323,0.165933588755,0.268700643523
0.182948106137,0.293680045112,0.302711953736,0.220659895015
0.23644702868,0.277249634406,0.239615684833,0.246687652081
0.458963918639,0.323839408472,0.125150975132,0.0920456977568
0.0144747037796,0.37975628844,0.405366791546,0.200402216234
0.236972740424,0.413883159863,0.0775774918626,0.27156660785
0.210894661479,0.246239347152,0.355920290898,0.18694570047
0.0510232103612,0.303712319834,0.339999649141,0.305264820664
0.223222524002,0.179035855393,0.0858996705385,0.511841950067
0.294299098683,0.178459059332,0.326785182182,0.200456659803
0.243389739764,0.164106135964,0.366879132877,0.225624991395
0.170704663994,0.524796901588,0.230856134151,0.073642300267
0.353672040229,0.355783313213,0.0206282565055,0.269916390052
0.195519862202,0.226145571805,0.367493754033,0.21084081196
0.357162597409,0.345559171548,0.151271948747,0.146006282297