0.378727390734,0.410827318485,0.0637374287069,0.146707862074
0.0613937815811,0.333204296772,0.270647579479,0.334754342168
0.179716934194,0.448081956601,0.328095201382,0.0441059078226
0.194761085128,0.231681307166,0.538301167048,0.0352564406578
0.279809114058,0.238073263924,0.318553632553,0.163563989466
0.445943164882,0.087974195096,0.0379782915704,0.428104348451
0.247849285468,0.077304227382,0.323284886351,0.351561600799
0.146575684916,0.354943741743,0.145618742788,0.352861830553
0.298947907811,0.242819212093,0.367869134467,0.0903637456296
0.160381341401,0.499907782267,0.263583880231,0.0761269961006
0.0262652464524,0.138674202617,0.398015775332,0.437044775598
0.349763267933,0.201428997613,0.0743770488016,0.374430685653
0.433137903873,0.0326538701639,0.385824147343,0.14838407862
0.292825486196,0.0660892929158,0.326506529211,0.314578691678
0.553662576623,0.0851299561836,0.267857469427,0.0933499977665
0.222223174109,0.30200954896,0.169399529059,0.306367747872
0.291880874451,0.0816111253157,0.327634361618,0.298873638615
0.348113639304,0.476659265174,0.0738946309898,0.101332464532
0.0897676049397,0.355028911649,0.350954741621,0.204248741791
0.199753205244,0.345294939302,0.351051126008,0.103900729447
0.217786846676,0.0849717267132,0.461586909001,0.23565451761
0.451412748348,0.227351978485,0.20851072069,0.112724552477
0.284861342843,0.153969501435,0.111525160043,0.449643995679
0.158722551701,0.437188048805,0.262694829703,0.141394569792
0.237509963099,0.255492152841,0.19289255073,0.31410533333
0.495513532898,0.106691497167,0.193896555757,0.203898414178
0.256626813254,0.360924023443,0.2963420602,0.0861071031034
0.107644922893,0.423150478058,0.106374498087,0.362830100961
0.0554753245574,0.105649364551,0.835584625344,0.00329068554842
0.206709489317,0.227332339207,0.280126281842,0.285831889634
0.321335591679,0.273785358776,0.137842046293,0.267037003251
0.067483590824,0.344260155947,0.329649044469,0.25860720876
0.142982459186,0.194187100503,0.266045705519,0.396784734792
0.259793550319,0.298279964165,0.132223021537,0.309703463979
0.228209583916,0.0690003122416,0.427575946909,0.275214156933
0.278329572779,0.415235986057,0.207109651702,0.0993247894619
0.142925956074,0.290460187402,0.267753952121,0.298859904402
0.468092604102,0.166279081025,0.0529946079233,0.31263370695
0.0182645695743,0.235199589481,0.518310337206,0.228225503739
0.242075557995,0.291814496328,0.138811673934,0.327298271744
0.63906202827,0.0101113779159,0.213019213173,0.137807380641
0.277929780372,0.28399016231,0.310647073965,0.127432983353
0.337588963622,0.287745513126,0.304371429489,0.0702940937624
0.040314669461,0.669371743693,0.273224843933,0.0170887429127
0.386797481046,0.167125607689,0.36240669081,0.083670220455
0.218629313005,0.327215323827,0.206668599692,0.247486763476
0.140694673972,0.113938996494,0.293104517351,0.452261812183
0.261402146367,0.293159745114,0.233256087091,0.212182021428
0.0130993608642,0.170398337156,0.353630602954,0.462871699026
0.163925727154,0.294874546964,0.195703980058,0.345495745825
0.220535065448,0.570308755174,0.0348415630417,0.174314616336
0.399335269019,0.133011647261,0.291288935239,0.176364148481
0.148650164433,0.13816469838,0.34283743342,0.370347703767
0.0332437685747,0.0886259557049,0.445342153096,0.432788122624
0.133212313647,0.199644089841,0.425514270302,0.24162932621
0.0409375535584,0.15253173551,0.386333810963,0.420196899969
0.357364707847,0.307464680616,0.0980760603378,0.2370945512
0.236415667529,0.318914250224,0.308070825731,0.136599256515
0.151654380472,0.401334620893,0.167210601711,0.279800396925
0.370750120119,0.3159819777,0.0423623993369,0.270905502845
0.380133215265,0.34252344695,0.0518594955154,0.225483842269
0.392442426837,0.29806510608,0.179102777992,0.130389689092
0.373207348946,0.155799160504,0.0377294685145,0.433264022036
0.15041744856,0.323537237315,0.246661253825,0.279384060301
0.144421909358,0.124346068793,0.362148935804,0.369083086044
0.285649513877,0.345125091896,0.330943822939,0.0382815712885
0.192862890243,0.132312727161,0.344697921239,0.330126461357
0.161864008182,0.241111729006,0.191609154312,0.405415108501
0.262637582249,0.213230656386,0.0270472774772,0.497084483888
0.359582407869,0.0415070904431,0.394905396976,0.204005104712
0.363644508107,0.35867224299,0.257590929901,0.0200923190024
0.243350824418,0.267459370991,0.427329760982,0.0618600436085
0.232300183699,0.203952618305,0.248091075791,0.315656122204
0.234971861439,0.295175726463,0.158568891312,0.311283520787
0.211463420867,0.592698774197,0.105926812925,0.0899109920103
0.43732754754,0.124646145886,0.18211796283,0.255908343743
0.130793956052,0.255725589092,0.222661697925,0.390818756931
0.0916774266874,0.493345771151,0.182775769665,0.232201032497
0.387759041395,0.0131707153636,0.150482167569,0.448588075672
0.458558514203,0.0232434781504,0.042949003172,0.475249004475
0.159127182349,0.331525996292,0.120098131901,0.389248689458
0.345860749561,0.219725910504,0.106430394016,0.327982945918
0.205123897681,0.443717407163,0.187851638973,0.163307056184
0.129808260078,0.462222069251,0.33554634687,0.0724233238021
0.0288081604025,0.0755828908088,0.368916357737,0.526692591052
0.413402028853,0.264598324245,0.251441491831,0.0705581550712
0.463043874992,0.0457015052399,0.231499610291,0.259755009477
0.0395800935219,0.0365194628,0.578573245322,0.345327198356
0.461961833051,0.157670061063,0.00124644616693,0.379121659719
0.320245225156,0.377499309898,0.0467897358159,0.25546572913
0.29875127292,0.0670624972865,0.0207426081307,0.613443621663
0.169200136896,0.394313536168,0.23340078795,0.203085538986
0.0484880136504,0.482955676415,0.0983291865593,0.370227123375
0.153392573061,0.265198760581,0.310531869855,0.270876796503
0.225655906139,0.240277167534,0.247755408176,0.286311518151
0.237314756521,0.526416970672,0.171878543344,0.0643897294625
0.0511162623183,0.43740806797,0.312867062913,0.198608606798
0.275073266164,0.13644631551,0.364026490421,0.224453927904
0.0888536722438,0.533224984901,0.374821821454,0.00309952140136
0.335711212144,0.0917286690459,0.211162761961,0.361397356849
0.333425169997,0.225047590845,0.325866292574,0.115660946584
0.115553365834,0.317411639404,0.257478826593,0.309556168169
0.258477765818,0.06249391916,0.638189736507,0.0408385785146
0.266278907851,0.251336308983,0.263046324176,0.21933845899
0.190159749497,0.234835255792,0.264093128346,0.310911866365
0.0733322266372,0.416765326548,0.278424380997,0.231478065818
0.00140995783148,0.379617933619,0.373886544772,0.245085563777
0.258163264033,0.364152805939,0.326686012017,0.0509979180118
0.461365161722,0.0409629236094,0.0406950759511,0.456976838717
0.00333795048638,0.345932014011,0.375852189349,0.274877846153
0.379142186862,0.208304277541,0.141392499865,0.271161035732
0.373988139073,0.0270693202958,0.145376571789,0.453565968842
0.462456519455,0.458979185919,0.074441987339,0.0041223072876
0.235539250305,0.328638344243,0.311650962132,0.12417144332
0.0363961502742,0.151472246657,0.108941077267,0.703190525801
0.485632361487,0.0665646168092,0.438382324582,0.00942069712125
0.328065715345,0.177079708312,0.150624650847,0.344229925496
0.245955052018,0.209495770624,0.327960749981,0.216588427377
0.218226554646,0.20544775201,0.0216634868766,0.554662206467
0.339697008679,0.108645748283,0.547775016155,0.00388222688243
0.254956407412,0.477571937849,0.0591075920907,0.208364062648
0.412722304902,0.159042368882,0.172219594328,0.256015731889
0.232076215198,0.188785841582,0.445739158551,0.133398784669
0.338752453459,0.202663301665,0.224618489291,0.233965755585
0.241710216784,0.366952699437,0.0258139835876,0.365523100191
0.38756769315,0.0621186271287,0.449423491741,0.100890187981
0.167307641033,0.369551478435,0.343554890006,0.119585990525
0.29013075751,0.131867431552,0.246646747034,0.331355063905
0.298505140377,0.132599426044,0.277257657367,0.291637776212
0.265110847646,0.196099474148,0.298385844412,0.240403833793
0.275917345664,0.105292091123,0.226366090918,0.392424472296
0.528436079218,0.000911457388722,0.0922836463925,0.378368817001
0.219986080788,0.0792947981435,0.32292649837,0.377792622699
0.203016737793,0.458339890442,0.128808064374,0.20983530739
0.726699302198,0.116503152486,0.15221249949,0.00458504582565
0.10687013222,0.150601832308,0.432312066453,0.310215969019
0.212005488674,0.16454989209,0.168679614239,0.454765004997
0.259018962701,0.190416356833,0.268029791837,0.282534888629
0.112740229802,0.522178696732,0.104488969137,0.260592104328
0.350579451243,0.0161924053388,0.311261289951,0.321966853468
0.074928052571,0.398131764213,0.16864278638,0.358297396836
0.338570436501,0.119812795472,0.336248395746,0.205368372281
0.140697725982,0.266347136448,0.131121917165,0.461833220405
0.34367388854,0.250979575426,0.340504819156,0.0648417168776
0.27085240241,0.375070809147,0.0472553585088,0.306821429935
0.169079285055,0.510496221695,0.249093527467,0.0713309657825
0.172291344931,0.00188446500512,0.807667224253,0.0181569658106
0.333113259662,0.175374555653,0.331404136025,0.16010804866
0.277380709223,0.274412295531,0.220298270053,0.227908725193
0.0935047608461,0.646984203392,0.15461849289,0.104892542872
0.0741782801981,0.128679763632,0.384603495947,0.412538460223
0.0857643710735,0.208002483006,0.284229149634,0.422003996287
0.495213911859,0.141463766869,0.356690927676,0.00663139359548
0.487682769184,0.0755756810778,0.0260656856213,0.410675864117
0.141172071358,0.25871717771,0.314048084382,0.28606266655
0.260935707095,0.214424409761,0.189631698564,0.33500818458
0.482797988836,0.143369054055,0.246390659376,0.127442297733
0.0810204667118,0.119435882534,0.260776680396,0.538766970358
0.419695745904,0.436461671074,0.0225559856135,0.121286597408
0.333417703892,0.375386355674,0.0786200196341,0.2125759208
0.277822067576,0.0520084953103,0.376565421704,0.29360401541
0.263903995716,0.120316036346,0.343828197858,0.27195177008
0.163415331732,0.241153094044,0.411726264343,0.183705309881
0.225153279061,0.348653780736,0.200944073675,0.225248866528
0.310673900763,0.261078729379,0.335350227864,0.0928971419951
0.312026857254,0.347760988956,0.283787821969,0.0564243318209
0.362568144397,0.101031793507,0.346250497639,0.190149564457
0.190736226053,0.296816488641,0.415555925328,0.0968913599786
0.0809928732167,0.319720761859,0.342761560526,0.256524804398
0.402006139251,0.262727252459,0.259068459127,0.0761981491637
0.22274100135,0.484492794655,0.075390714812,0.217375489183
0.201700048298,0.235674558651,0.236083056761,0.32654233629
0.217806431644,0.287240516934,0.287761489506,0.207191561917
0.481359996272,0.260975039897,0.154641483758,0.103023480073
0.50559831949,0.115384854466,0.208917294067,0.170099531976
0.301072343722,0.256667261959,0.107017783731,0.335242610589
0.176508106574,0.161980469261,0.306552255787,0.354959168379
0.351459860569,0.256650100298,0.170493808115,0.221396231018
0.379672004673,0.260009032142,0.0423810278926,0.317937935292
0.0695071011743,0.676842200058,0.146376037228,0.107274661539
0.382052686715,0.252033577047,0.176751362317,0.189162373921
0.0864042112372,0.240340209433,0.614152162259,0.0591034170715
0.262445069383,0.265444073764,0.283034293231,0.189076563623
0.0410537823246,0.405429315839,0.207134861716,0.34638204012
0.0798049062513,0.194466673713,0.284088836962,0.441639583073
0.189148143208,0.281745013327,0.441968498755,0.08713834471
0.100783010821,0.107821715382,0.00328651532717,0.78810875847
0.218757359042,0.229281459271,0.31563492731,0.236326254376
0.405017581272,0.104611792826,0.131281842744,0.359088783158
0.188382141491,0.462196829384,0.285509354938,0.0639116741873
0.292260001535,0.309978849114,0.159617108784,0.238144040566
0.0765206160727,0.388974371093,0.391890171886,0.142614840948
0.0907601081087,0.409121749945,0.369303929506,0.130814212441
0.0768938231813,0.17586639172,0.343533353561,0.403706431538
0.149236108113,0.185518223303,0.317678219052,0.347567449532
0.317011966847,0.225365694955,0.27782438655,0.179797951648
0.358244759705,0.323587414875,0.0126402911144,0.305527534306
0.337149334669,0.127745848451,0.217974987381,0.317129829498
0.121969164265,0.288102749877,0.267620411936,0.322307673921
0.0401600538181,0.346030329378,0.385327200489,0.228482416315