0.140408648506,0.00745600839647,0.53560751286,0.316527830237
0.0967812394408,0.0972005540973,0.577325930425,0.228692276037
0.16316404114,0.285070247016,0.0393373515804,0.512428360264
0.397023480026,0.368866077165,0.231739965,0.0023704778079
0.279954650875,0.242033822489,0.193905812092,0.284105714544
0.0750020545903,0.415153591888,0.405419651819,0.104424701702
0.482983509784,0.00797371155407,0.324282540354,0.184760238309
0.319952791781,0.255487445251,0.222480223584,0.202079539384
0.344424214793,0.221588222255,0.275713070167,0.158274492785
0.367183300006,0.433599418677,0.0785027343172,0.120714547
0.251361472128,0.312392736299,0.0742232762373,0.362022515336
0.319426402014,0.204476352908,0.364670134345,0.111427110733
0.245325506808,0.184606431142,0.0980740004365,0.471994061613
0.326010080562,0.106207995278,0.106368121417,0.461413802743
0.155301997959,0.133849410872,0.170322610573,0.540525980597
0.36471623485,0.239901810882,0.0502508741952,0.345131080073
0.198376229641,0.340937799331,0.189895168619,0.27079080241
0.32057375249,0.196388021818,0.28139239578,0.201645829913
0.280251197805,0.148392876847,0.0797936350572,0.491562290291
0.233622786662,0.114792145762,0.298401001513,0.353184066064
0.150523461619,0.0458320809697,0.305841254955,0.497803202456
0.0416337484289,0.209823911512,0.650340071585,0.0982022684746
0.324531676854,0.294926977657,0.270662166693,0.109879178797
0.423061910718,0.0168526108823,0.0967201606988,0.463365317701
0.278697359409,0.0923160083735,0.132293660398,0.496692971819
0.0292383058541,0.320638263437,0.387424238105,0.262699192604
0.152927366419,0.513712811008,0.00967563130292,0.32368419127
0.536772426927,0.0683969703361,0.356088884232,0.0387417185054
0.0914861508681,0.432889101109,0.335683063355,0.139941684668
0.236029764737,0.28116216244,0.285514512355,0.197293560468
0.0025758355588,0.479509770283,0.31370493001,0.204209464149
0.189284744019,0.285071290305,0.0204445342118,0.505199431465
0.290794507147,0.047301480574,0.296808133182,0.365095879096
0.479174389528,0.0246569860721,0.454338552171,0.0418300722288
0.278925568272,0.274381708294,0.216072374055,0.230620349378
0.231697015668,0.236113859204,0.265271193682,0.266917931446
0.369103217391,0.243421146993,0.343373101397,0.0441025342192
0.471606910463,0.303888657743,0.20432236771,0.0201820640843
0.100745200517,0.0624729703742,0.614841348138,0.221940480971
0.20152911737,0.455534943004,0.229465610812,0.113470328815
0.197155358163,0.264085957337,0.50673708352,0.0320216009797
0.103191805571,0.268107367316,0.493110905034,0.13558992208
0.319328310723,0.0662008796512,0.547047299028,0.0674235105979
0.356704370211,0.154977623674,0.264127808691,0.224190197424
0.344906507264,0.221102472699,0.115341288339,0.318649731698
0.174461424361,0.322862951252,0.131428470163,0.371247154224
0.0451792296413,0.265970648032,0.339418627608,0.349431494719
0.409996491703,0.301784862365,0.245319024284,0.0428996216475
0.149608025555,0.56320257268,0.100682912779,0.186506488986
0.395368004989,0.0812575589813,0.234155211839,0.28921922419
0.669807211251,0.158472201816,0.0565944521427,0.11512613479
0.317493188538,0.283899368622,0.162432580036,0.236174862805
0.034281512656,0.306449023596,0.391369674193,0.267899789554
0.184079646646,0.354664895995,0.277589020315,0.183666437043
0.116475064839,0.488718286717,0.307702447664,0.0871042007804
0.312392311237,0.193718021829,0.103049006884,0.390840660049
0.323120184166,0.243733403387,0.305170124235,0.127976288212
0.222806837182,0.234396696144,0.309230731398,0.233565735276
0.208136688551,0.206601662883,0.316934049108,0.268327599458
0.01903687717,0.200547909829,0.345093202723,0.435322010278
0.317366274045,0.179962924497,0.190931090375,0.311739711082
0.417366466413,0.276609999373,0.139815908917,0.166207625297
0.253632663003,0.302865804042,0.320919025805,0.122582507149
0.11923028608,0.430947764014,0.0349025349184,0.414919414987
0.196442978534,0.221042672548,0.522576986828,0.0599373620905
0.266773275812,0.266612745989,0.243799475066,0.222814503133
0.246169428526,0.157931911729,0.323500364569,0.272398295176
0.482817142311,0.155794070497,0.294410373205,0.0669784139869
0.20895812705,0.348384599678,0.333558240997,0.109099032276
0.34650140185,0.0309460365131,0.235416424239,0.387136137398
0.268144749765,0.171296695832,0.318862182785,0.241696371618
0.441317343661,0.420622404572,0.0916461396039,0.0464141121632
0.357655294697,0.373651221244,0.193301351448,0.0753921326105
0.0534895652435,0.329732148711,0.3011641061,0.315614179946
0.260625445406,0.228640379539,0.260115406919,0.250618768137
0.181684767988,0.441598089786,0.0261684958369,0.350548646389
0.170142078804,0.377034709947,0.146498990876,0.306324220374
0.342761415323,0.100946769395,0.362119575906,0.194172239376
0.36858378744,0.0687712496359,0.210452568106,0.352192394818
0.314745033552,0.234967437354,0.177505095825,0.272782433269
0.103288887984,0.398973960274,0.289088982513,0.208648169229
0.318565147855,0.140572707576,0.19986736947,0.3409947751
0.293860864676,0.180904404993,0.291981223696,0.233253506635
0.242413441906,0.39625386702,0.191796538981,0.169536152093
0.37708215968,0.0368725640666,0.464283030682,0.121762245572
0.100409925872,0.31293840992,0.449969006096,0.136682658112
0.356684973628,0.166008560958,0.136528433972,0.340778031442
0.218185188649,0.0573954488334,0.407147069226,0.317272293291
0.365406251931,0.301298363666,0.0655163851988,0.267778999204
0.39431914261,0.208048556789,0.320632450798,0.0769998498028
0.207132972912,0.182988589818,0.313449193738,0.296429243531
0.0350512044816,0.475715048695,0.0749270134573,0.414306733366
0.253257970163,0.403407780752,0.229978244917,0.113356004168
0.293961204369,0.171625831517,0.234605495507,0.299807468607
0.375460181795,0.301157764094,0.184994926724,0.138387127387
0.0128900836721,0.235857711745,0.0136430427642,0.737609161819
0.12638162488,0.303079962159,0.148837967022,0.421700445939
0.19741409167,0.283615976358,0.294061450208,0.224908481764
0.304604202416,0.168255462426,0.454500634913,0.0726397002451
0.113451201185,0.151359939269,0.477726585675,0.257462273871
0.164002160225,0.0590758532551,0.334987344468,0.441934642052
0.168279753493,0.151450109705,0.295959867589,0.384310269213
0.336439199278,0.277897198437,0.0650442390704,0.320619363215
0.305325769594,0.278333766525,0.321017111747,0.095323352133
0.363055698848,0.206900357697,0.0972343801063,0.332809563348
0.30042459251,0.116785419491,0.39194686875,0.190843119249
0.0214794910412,0.1951152669,0.72541182955,0.0579934125092
0.23328407539,0.151614150046,0.399939383563,0.215162391001
0.0448448332442,0.0461583150898,0.47596377648,0.433033075186
0.032719044846,0.397920146597,0.180909014222,0.388451794335
0.211688633255,0.334624837971,0.287328474429,0.166358054344
0.0738425608618,0.374796663395,0.377154506304,0.174206269438
0.294317751871,0.46246389502,0.110127145331,0.133091207778
0.139922782346,0.191237737796,0.262370083509,0.406469396349
0.0505740784903,0.303652636289,0.510117630235,0.135655654985
0.0402189682076,0.403495641605,0.261114343229,0.295171046958
0.333311494116,0.624315390931,0.0145629968902,0.0278101180625
0.0833864441694,0.391923155644,0.168288415661,0.356401984525
0.122984319994,0.182589470073,0.329066205521,0.365360004412
0.291107668131,0.0676383370457,0.00938094537384,0.631873049449
0.293734541721,0.262428387639,0.122485697745,0.321351372895
0.193373139777,0.161915270153,0.20407347435,0.440638115719
0.206554868811,0.177913581585,0.245162212056,0.370369337548
0.275076120154,0.256237159732,0.362048283164,0.10663843695
0.421138347438,0.184425899989,0.374874840381,0.0195609121913
0.384604098221,0.239711749477,0.196226116403,0.179458035899
0.347963261118,0.122808583336,0.419260340488,0.109967815058
0.224146799333,0.309462102972,0.269417416189,0.196973681506
0.334367160261,0.263682812232,0.313876580312,0.0880734471947
0.457160311146,0.0970772772796,0.0335434740208,0.412218937553
0.0509723468421,0.416201708923,0.372987985926,0.159837958309
0.392813541371,0.121400823476,0.266461731251,0.219323903903
0.251519817318,0.0450813501501,0.182370242079,0.521028590454
0.282707715315,0.480447707715,0.225659150157,0.011185426813
0.152272403479,0.26662527237,0.413030108317,0.168072215834
0.247879962238,0.322500434227,0.289088447739,0.140531155796
0.124304824188,0.0958190174033,0.59763072203,0.182245436379
0.54806410299,0.0848615291946,0.012688949831,0.354385417985
0.301571181882,0.172463165244,0.149305469493,0.376660183381
0.342473394864,0.220248224032,0.233244350417,0.204034030688
0.305645768862,0.0440745494215,0.424338055411,0.225941626305
0.173668774887,0.344777753206,0.27966643844,0.201887033467
0.451885492837,0.196032180066,0.233061751175,0.119020575922
0.00503436937946,0.477199194807,0.0661884657169,0.451577970097
0.1406226763,0.157824882725,0.29531551227,0.406236928705
0.30268408101,0.280242437899,0.27017822122,0.146895259871
0.482893409097,0.478909664183,0.0172620750526,0.020934851668
0.0163581090736,0.0350274217773,0.477552034715,0.471062434434
0.206242417539,0.341404826965,0.186060031419,0.266292724077
0.204291424534,0.238966660535,0.369795832,0.186946082931
0.113857680999,0.0295904415763,0.573795420798,0.282756456626
0.238106390366,0.334048020514,0.362704504065,0.0651410850545
0.416948519556,0.190416330455,0.0937024525118,0.298932697477
0.220122076621,0.0471833690574,0.564282848712,0.16841170561
0.215701919533,0.142997461971,0.29987186635,0.341428752146
0.225545742257,0.389564617815,0.149975194763,0.234914445165
0.358437456204,0.0307115438789,0.403233515171,0.207617484745
0.325209829229,0.206756717983,0.275693891498,0.192339561291
0.0892970608268,0.410478205601,0.39456446565,0.105660267922
0.00902449344328,0.433538608247,0.184485538143,0.372951360166
0.452551591653,0.174948633196,0.0224759052583,0.350023869892
0.450101000148,0.159150082287,0.083567040771,0.307181876793
0.438738772713,0.033383177157,0.214737185962,0.313140864169
0.226857340387,0.229007625253,0.212147936725,0.331987097636
0.326863960276,0.30958010667,0.2712855953,0.0922703377545
0.293564525758,0.463137328862,0.0808215606551,0.162476584725
0.233284363938,0.256525619926,0.258885110044,0.251304906092
0.518798873678,0.0297934651618,0.072224238454,0.379183422706
0.0342961766255,0.544741870601,0.410310126107,0.010651826666
0.161320734627,0.35659326281,0.379738874432,0.102347128131
0.31276668745,0.150940159914,0.0343321700977,0.501960982538
0.267069041163,0.121448066207,0.22127951566,0.390203376969
0.293577419642,0.273564076607,0.399196207121,0.0336622966299
0.203112935181,0.14605336544,0.200276173081,0.450557526299
0.212889593158,0.531911539524,0.109193058543,0.146005808775
0.238028570493,0.317568223528,0.325077957763,0.119325248215
0.400612477176,0.204886168664,0.113475939327,0.281025414833
0.179820821631,0.25652108061,0.262369119839,0.30128897792
0.126202793231,0.16246843085,0.322180693314,0.389148082605
0.302904232766,0.212018927609,0.219932920363,0.265143919262
0.238982987643,0.325938249655,0.0491706787896,0.385908083913
0.31434698242,0.292074946594,0.334682711341,0.0588953596448
0.21463197161,0.323474694864,0.31887086177,0.143022471756
0.517470730573,0.292786625562,0.175691340224,0.0140513036403
0.500664863727,0.0792385166854,0.362424915228,0.0576717043601
0.178927643486,0.313545916364,0.262344733214,0.245181706935
0.32974909944,0.022288227594,0.107852620765,0.540110052201
0.357645847387,0.183866423151,0.282427025103,0.176060704359
0.256268897142,0.0781918734673,0.135742602786,0.529796626605
0.218490216879,0.554460662415,0.183894131366,0.0431549893404
0.31816667193,0.122272971477,0.210134752105,0.349425604488
0.056834479008,0.361857049422,0.4950427535,0.0862657180702
0.296873540522,0.38064196005,0.182596310513,0.139888188915
0.388407588011,0.0658647459032,0.32364461064,0.222083055446
0.123328760197,0.233601644641,0.349684006952,0.29338558821
0.101308333578,0.0528927227378,0.262685986036,0.583112957649
0.368444093039,0.376078122014,0.10195323114,0.153524553806
0.229378590071,0.301381228893,0.170524767805,0.298715413231
0.190869631901,0.0886742481734,0.419264368127,0.301191751799
0.025566719492,0.0262640898639,0.477678641824,0.47049054882