0.234949666442,0.238520771168,0.23478639543,0.29174316696
0.54291977564,0.00302675951982,0.367443632283,0.086609832558
0.318901938012,0.277392048137,0.315575427396,0.0881305864544
0.617574005813,0.0303642831627,0.0248055157112,0.327256195313
0.320890568008,0.0591950280648,0.314972726392,0.304941677535
0.312376872831,0.276630429288,0.382863802131,0.0281288957494
0.278507217092,0.141772071303,0.350817239524,0.228903472081
0.361791388644,0.279067131107,0.333753806514,0.0253876737353
0.297005285853,0.404107028507,0.0318557108286,0.267031974812
0.236781616752,0.125160846497,0.221869204835,0.416188331916
0.20796033133,0.299062330081,0.341560534544,0.151416804045
0.438892673889,0.028366312522,0.0360972845407,0.496643729048
0.563658214249,0.288301878096,0.142760548252,0.00527935940282
0.0961807629564,0.341177122354,0.429763671337,0.132878443353
0.116866063168,0.349973562903,0.332502770583,0.200657603346
0.00759134819011,0.376380115659,0.383217602852,0.232810933299
0.338701413611,0.473915639111,0.0328183651497,0.154564582128
0.201569972471,0.551574747269,0.0620884333535,0.184766846907
0.152479423911,0.174011630722,0.154422010982,0.519086934386
0.0127140344298,0.333550983622,0.0593596283898,0.594375353558
0.375863711638,0.0723227206569,0.191741569041,0.360071998664
0.392409853222,0.229078222922,0.153526007129,0.224985916727
0.428532231424,0.18748495172,0.0986505923512,0.285332224505
0.329325516447,0.0178438920787,0.364173692551,0.288656898924
0.306329878659,0.139111293236,0.384017930725,0.170540897381
0.611212638107,0.0592074264585,0.091753275065,0.237826660369
0.203010052563,0.0927830792857,0.350744589014,0.353462279137
0.0357113573464,0.426300134402,0.245103494603,0.292885013648
0.327230575893,0.271328772281,0.243706731985,0.157733919841
0.302851754288,0.324266773039,0.321200529431,0.0516809432421
0.30319723216,0.166891825723,0.309433886139,0.220477055978
0.279835205507,0.314180132703,0.182941964058,0.223042697732
0.179186062509,0.199118281103,0.35659698211,0.265098674278
0.179059897525,0.0330157398528,0.505322309184,0.282602053439
0.147722127226,0.293315875667,0.0119294297112,0.547032567396
0.335803407414,0.265275508757,0.323085741497,0.0758353423309
0.126308106803,0.317981149031,0.345087008872,0.210623735294
0.333368301846,0.294078448673,0.102209675644,0.270343573836
0.194377632915,0.328173427282,0.432201745659,0.0452471941438
0.315198555586,0.114353188829,0.190046432805,0.38040182278
0.188482849712,0.346423958523,0.326258835112,0.138834356653
0.263095513299,0.167503768754,0.0744826974469,0.4949180205
0.0748667675978,0.202678822462,0.214974789158,0.507479620783
0.301701357015,0.262966445156,0.137393912911,0.297938284918
0.00336701556007,0.272414834459,0.497373326788,0.226844823192
0.690330019831,0.092767337968,0.0877331633609,0.12916947884
0.31829612073,0.263364633856,0.282153459637,0.136185785777
0.273975657065,0.226612259463,0.180725217608,0.318686865865
0.311796064084,0.370028929332,0.00603150275515,0.312143503829
0.250778580646,0.268066403291,0.254172595761,0.226982420303
0.343521679506,0.34836850847,0.306440605278,0.00166920674512
0.325466631886,0.179764477031,0.128321012059,0.366447879024
0.311264348406,0.0825975250572,0.354593696816,0.25154442972
0.0703860415586,0.37421006425,0.132589724492,0.4228141697
0.0430644332827,0.449353160799,0.419501044915,0.0880813610033
0.172815746405,0.355384509799,0.316708741899,0.155091001897
0.288904223652,0.268005486744,0.301140556998,0.141949732606
0.481632570389,0.126828290776,0.373590310477,0.0179488283578
0.505641433657,0.13708566284,0.326047006688,0.0312258968147
0.278933340899,0.29466613331,0.158674777073,0.267725748719
0.394810242517,0.149358816682,0.260447019761,0.195383921041
0.112657029549,0.084060129335,0.382092243305,0.421190597811
0.267133213083,0.297790544481,0.328120723097,0.106955519338
0.0888072248608,0.327813192612,0.478903739228,0.104475843299
0.257600413547,0.505659874478,0.0134676929084,0.223272019066
0.245376738104,0.233240050857,0.3138197914,0.207563419639
0.314394667564,0.184827928445,0.21354551863,0.287231885361
0.505062932511,0.103966093517,0.108984960132,0.281986013839
0.3749856691,0.0506301614483,0.315857179156,0.258526990295
0.291393751169,0.213375895683,0.266019820986,0.229210532163
0.283696371481,0.182276409883,0.221355046555,0.312672172081
0.300790566125,0.4700204896,0.0726110071386,0.156577937136
0.349974007816,0.0726386754521,0.43916607017,0.138221246562
0.243086594774,0.204087578682,0.392528440413,0.160297386131
0.248920178371,0.300071407769,0.386475051072,0.0645333627874
0.376462946557,0.206940709718,0.201376710262,0.215219633463
0.153742505332,0.272794701057,0.209988729934,0.363474063677
0.166288545406,0.427833779341,0.18090166122,0.224976014033
0.491412193742,0.236476222143,0.263570216407,0.00854136770786
0.143107398144,0.295782222522,0.0388367597418,0.522273619592
0.34545568941,0.260377529145,0.0280257461816,0.366141035263
0.0521244183649,0.288493301645,0.404667075361,0.25471520463
0.520562982041,0.037072558925,0.0769096280768,0.365454830957
0.489598411152,0.0921249872944,0.0548255259914,0.363451075562
0.0534619595979,0.271124903774,0.228101433314,0.447311703315
0.0735330922985,0.313937818217,0.270893653877,0.341635435608
0.108100741868,0.388043413272,0.378090393449,0.125765451411
0.218010816454,0.215504973081,0.257560914914,0.30892329555
0.0912485675684,0.0885055297129,0.550476180469,0.269769722249
0.371272350912,0.263019735441,0.137818252625,0.227889661022
0.155951573107,0.386676005518,0.408896800982,0.0484756203928
0.00745226218176,0.671805624109,0.018615989146,0.302126124563
0.422344919315,0.325281700254,0.095928502181,0.15644487825
0.428238649735,0.204438887294,0.261497461611,0.105825001359
0.149749686118,0.151913719139,0.396494005442,0.301842589302
0.128473938229,0.320945674838,0.278386391412,0.272193995522
0.0159556439913,0.524265447826,0.439512871827,0.0202660363562
0.354425847407,0.448051192591,0.18422440705,0.0132985529519
0.173106433347,0.543993368533,0.00354878897722,0.279351409143
0.306709139285,0.413963922612,0.138062943312,0.141263994791
0.220857570935,0.236322425883,0.498014416379,0.0448055868023
0.496346228817,0.0726514567857,0.391759660093,0.0392426543045
0.336703259533,0.0269806319197,0.49865793971,0.137658168837
0.246689535091,0.261508147237,0.162029847829,0.329772469843
0.36626644728,0.174670964079,0.226844074722,0.232218513919
0.284453274313,0.137485535434,0.156394050085,0.421667140168
0.441301914481,0.0695171000233,0.051490918084,0.437690067411
0.378240887969,0.207527173014,0.00216173464083,0.412070204376
0.122421261753,0.492518867859,0.194718150327,0.190341720061
0.341725774337,0.281812102572,0.0169891529489,0.359472970142
0.389964296763,0.153545183446,0.20774318107,0.248747338721
0.337514405234,0.338932126064,0.114238479701,0.209314989
0.649884800644,0.0365115589075,0.118117516999,0.19548612345
0.0511265133671,0.4534728037,0.227674338781,0.267726344152
0.356204010007,0.0875712523345,0.130205009826,0.426019727832
0.162684236211,0.0143602345754,0.800794307128,0.0221612220856
0.43015519157,0.0782234311431,0.370793833323,0.120827543964
0.287710661253,0.453889100233,0.160684569908,0.0977156686058
0.153418168762,0.330794629912,0.463151271329,0.0526359299966
0.175793374203,0.123783505339,0.347074494315,0.353348626144
0.121933805326,0.117193989638,0.40788642264,0.352985782396
0.258469144564,0.310210240656,0.34024471435,0.0910759004303
0.00877812930974,0.368305690773,0.39218008416,0.230736095757
0.32456131308,0.425452272818,0.0940481850731,0.155938229028
0.378966298151,0.129302296832,0.341102502478,0.150628902538
0.255474404116,0.328543541577,0.18589919378,0.230082860527
0.358867662559,0.00343168411041,0.310382326586,0.327318326745
0.119718584442,0.0684617342017,0.57639569528,0.235423986076
0.283844933909,0.387556109431,0.184218878114,0.144380078546
0.392722697695,0.474801602794,0.0439009303485,0.0885747691626
0.21958394006,0.495635757798,0.0516011899731,0.23317911217
0.168104018168,0.29445354331,0.282868233101,0.254574205421
0.305498181045,0.344361064858,0.0824275321988,0.267713221898
0.195329914058,0.366574718642,0.00664784759407,0.431447519706
0.335883656925,0.191543595682,0.319668342751,0.152904404642
0.289253511675,0.291760061074,0.293563649026,0.125422778225
0.124264829124,0.394293855031,0.251206382069,0.230234933777
0.491032192252,0.281668276836,0.138287139043,0.0890123918688
0.234100754341,0.113075542468,0.362888026712,0.289935676479
0.200070917813,0.268034060681,0.315609727213,0.216285294293
0.441188436521,0.220860454584,0.154602386444,0.183348722451
0.329029139798,0.387448959255,0.226345693362,0.0571762075844
0.189638817708,0.291869032521,0.280216684056,0.238275465714
0.203360800277,0.171973188366,0.268295689719,0.356370321638
0.0406901159438,0.296484990316,0.218431264926,0.444393628815
0.291958261568,0.263957515731,0.305530424976,0.138553797725
0.639819396211,0.0922016355665,0.0102329172093,0.257746051014
0.108448633612,0.55514236199,0.00685163381312,0.329557370585
0.252374703369,0.0685245079603,0.332533245594,0.346567543077
0.041456878185,0.197682443914,0.412873221595,0.347987456306
0.380614612188,0.110187330993,0.265749021846,0.243449034972
0.0625862843684,0.397815250714,0.271044570997,0.268553893921
0.193533318015,0.427007507088,0.302212838932,0.0772463359649
0.369357038771,0.564139413752,0.0081961912822,0.0583073561951
0.323108140028,0.368161935729,0.0715114258232,0.23721849842
0.0985577761375,0.452724745198,0.0143555507996,0.434361927865
0.287472126428,0.103101102434,0.282737600527,0.326689170612
0.20399089494,0.0670223636896,0.405578158935,0.323408582435
0.0708956522953,0.178916505191,0.270339817907,0.479848024607
0.160396353219,0.223571808783,0.37867058984,0.237361248158
0.324637602589,0.199010918195,0.329514133975,0.146837345241
0.213928233037,0.285257098084,0.294188747372,0.206625921507
0.437987798797,0.058773654309,0.0646397708304,0.438598776064
0.221764131172,0.0974715500977,0.240165766271,0.440598552459
0.129798362077,0.297689737752,0.364961052015,0.207550848156
0.532381661406,0.0338001040787,0.292463499808,0.141354734708
0.306785963832,0.300717730846,0.389422629009,0.00307367631286
0.283563745037,0.105081267864,0.307380491453,0.303974495645
0.0994174809573,0.30801250274,0.517308355994,0.0752616603082
0.365062208662,0.279852695751,0.0526360316528,0.302449063934
0.233588967827,0.0107486975239,0.460532594074,0.295129740575
0.496247226797,0.0271527219354,0.0437621256536,0.432837925614
0.283479997064,0.0972104966316,0.31651440023,0.302795106075
0.259590987789,0.0231290283473,0.393301292768,0.323978691096
0.128626488489,0.105991739252,0.393647210856,0.371734561404
0.0187707520995,0.161710649349,0.211800953655,0.607717644897
0.315000282579,0.333502980612,0.0940107990295,0.257485937779
0.104954937908,0.354690033554,0.320212332865,0.220142695673
0.243382560664,0.208211378371,0.134180728427,0.414225332539
0.0548662300853,0.394099758517,0.258234380345,0.292799631052
0.521226538566,0.0461104572512,0.0230670050038,0.409595999179
0.36004501149,0.129484109055,0.450509693845,0.0599611856105
0.196187296296,0.211888071413,0.280094023718,0.311830608573
0.287776905761,0.374846104006,0.168073653528,0.169303336706
0.0218642549616,0.197370060211,0.458732681533,0.322033003294
0.294902101327,0.259207157911,0.174112890654,0.271777850108
0.147661116111,0.367287238351,0.358427439138,0.1266242064
0.410119440673,0.149804049879,0.313828596361,0.126247913087
0.319454395697,0.431540443597,0.0832701354597,0.165735025246
0.470948850937,0.107554297977,0.363889030965,0.0576078201214
0.209437443284,0.217252561853,0.411142981587,0.162167013276
0.206225350246,0.291942160532,0.361651355869,0.140181133353
0.240493284486,0.0616517608458,0.319157881188,0.37869707348
0.407798977432,0.187713256379,0.117038965467,0.287448800722
0.336138672319,0.269464307767,0.127191224398,0.267205795516
0.552125476715,0.0110459163797,0.299649495325,0.13717911158
0.300532349136,0.224916538658,0.358422812227,0.116128299978
0.374852597703,0.337251946243,0.14662330615,0.141272149905
0.516187244205,0.0536198275727,0.112437818216,0.317755110006
0.280714210984,0.0715869601805,0.323897310597,0.323801518238