0.37441448986,0.204438637997,0.383806520343,0.0373403518005
0.341259515785,0.380635054345,0.0926688189921,0.185436610878
0.256945544425,0.183349596902,0.311673441629,0.248031417045
0.250784742088,0.329707949251,0.125080101485,0.294427207175
0.122345735909,0.050219368022,0.3410960947,0.486338801369
0.113215660374,0.224170256404,0.371410357985,0.291203725237
0.383054215088,0.193613529122,0.0673486190128,0.355983636776
0.152077596331,0.0288360232239,0.372945809353,0.446140571092
0.206055424426,0.213968567112,0.24922299882,0.330753009641
0.370569862811,0.161468657326,0.15476754252,0.313193937344
0.135925673344,0.126124507655,0.157659803697,0.580290015304
0.302183912044,0.296027501306,0.193336533007,0.208452053644
0.0520582206406,0.0239089891131,0.554532698008,0.369500092238
0.438131597577,0.116178379309,0.396136132156,0.0495538909581
0.267553605958,0.273848731241,0.405261471897,0.0533361909044
0.0481777296079,0.204019806646,0.702474575543,0.0453278882039
0.181793496489,0.22710895579,0.28880527467,0.302292273051
0.279843906853,0.393310037293,0.209866349335,0.116979706518
0.358890529539,0.116259564093,0.232417713748,0.29243219262
0.649336368365,0.122596916301,0.170835440903,0.0572312744313
0.0355116523202,0.457320502007,0.185779812951,0.321388032721
0.409954047714,0.308377214948,0.191909668525,0.0897590688129
0.296371026835,0.342300152473,0.0113219751066,0.350006845586
0.302021981852,0.194285039269,0.421030379744,0.0826625991355
0.333389716247,0.0903801540841,0.421382076991,0.154848052678
0.136410932742,0.283597144201,0.516149876567,0.0638420464891
0.0147135141876,0.40011170001,0.394118149594,0.191056636208
0.375489997798,0.218702417935,0.143782666069,0.262024918198
0.372213920031,0.0479332851026,0.461746455524,0.118106339343
0.0851387777684,0.170699492526,0.363576162607,0.380585567099
0.00928333588762,0.0224604019183,0.32850563779,0.639750624404
0.113627238114,0.515290073015,0.0809214717479,0.290161217123
0.419029842067,0.19864785399,0.168222492331,0.214099811611
0.305981320392,0.242635459031,0.174613836066,0.276769384511
0.295465089318,0.392826587226,0.0353947599122,0.276313563544
0.375413092156,0.259321538597,0.147007815631,0.218257553616
0.327672054359,0.326133030018,0.293748431599,0.0524464840246
0.393519723881,0.27021392591,0.0206744483431,0.315591901865
0.0322538640614,0.322344531997,0.287327698436,0.358073905506
0.372394130379,0.338966335475,0.112161540136,0.17647799401
0.16640083629,0.287458476828,0.322414103449,0.223726583433
0.26494634135,0.483873062836,0.184144256718,0.067036339097
0.31856177199,0.239996714479,0.323870905712,0.117570607819
0.140344341377,0.511505191074,0.316550276053,0.0316001914958
0.379075925987,0.335388066034,0.129019929333,0.156516078646
0.335891634121,0.0309556744557,0.181576498903,0.451576192521
0.35032932367,0.0919414983015,0.297497910566,0.260231267462
0.341303991856,0.325113297789,0.0529440458677,0.280638664487
0.424997990236,0.181221425856,0.200880361646,0.192900222262
0.245899638304,0.21721580052,0.283758459281,0.253126101895
0.0737970507268,0.0776011826841,0.667274334842,0.181327431747
0.497836197938,0.0689957241941,0.268002045051,0.165166032817
0.173859571959,0.416521997512,0.0951983787157,0.314420051814
0.0613039183216,0.403233685827,0.34816264468,0.187299751171
0.380096795746,0.0427355980494,0.539573371047,0.0375942351572
0.274685123871,0.140901747501,0.453307475631,0.131105652996
0.0415383784306,0.480687546007,0.110568009224,0.367206066339
0.065089220299,0.0129813682903,0.283630797429,0.638298613981
0.152101285288,0.482210485681,0.327038266545,0.0386499624859
0.0914750489558,0.134476393949,0.425889582716,0.348158974379
0.221874133934,0.222331238688,0.235113714899,0.320680912479
0.178474657353,0.0771634676952,0.27415107698,0.470210797972
0.177272107018,0.338844895178,0.344496474422,0.139386523383
0.327933183641,0.0997148220849,0.265270028898,0.307081965376
0.288916080404,0.342281778976,0.163663042592,0.205139098028
0.34745452588,0.00045057881796,0.336321220243,0.31577367506
0.507461874046,0.0787483574961,0.271606295576,0.142183472881
0.103322858673,0.715007548739,0.0877843093456,0.0938852832425
0.0468874720629,0.239676385425,0.365453259838,0.347982882674
0.228070849826,0.363100399605,0.138406595064,0.270422155505
0.228895356151,0.359426146639,0.260749361628,0.150929135582
0.537464712268,0.264151381935,0.182451944527,0.0159319612691
0.116941453739,0.326330757047,0.345935820739,0.210791968475
0.269569018293,0.0247206921937,0.370676932826,0.335033356688
0.205158017947,0.0693665036434,0.245623894142,0.479851584268
0.24086951237,0.260535499584,0.255917512081,0.242677475965
0.246833671877,0.27727835851,0.438003297972,0.0378846716402
0.515974495438,0.0850625139272,0.0144468506727,0.384516139962
0.0817091682847,0.393042592187,0.267302832784,0.257945406744
0.157462591244,0.166912209202,0.522819025986,0.152806173568
0.136213960415,0.387666878899,0.408472937013,0.0676462236717
0.686663236579,0.109189947449,0.141336761817,0.0628100541551
0.173627182049,0.272228310903,0.171240297167,0.382904209882
0.0886907713983,0.042446036503,0.442963738233,0.425899453865
0.139625986234,0.203520284698,0.294087230687,0.362766498381
0.408218764465,0.0350903499185,0.363745562486,0.19294532313
0.316146982594,0.358139947353,0.198083773385,0.127629296669
0.298731389393,0.103741872097,0.391442198386,0.206084540124
0.366012229966,0.38636900611,0.0575116727513,0.190107091172
0.122042468335,0.536998855588,0.0466371179859,0.294321558091
0.429743409347,0.0352294859796,0.465198579753,0.0698285249202
0.246096871829,0.229449549411,0.283436061378,0.241017517382
0.21533859852,0.332096649064,0.0917422054461,0.36082254697
0.144646331437,0.105384140419,0.466890387363,0.283079140782
0.336109589412,0.125935675025,0.377931851934,0.160022883628
0.178622742841,0.19911158448,0.315483135802,0.306782536877
0.266137877654,0.316848836006,0.0818049017522,0.335208384588
0.261948407677,0.295898749357,0.224227222458,0.217925620508
0.121636705731,0.103064001011,0.375023237758,0.4002760555
0.353688415528,0.127226971914,0.381706780231,0.137377832328
0.192085331056,0.491064673692,0.068673115495,0.248176879757
0.260233395636,0.428889236443,0.265565240346,0.045312127576
0.148884903658,0.352150201024,0.37391358283,0.125051312488
0.377728744374,0.306944414853,0.240479828471,0.0748470123019
0.262907888045,0.276900177748,0.257114264405,0.203077669801
0.0586820926609,0.322466946597,0.341067269818,0.277783690923
0.328138986938,0.468018472017,0.177802806732,0.026039734313
0.203488871179,0.51312671111,0.262383482353,0.0210009353584
0.232548401434,0.257021664163,0.19948059244,0.310949341963
0.279463237471,0.0764476038748,0.0660079807085,0.578081177945
0.245249970682,0.136663837448,0.158891208995,0.459194982875
0.378530543496,0.0473349741805,0.225326345037,0.348808137287
0.332314642796,0.30106104637,0.010549441482,0.356074869351
0.362362748065,0.226155551195,0.238155028081,0.173326672658
0.42800348999,0.0270963790367,0.489323321562,0.055576809411
0.176094511697,0.0918990649461,0.341176261232,0.390830162125
0.312967670744,0.236752196859,0.216302334515,0.233977797882
0.53344220787,0.00279976709817,0.181872685968,0.281885339064
0.253249810293,0.303510969111,0.225140650674,0.218098569922
0.362666754219,0.184015396929,0.307834643749,0.145483205103
0.239035735296,0.266171087259,0.199462332188,0.295330845257
0.144569021108,0.251949222801,0.25561172533,0.347870030762
0.00231105476515,0.379266240418,0.14364033723,0.474782367587
0.285363637682,0.391423462982,0.202050676608,0.121162222728
0.388564939878,0.140847749738,0.419060066689,0.0515272436959
0.105809324059,0.239670488501,0.248300033914,0.406220153527
0.351376834729,0.0960980001683,0.374532163187,0.177993001916
0.449561321197,0.119402416988,0.407277347189,0.0237589146261
0.0381127993341,0.286231163848,0.379200255954,0.296455780864
0.25957348554,0.390494560113,0.0520012636984,0.297930690649
0.652732564766,0.0784633094172,0.0211572452817,0.247646880535
0.132047593217,0.374837919338,0.45034845414,0.0427660333052
0.220197337969,0.0385117335279,0.340661749766,0.400629178737
0.174777863202,0.153132893951,0.284516113253,0.387573129595
0.379371811786,0.211994315077,0.361711728748,0.0469221443888
0.0767011645358,0.263494056636,0.245236552678,0.41456822615
0.276791356117,0.153168548383,0.222320578279,0.347719517221
0.150435404784,0.267624316791,0.335224974516,0.246715303909
0.147309963045,0.280454725916,0.411442886224,0.160792424815
0.141306385816,0.352506712696,0.150825064175,0.355361837313
0.244855287606,0.358778436687,0.00424336355272,0.392122912155
0.259016890906,0.398066911041,0.24794216603,0.0949740320231
0.242434622603,0.00319339210322,0.224347275501,0.530024709793
0.243512409256,0.114600229437,0.23639775064,0.405489610668
0.0250428526148,0.0448314968604,0.481161650551,0.448963999974
0.0599659059975,0.165662137729,0.417702043672,0.356669912601
0.120409864597,0.363750356663,0.176268874109,0.339570904631
0.335755997912,0.184094936829,0.288751751693,0.191397313565
0.427709025783,0.308006687889,0.0351507433903,0.229133542938
0.036010246607,0.409308756077,0.26553168046,0.289149316856
0.371061586135,0.131054574012,0.209268439354,0.288615400499
0.17774958957,0.28312406899,0.315528609445,0.223597731995
0.0418352899427,0.317081111224,0.31741069281,0.323672906023
0.317530887123,0.263925748261,0.405021912905,0.0135214517112
0.247799006957,0.301815601813,0.184623046029,0.265762345201
0.22323184715,0.31654297051,0.159927916092,0.300297266247
0.479245354281,0.24198794467,0.0822694500304,0.196497251019
0.105837827004,0.139192331562,0.43099304471,0.323976796724
0.372926503625,0.375617329088,0.0352314943912,0.216224672895
0.317625843292,0.233122138346,0.264815701892,0.184436316469
0.104323740703,0.504906484118,0.234115627804,0.156654147374
0.186302268679,0.161148602506,0.424614436198,0.227934692617
0.143490131702,0.35495495638,0.21872828255,0.282826629368
0.278227705422,0.0188100594508,0.32967963467,0.373282600457
0.202020015531,0.18289067108,0.340027919545,0.275061393843
0.0575692638116,0.497761785456,0.338245255407,0.106423695325
0.0127443560778,0.182255425206,0.49416601386,0.310834204856
0.303754605297,0.451361044824,0.234945984317,0.00993836556247
0.531137521782,0.248731372059,0.200335923901,0.0197951822593
0.161757185221,0.0874220167272,0.339235947156,0.411584850896
0.265183956068,0.326212420709,0.198777719918,0.209825903305
0.451861431511,0.020093007787,0.357011976099,0.171033584603
0.0877992972673,0.275782350118,0.169248327893,0.467170024722
0.350624605075,0.170832309009,0.323408541523,0.155134544392
0.324810048491,0.0624145791968,0.325488735986,0.287286636325
0.315408054607,0.132010582343,0.0187659389591,0.533815424091
0.591586122516,0.0804237655088,0.313553882478,0.0144362294974
0.0623589190423,0.265024928921,0.322669475131,0.349946676905
0.341439179809,0.0110279481235,0.335596290615,0.311936581452
0.492388128856,0.133694060938,0.0416326904872,0.332285119719
0.137818074247,0.64575968255,0.126948652854,0.0894735903492
0.0916672193724,0.343013397845,0.313679266066,0.251640116716
0.171222599604,0.250320130844,0.309128970016,0.269328299535
0.156690372339,0.293305048759,0.227253321025,0.322751257877
0.350877138963,0.0380651149547,0.349151854675,0.261905891407
0.1257693321,0.110721156974,0.194682977132,0.568826533793
0.176139074474,0.34374006989,0.128532727124,0.351588128512
0.458628398259,0.0493660146638,0.165217052536,0.326788534541
0.37746471183,0.256973303689,0.076312946657,0.289249037825
0.400475678471,0.0590189906083,0.43772244075,0.102782890171
0.0295301195722,0.300151391775,0.513457588707,0.156860899946
0.333010657971,0.139148860478,0.302451642846,0.225388838706
0.0338591635769,0.233988401151,0.471955921346,0.260196513926
0.155002161737,0.0796360606816,0.390422590821,0.374939186761
0.371385836511,0.120918118267,0.18215786003,0.325538185192
0.145862297895,0.298610833724,0.171128271619,0.384398596762
0.127592761282,0.360742913692,0.23997975744,0.271684567586
0.114620265561,0.237370981072,0.524598369348,0.12341038402
0.0217444401031,0.395348790935,0.23053376499,0.352373003972
0.151744819689,0.257963755235,0.321586003143,0.268705421933