0.318936630945,0.0680447846711,0.389350748224,0.223667836159
0.142038159655,0.286209392317,0.198752336094,0.373000111934
0.102230153155,0.480994906242,0.352595747622,0.064179192981
0.395806188012,0.111121662986,0.36413821854,0.128933930461
0.193820641423,0.287444368828,0.351969445218,0.166765544531
0.149057583963,0.104213087816,0.65781944377,0.0889098844512
0.0737327003178,0.321367911248,0.296517655188,0.308381733246
0.282890143614,0.272244337865,0.335682574167,0.109182944353
0.320369587756,0.328074630724,0.0344905653068,0.317065216213
0.213085890158,0.352796117497,0.210844194332,0.223273798013
0.47538777273,0.0358797010016,0.465987403175,0.0227451230936
0.615222672927,0.15732349444,0.124738248775,0.102715583858
0.286632557717,0.134867312993,0.0837033618547,0.494796767435
0.0660126348354,0.00149282098792,0.186005356796,0.746489187381
0.347562961991,0.304806509908,0.0366497933828,0.310980734718
0.0942036751652,0.238369727518,0.386487713428,0.280938883889
0.113138798442,0.162909256865,0.526909995285,0.197041949408
0.192253182222,0.545238764988,0.178392545874,0.0841155069161
0.34135179169,0.359235978221,0.174050774578,0.12536145551
0.329944218878,0.347764985923,0.0366574018016,0.285633393398
0.171713383618,0.358307908931,0.0828143550421,0.387164352409
0.0822867633134,0.384629852572,0.0152252865138,0.5178580976
0.442792320105,0.300270083298,0.186330248062,0.0706073485348
0.247243044134,0.222522698782,0.220037665492,0.310196591591
0.306604654522,0.451667108179,0.0892491329005,0.152479104399
0.337385627423,0.370013610211,0.172683519169,0.119917243197
0.0774479956565,0.0943193595848,0.346472359588,0.48176028517
0.0459573018152,0.159863034738,0.185761630196,0.60841803325
0.415841528431,0.259491091006,0.0590398510859,0.265627529477
0.659548499417,0.164889621502,0.00684038620661,0.168721492874
0.232255422665,0.399345835036,0.178621584187,0.189777158112
0.0776838297498,0.285515407642,0.352708218474,0.284092544134
0.544566710771,0.322346910187,0.0850707802156,0.0480155988261
0.243135568947,0.00548126601607,0.427035732402,0.324347432634
0.207462633429,0.107630021104,0.0907913327138,0.594116012754
0.170386404948,0.411319317281,0.0917006549052,0.326593622866
0.363501349015,0.411670989214,0.183816278489,0.0410113832821
0.305603968346,0.19821541222,0.316372495136,0.179808124298
0.401510780985,0.0348627194866,0.0518806672499,0.511745832278
0.0694677672917,0.145069057108,0.416739183879,0.368723991722
0.108102918418,0.402562339337,0.130199138201,0.359135604044
0.232607435627,0.228582543529,0.233207777341,0.305602243503
0.232938777421,0.306051163603,0.277344595375,0.183665463601
0.227057962977,0.0485078179384,0.342990833828,0.381443385257
0.029480473741,0.395038667507,0.156436203687,0.419044655066
0.320326820288,0.266643388963,0.271631648001,0.141398142747
0.0748957163677,0.481919738241,0.0626088380308,0.380575707361
0.157987296688,0.300813619283,0.280277560355,0.260921523675
0.0974456062907,0.163635994543,0.143556492799,0.595361906367
0.339176653886,0.403139356104,0.0640470338356,0.193636956175
0.175788542368,0.0400433236736,0.372537911458,0.411630222501
0.0194033937424,0.411262867816,0.226699422887,0.342634315554
0.266476060163,0.230693240076,0.270911685365,0.231919014396
0.167306939646,0.0247201385454,0.255334496446,0.552638425363
0.643319672752,0.0556713835594,0.0427984398618,0.258210503827
0.39358182049,0.0428060328462,0.552087379131,0.0115247675334
0.538472126532,0.154766551129,0.292979880492,0.0137814418467
0.0326770376953,0.117602578482,0.472024239595,0.377696144227
0.112873294462,0.394710444167,0.249507796824,0.242908464547
0.307541535082,0.285829431954,0.162249908707,0.244379124257
0.352450338241,0.0362005171461,0.29351438274,0.317834761872
0.305882411784,0.334026468451,0.285996907066,0.0740942126981
0.142241558129,0.234377851832,0.0762500411192,0.547130548921
0.0547674609512,0.0804079201025,0.415877404019,0.448947214927
0.434649738853,0.230785284366,0.0840626651121,0.250502311669
0.0358899200569,0.454338375226,0.414306168404,0.0954655363139
0.318339125492,0.0604311047739,0.238576311611,0.382653458123
0.109321153205,0.374551000921,0.221480949798,0.294646896076
0.313064499743,0.274697531723,0.186577375389,0.225660593144
0.407002649362,0.128201976288,0.233526518827,0.231268855523
0.526484426869,0.104025386123,0.298050823438,0.0714393635707
0.214221609869,0.101351774891,0.348327949465,0.336098665775
0.0987311703288,0.412253449172,0.146776731094,0.342238649405
0.189222175413,0.268650224593,0.280878448316,0.261249151678
0.19579144934,0.295825037537,0.178775911402,0.32960760172
0.240675671288,0.146562916032,0.267489307847,0.345272104832
0.12781276025,0.389706645653,0.187292360808,0.295188233289
0.459598305143,0.160619202431,0.283875903888,0.095906588538
0.487059637923,0.164887125235,0.171259960919,0.176793275923
0.542251714659,0.130062153138,0.31185661385,0.0158295183531
0.278498736365,0.328505888681,0.0506320451343,0.342363329819
0.440319877719,0.461124364963,0.0961429102478,0.00241284707031
0.436606039121,0.292968371371,0.00239042555602,0.268035163953
0.387574484711,0.102833977525,0.282474602613,0.227116935151
0.221452507314,0.267778440467,0.264018009401,0.246751042817
0.0596020771037,0.477600032389,0.0474186776244,0.415379212883
0.0586750777714,0.441795184122,0.164709845306,0.3348198928
0.193612466229,0.27869104288,0.249354415241,0.27834207565
0.373621357427,0.323594187943,0.144227209431,0.158557245199
0.432450995363,0.0441583641983,0.382238019956,0.141152620483
0.331671193387,0.311944480832,0.134141523673,0.222242802108
0.50826702219,0.259208905212,0.0913742478159,0.141149824783
0.256882413351,0.220010010818,0.273673470255,0.249434105576
0.286524356369,0.00337642351429,0.270699346195,0.439399873921
0.496354697405,0.0957427642397,0.251387586326,0.15651495203
0.209877464007,0.185906778531,0.539364170851,0.0648515866108
0.29323648031,0.0949462565599,0.216455347837,0.395361915293
0.281420036402,0.198173391799,0.223953774887,0.296452796912
0.298358898305,0.184695786039,0.121849462725,0.395095852931
0.470883109198,0.0792598657996,0.0699899587549,0.379867066247
0.163326821535,0.0552790631389,0.443385069449,0.338009045877
0.0491628705566,0.729322240568,0.073103698323,0.148411190552
0.369592985245,0.0424256736515,0.170752257459,0.417229083645
0.304007645958,0.0776412542272,0.142780299634,0.47557080018
0.249847735211,0.254926971347,0.216970796145,0.278254497297
0.278452076704,0.496932461813,0.186882585666,0.0377328758175
0.394006829281,0.376575007861,0.0912089567164,0.138209206141
0.338488228255,0.325959535412,0.237836922561,0.0977153137713
0.111883713407,0.17931984999,0.426478315662,0.282318120941
0.258490660533,0.282517839196,0.253669988857,0.205321511414
0.479763204734,0.0730262192758,0.237061397842,0.210149178148
0.414951787985,0.347574321585,0.132861874446,0.104612015984
0.38144302877,0.0282748564274,0.269527670662,0.32075444414
0.214934098263,0.0793562305834,0.38671129113,0.318998380024
0.234318175334,0.114503137752,0.0923734001624,0.558805286751
0.27073151071,0.163280911266,0.104181755905,0.461805822119
0.242590090268,0.339748895131,0.119188270294,0.298472744306
0.307345183074,0.280009205804,0.200805286772,0.21184032435
0.246004261006,0.292599064419,0.442036172643,0.019360501932
0.505975614061,0.302188981392,0.161163161258,0.0306722432884
0.294575748189,0.399334003572,0.000831543068183,0.305258705171
0.366022368318,0.278406802002,0.104193841259,0.251376988421
0.170409789346,0.211915110204,0.421053122481,0.196621977968
0.220588317429,0.0896910994833,0.36798803816,0.321732544928
0.331043624588,0.199626992431,0.0729930366254,0.396336346356
0.258347639795,0.128727231592,0.0982450694919,0.514680059122
0.358091945949,0.233387180437,0.0325016736253,0.376019199989
0.0215973598019,0.248473500093,0.111146740769,0.618782399336
0.309496631789,0.300621710114,0.31200450082,0.0778771572768
0.320115225556,0.550115213665,0.120475834337,0.00929372644248
0.0709529911462,0.244289695721,0.178895617988,0.505861695145
0.087060015227,0.0988766678458,0.568664643164,0.245398673763
0.328686372101,0.131193910458,0.25299527617,0.287124441271
0.135058104744,0.405843716918,0.291766097665,0.167332080673
0.252456247068,0.0237583473901,0.376942398953,0.346843006589
0.361583706023,0.045175263885,0.185982003403,0.407259026688
0.305593194536,0.0511162914028,0.551886719878,0.0914037941833
0.245289760736,0.309293272047,0.128779715043,0.316637252174
0.543415906715,0.311015713202,0.100849230822,0.0447191492606
0.159772939062,0.3289034902,0.147225833516,0.364097737223
0.0874154332269,0.110460719412,0.681075547463,0.121048299898
0.12737454702,0.367426942916,0.211164047352,0.294034462712
0.274158881063,0.304692380766,0.235316042459,0.185832695712
0.134952409247,0.454508305498,0.274631440255,0.135907845
0.204741860696,0.205513325044,0.34852666374,0.241218150521
0.385664129027,0.194910216989,0.222988449111,0.196437204874
0.357883651669,0.3525225552,0.13849875757,0.15109503556
0.104907121779,0.0224658063983,0.44486463338,0.427762438443
0.167024715187,0.409166354905,0.280949274452,0.142859655457
0.243675470608,0.357761807912,0.274504134885,0.124058586595
0.22573520411,0.20461557925,0.268646641523,0.301002575117
0.0445743849346,0.207248256753,0.300855228596,0.447322129717
0.412135924002,0.16086643568,0.014272508151,0.412725132167
0.376142025455,0.230310333951,0.168762135567,0.224785505027
0.208791280837,0.176614675515,0.12728168893,0.487312354718
0.409070448038,0.213684252237,0.333493709661,0.0437515900647
0.190185459263,0.0325006068394,0.323146042959,0.454167890938
0.307435953897,0.21058038827,0.142964498025,0.339019159808
0.00646264808838,0.460944284049,0.452364208304,0.0802288595584
0.213611548651,0.572722194802,0.0541111198316,0.159555136715
0.339301287608,0.0415649040747,0.232718459363,0.386415348955
0.287307738974,0.104941858035,0.229533903622,0.37821649937
0.407354998932,0.0783594265896,0.503651465978,0.0106341085001
0.159054674364,0.0837301686518,0.106628571654,0.65058658533
0.0834938971453,0.274693788154,0.348271310189,0.293541004512
0.352171931466,0.265616607399,0.351916579383,0.030294881752
0.253451309293,0.203129110831,0.300950989541,0.242468590335
0.0912611882911,0.116628953015,0.405646159091,0.386463699603
0.122913482095,0.521646060812,0.182952731757,0.172487725335
0.269337977596,0.390932384083,0.310041630542,0.0296880077793
0.153630868433,0.0654108134199,0.421579163198,0.359379154949
0.204231980309,0.346382221114,0.0833669491394,0.366018849437
0.0555780243167,0.444560023502,0.153964428215,0.345897523966
0.116021516342,0.332425612042,0.34431198433,0.207240887286
0.306724148107,0.234710090623,0.0317128618452,0.426852899424
0.322718167207,0.195427382652,0.325928288271,0.15592616187
0.42283745434,0.187725407328,0.083465704697,0.305971433635
0.419148246782,0.312499308762,0.0908091177726,0.177543326683
0.278492297464,0.182747168586,0.247271064846,0.291489469104
0.15416441432,0.191509790644,0.433960154347,0.220365640689
0.302512163474,0.0287963716637,0.292792869921,0.375898594942
0.132623097733,0.349674331323,0.313824570785,0.203878000159
0.1893311423,0.588793303945,0.167163095297,0.0547124584579
0.045487634751,0.159904113542,0.255689493808,0.538918757899
0.36954861521,0.221903397533,0.208692557278,0.19985542998
0.306465607953,0.149097163622,0.173358230469,0.371078997955
0.409643954931,0.239352206764,0.0157479037532,0.335255934552
0.132779192775,0.263875087148,0.502017448908,0.101328271169
0.244438224177,0.0682434153028,0.295217920425,0.392100440095
0.0838491358374,0.184141701858,0.462965398238,0.269043764066
0.249389191297,0.0939742855904,0.302499389767,0.354137133346
0.386281554573,0.37964000949,0.104401040542,0.129677395395
0.328271949023,0.332598129801,0.23537740895,0.103752512227
0.104107464121,0.591811411617,0.00582311911338,0.298258005148
0.301361994262,0.377964891734,0.203245886467,0.117427227537
0.31399005041,0.233319925659,0.0841393952456,0.368550628685
0.135455761508,0.175009260074,0.356751473527,0.332783504891
0.422490200202,0.115882143976,0.029160455264,0.432467200558
0.629741009199,0.000390007496803,0.242968538294,0.12690044501
0.0957193773693,0.305947124807,0.25717206668,0.341161431144