0.110108968302,0.0614845122196,0.153213488392,0.675193031086
0.10173491252,0.466764916422,0.0592177082865,0.372282462771
0.57089570572,0.0132133788666,0.260309790738,0.155581124676
0.0352069098264,0.766957533462,0.0484842241111,0.1493513326
0.284353678789,0.480618917527,0.121189301794,0.113838101891
0.0884796972348,0.114635760832,0.0728178161647,0.724066725769
0.012129403476,0.0747625589605,0.7463422913,0.166765746263
0.0154826968541,0.733650679619,0.237353063593,0.013513559934
0.179672196289,0.0632580158079,0.321518451514,0.435551336389
0.0193439017058,0.00446461741729,0.496218729622,0.479972751255
0.0773456669149,0.0756188047683,0.306780991126,0.540254537191
0.830743456346,0.0331162519468,0.0788479612142,0.057292330493
0.627031584242,0.0846229612633,0.244792965157,0.0435524893379
0.238629634428,0.044922839243,0.685658068103,0.030789458226
0.169478346554,0.169014423581,0.631587477496,0.02991975237
0.311535281043,0.463760342919,0.177618004331,0.047086371707
0.0208265727962,0.0205718341107,0.945089553391,0.0135120397026
0.202399585446,0.0245525524672,0.734783769286,0.0382640928004
0.0640877045945,0.743003259704,0.150649493124,0.0422595425778
0.0244987343431,0.0237141545973,0.831227148086,0.120559962973
0.421393988813,0.0277057887358,0.0247728141602,0.526127408291
0.103507496306,0.744903190395,0.144629903862,0.00695940943739
0.510699197103,0.32953127888,0.038769069853,0.121000454164
0.139938283679,0.166525984014,0.106621239245,0.586914493062
0.0753054604574,0.54071649626,0.156805937712,0.22717210557
0.0886533081813,0.0273424140033,0.0611724120294,0.822831865786
0.698697197907,0.166108196412,0.101876110707,0.0333184949741
0.0521407554376,0.145358244373,0.449405566687,0.353095433502
0.169243777438,0.515263791951,0.266296185029,0.0491962455817
0.415616157311,0.0250135013396,0.00484994031912,0.55452040103
0.437743241503,0.476620984544,0.0517091603749,0.033926613578
0.795728276564,0.0567826351405,0.0953078262766,0.0521812620193
0.0217090161042,0.12179018813,0.0207028407411,0.835797955025
0.000399266205495,0.0149540518078,0.743630403077,0.24101627891
0.766282279843,0.0368866389373,0.0402593581918,0.156571723028
0.0433778759691,0.09562865248,0.827568552628,0.0334249189231
0.0407641143746,0.401426692853,0.516782302237,0.0410268905349
0.0102338361325,0.175881476023,0.642986951586,0.170897736258
0.0150327789983,0.342814929344,0.636705901172,0.00544639048521
0.00678090087239,0.973077978778,0.0169367279833,0.00320439236656