0.0371796430819,0.0239914174082,0.0571426168037,0.881686322706
0.00944877985042,0.00350730484765,0.00586016555905,0.981183749743
0.164073548289,0.00904265881836,0.447912069375,0.378971723518
0.240471155195,0.550898381575,0.127837233705,0.0807932295248
0.072911228298,0.116010458416,0.61003966628,0.201038647006
0.310523894004,0.215817842174,0.315126316068,0.158531947754
0.179879355194,0.228971511912,0.121010598098,0.470138534797
0.389511282778,0.177749594564,0.0665649795945,0.366174143063
0.049222334296,0.461227054953,0.00917523057931,0.480375380172
0.0215268134927,0.141046046479,0.485758436419,0.351668703609
0.00385269413262,0.101365551249,0.771935495453,0.122846259165
0.936512760232,0.0258413250476,0.0189214577162,0.0187244570044
0.478086208565,0.0643974663435,0.193073427389,0.264442897703
0.160153478501,0.0670767768789,0.488532821299,0.284236923321
0.436172367912,0.0449584579797,0.0765564801799,0.442312693928
0.27031386955,0.325456960335,0.0495983016112,0.354630868504
0.120643846004,0.567509960379,0.0239402992076,0.28790589441
0.0976011410063,0.111671442409,0.646244640193,0.144482776392
1.93390662529e-05,0.998382301063,2.76278829488e-05,0.00157073198809
0.397459465545,0.37937622801,0.0549739688337,0.168190337612
0.14925579363,0.192924268927,0.146833946343,0.5109859911
0.0857950562563,0.0280582521534,0.00727875596892,0.878867935621
0.766873886053,0.0457230189225,0.153530877071,0.0338722179528
0.9444975496,0.00340803099705,0.0475007082643,0.00459371113828
0.718222683263,0.27906402233,0.000103576106506,0.00260971829985
0.134812886576,0.12502701258,0.362753330529,0.377406770315
0.310966729022,0.364876964114,0.0742381822569,0.249918124607
0.0557385537961,0.0399593765581,0.882471166488,0.0218309031579
0.00697201011186,0.951760589872,0.00353993082182,0.0377274691939
0.0297887364076,0.296480818623,0.543299182433,0.130431262536
0.321046366459,0.668647866941,0.00973301035475,0.000572756244415
0.203188240654,0.418078424461,0.0372078236218,0.341525511263
0.380941269525,0.340567958439,0.059057134158,0.219433637878
0.0591282429885,0.0683851194225,0.223309545456,0.649177092133
0.0511280502954,0.65209346914,0.259646216536,0.0371322640288
0.775399492912,0.0572309503152,0.0804709569565,0.0868985998167
0.522991758659,0.263598582873,0.00482388322226,0.208585775245
0.304766229839,0.141471453431,0.147683232476,0.406079084254
0.146295354727,0.127327519993,0.088388642693,0.637988482588
0.124818013545,0.131600215156,0.696624040466,0.0469577308327