0.000687397373336,6.32772306729e-05,0.515368331971,0.483880993425
0.81854709857,0.00132287021994,0.1155246945,0.0646053367101
0.499490490274,0.267700064233,0.0430568889843,0.189752556509
0.0955181388578,0.284907470054,0.214208448908,0.40536594218
0.540332795551,0.0771097318476,0.241515146646,0.141042325956
0.309486791251,0.0588204726545,0.0626350621983,0.569057673897
0.180006444073,0.300286226947,0.286373114792,0.233334214188
0.293552970219,0.269284559149,0.381285968374,0.0558765022586
0.190216015395,0.0988390953101,0.680121588087,0.0308233012079
0.21189761638,0.132073460437,0.161982274999,0.494046648185
0.263279527465,0.224418788318,0.220382339717,0.291919344499
0.375281180874,0.00948522166947,0.0215061332406,0.593727464216
0.402899708095,0.0800732108978,0.0341713417904,0.482855739217
0.251059448008,0.434335239902,0.133876978057,0.180728334033
0.0764336193162,0.0989840622145,0.100391843936,0.724190474533
0.233094586851,0.638641844232,0.0914437878465,0.0368197810711
0.0103170344684,0.803581655178,0.00571254496395,0.18038876539
0.952470892424,0.00154668489036,0.000906235350196,0.0450761873358
0.61430102833,0.0103293648307,0.369958229969,0.00541137687124
0.461279601587,0.423461553618,0.0595281410479,0.0557307037468
0.0600608968714,0.0630205814932,0.82652494446,0.0503935771756
0.0980807178608,0.598575453423,0.0871134456479,0.216230383069
0.331966791651,0.625281512519,0.00103139450498,0.0417203013254
0.909894563884,0.00117924724799,0.0810243317022,0.00790185716532
0.0682714689674,0.0314430217735,0.0124112447036,0.887874264556
0.39179315447,0.0690730553816,0.332940684942,0.206193105206
0.207165204625,0.461588843063,0.277951685322,0.0532942669904
0.109586523355,0.0124938693575,0.0570179596575,0.82090164763
0.0466557638234,0.626810517196,0.299023035971,0.0275106830093
0.0519488289063,0.281264115844,0.657903493977,0.00888356127348
0.266284856254,0.0739989891101,0.351978347395,0.307737807241
0.505515994498,0.285348010166,0.120506893598,0.0886291017373
0.325595865641,0.5459484965,0.00650421939224,0.121951418467
0.0486994083487,0.171768416928,0.708707245264,0.0708249294584
0.0563643323928,0.371960933264,0.502394691005,0.0692800433375
0.460269918125,0.339190160814,0.134392453558,0.0661474675031
0.10122958574,0.0119179760767,0.114767412843,0.772085025341
0.199520046943,0.674487397251,0.00224011197083,0.123752443835
0.679989444313,0.193051247679,0.0160893338677,0.11086997414
0.000309692816287,0.0799549643175,0.408653791878,0.511081550989