0.0174317326587,0.692162011693,0.240109865191,0.0502963904575
0.541924525321,0.0439602288636,0.30981401075,0.104301235066
0.0436558213911,0.137088645923,0.642210506286,0.177045026401
0.784988519426,0.00149052005748,0.110956205168,0.102564755349
0.200269664948,0.536877948774,0.213686459175,0.0491659271037
0.0634742895528,0.285181647132,0.156577870057,0.494766193259
0.0617876398507,0.12809970147,0.745706868764,0.0644057899156
0.0980545713982,0.0779788745632,0.618422992546,0.205543561492
0.307219210746,0.563570604533,0.122794797357,0.00641538736402
0.381888756314,0.154202187278,0.425897857438,0.0380111989699
0.505686898777,0.0163919092487,0.419675976878,0.0582452150958
0.351011163517,0.174198331845,0.146996434493,0.327794070144
0.386718436977,0.0554682864968,0.520210729978,0.0376025465475
0.661033634133,0.125120068108,0.186306604644,0.0275396931139
0.448479794159,0.327878306231,0.112078036601,0.111563863009
0.186834773271,0.454037927695,0.157101188395,0.202026110639
0.012071752466,0.135119192359,0.154255558678,0.698553496497
0.493724405596,0.244048945738,0.167955596016,0.0942710526493
0.0322566736989,0.172445367021,0.711943369104,0.0833545901761
0.167730675544,0.483488799767,0.22143503007,0.127345494619
0.0903099559798,0.117262644362,0.163753370267,0.628674029392
0.15367585976,0.501154834796,0.246908443597,0.098260861847
0.0602044877487,0.0421264580804,0.60331935736,0.294349696811
0.046435840092,0.169986043333,0.00765432928033,0.775923787295
0.0910444617041,0.604949424558,0.126199093131,0.177807020607
0.403828396311,0.36059221646,0.212934613792,0.0226447734367
0.0291094079002,0.616062896766,0.329161311036,0.0256663842982
0.136424923719,0.248640906591,0.119547581708,0.495386587981
0.333983720687,0.0835124467101,0.198800732831,0.383703099772
0.173139717559,0.272146759511,0.198027788692,0.356685734238
0.00123470256995,0.0081664440254,0.986137415405,0.00446143799992
0.0263090200555,0.782676511173,0.180683268155,0.0103312006171
0.188763142339,0.324591730535,0.315458120809,0.171187006318
0.0027258507963,0.315403344424,0.640826788587,0.0410440161923
0.353420665783,0.0648831658429,0.224972116695,0.356724051679
0.452707450011,0.034115293403,0.0708869944439,0.442290262142
0.368709728786,0.127834050877,0.291173695859,0.212282524478
0.0617067873055,0.121365424215,0.527479018181,0.289448770299
0.00276985745742,0.0848127879343,0.165609997281,0.746807357327
0.338480145222,0.468140526476,0.0927683129555,0.100611015346