0.0632014009059,0.448477101646,0.313333708421,0.174987789027
0.130967148384,0.469426837467,0.232461361947,0.167144652202
0.03412158729,0.513899751677,0.400782878884,0.0511957821485
0.303941125698,0.051984649021,0.224286957582,0.419787267699
0.041190622159,0.751917449273,0.0164081996625,0.190483728906
0.637636056709,0.277927680551,0.0226027767333,0.0618334860073
0.0139048425891,0.435754493298,0.145785309841,0.404555354273
0.220833591697,0.153491516625,0.147083582436,0.478591309242
0.0211736669813,0.832543913415,0.00183442347192,0.144447996132
0.671820581765,0.0617339671571,0.0431290579071,0.223316393171
0.000803512800693,0.982750870428,0.0122245712303,0.00422104554094
0.0783539353682,0.712863049765,0.106081373551,0.102701641315
0.153069672448,0.0715072291148,0.234249131451,0.541173966986
0.530153852907,0.242395023385,0.0783807033594,0.149070420349
0.00311418516128,0.0227871726478,0.0264641771252,0.947634465066
0.0970712713274,0.249033772813,0.40969695695,0.24419799891
0.213742038223,0.39558705249,0.372916111622,0.0177547976648
0.15992797221,0.126399172461,0.475111143284,0.238561712044
0.000809628226767,0.000550447398156,0.991517512043,0.0071224123323
0.0608334611238,0.838399326354,0.0924879190586,0.00827929346366
0.0592600256149,0.051723673679,0.509063390835,0.379952909871
0.416222773226,0.0524751691763,0.144937407972,0.386364649626
0.0148699662286,0.90555215318,0.0674572439656,0.0121206366262
0.706196148464,0.133823563559,0.00758745997701,0.152392828
0.263408715746,0.263490010134,0.01639149435,0.45670977977
0.255572996157,0.217887166275,0.0380603098954,0.488479527673
0.0340609695456,0.320185329166,0.292452637145,0.353301064143
0.0685362911488,0.813511742156,0.0329383857167,0.0850135809785
0.301382044727,0.324353209492,0.257042408963,0.117222336818
0.545335487557,0.180045640546,0.244565980828,0.0300528910699
0.0142097931199,0.0755183445442,0.377880724377,0.532391137959
0.0542171977714,0.0874102946824,0.761817631968,0.0965548755782
0.513381549507,0.120134911806,0.129940584737,0.236542953949
0.225747292122,0.15623873569,0.31269982216,0.305314150028
0.523149784748,0.036511215789,0.263920479534,0.176418519929
0.624958628562,0.177428070716,0.148551500571,0.0490618001519
0.000391860498819,0.00788700991208,0.0200720301804,0.971649099409
0.119040161759,0.195918156593,0.0162548277312,0.668786853917
0.720733147989,0.0491919473844,0.075993670159,0.154081234467
0.0349423705134,0.522374168036,0.437168190003,0.00551527144711