0.384872828845,0.0149755227395,0.265376606771,0.334775041644
0.0146985887689,0.560570387535,0.329241576954,0.0954894467414
0.032940065859,0.859423645653,0.100540555506,0.0070957329818
0.014390499483,0.135188785117,0.805397721924,0.0450229934759
0.00606698628441,0.779169020916,0.0566290924017,0.158134900398
0.0318141542862,0.78635141724,0.0256861638155,0.156148264658
0.114619762327,0.0206621925985,0.573910413957,0.290807631118
0.0519557100082,0.00891598890539,0.923833347432,0.0152949536545
0.168395279704,0.39753151689,0.294327808222,0.139745395183
0.828280390593,0.00427196913381,0.0324712923945,0.134976347879
0.0352680950495,0.945996968832,0.00144800202854,0.0172869340903
0.919398664206,0.0195913061335,0.026420179145,0.0345898505158
0.00448055447142,0.82633362184,0.0837399014806,0.0854459222076
0.0785812800605,0.0188454245449,0.0757551274316,0.826818167963
0.940778179728,0.00151582209899,0.0129715500124,0.0447344481604
0.107883236568,0.843844655814,0.00313611868086,0.0451359889368
0.202273095858,0.41445501461,0.0123114534717,0.370960436061
0.0496591225549,0.00430591976334,0.810335892485,0.135699065197
0.749747014945,0.00662483845442,0.0918825291645,0.151745617436
0.795527827924,0.0296059091851,0.171324222612,0.0035420402788
0.256496635054,0.00970498126964,0.344810766041,0.388987617636
0.00586333132519,0.314885996472,0.583297958585,0.0959527136178
0.600984827243,0.0436681062935,0.274577317441,0.0807697490227
0.0231604974269,0.557321197706,0.267557171119,0.151961133748
0.0515712295871,0.0297197314844,0.0955421860645,0.823166852864
0.364206870274,0.460728636469,0.0330510890755,0.142013404181
0.163957950073,0.277005207199,0.355611784311,0.203425058416
0.404448570541,0.572075472554,0.00724140160363,0.0162345553014
0.145144964515,0.291983594306,0.355870987235,0.207000453943
0.152611880017,0.191284688502,0.636998376118,0.0191050553635
0.339637741005,0.145557657358,0.327340661106,0.187463940531
0.351633745832,0.097673480561,0.115426463291,0.435266310316
0.843276628879,0.0258807206637,0.00740285218271,0.123439798275
9.26840569314e-05,2.47611908832e-05,0.0941737870816,0.905708767671
0.11941007945,0.298346936057,0.454376975202,0.12786600929
0.355930223743,0.0050801422807,0.00215056328054,0.636839070695
0.0654611285223,0.636363434322,0.242165712014,0.056009725141
0.0399984304027,0.873073668371,0.0384707749939,0.0484571262326
0.343656515775,0.307559191945,0.302484609522,0.0462996827584
0.0734044469186,0.329459988953,0.176847951159,0.420287612969