0.00476103332483,0.187245808714,0.0604925512148,0.747500606747
0.0199042406633,0.877909830544,0.0437089180052,0.0584770107878
0.00888242127766,0.918978068281,0.0301508894829,0.0419886209588
0.0160768306987,0.337432160788,0.560165421721,0.0863255867923
0.664366620367,0.00583866253884,0.00491470134209,0.324880015752
0.0643530317157,0.0638351537525,0.0313001812753,0.840511633257
0.730770976131,0.140621183728,0.110305486586,0.0183023535558
0.114099982312,0.832195576183,0.000245669404205,0.0534587721012
0.811093406051,0.0654862336038,0.117653835024,0.005766525321
0.168165410932,0.219801421275,0.399471895116,0.212561272677
0.355476426124,0.100515386857,0.295039771998,0.248968415022
0.00126488417202,0.994295927348,0.00215207158206,0.00228711689742
0.0238006699217,0.236634745136,0.627298361762,0.112266223181
0.24848027987,0.0296593641828,0.69537613748,0.0264842184672
0.00140832429337,0.0542437068104,0.854520415447,0.089827553449
0.374984283523,0.0659696227319,0.336665428102,0.222380665643
0.876840756628,0.0197377637228,0.0431149465283,0.0603065331207
0.586277576021,0.0629774575604,0.300007288714,0.0507376777052
0.0263068880292,0.0350709725327,0.476217363841,0.462404775597
0.706572282078,0.157614811591,0.0812582853464,0.0545546209847
0.0186976563553,0.00526078523888,0.972235809593,0.00380574881292
0.0258100331597,0.0609207721659,0.169526200462,0.743742994212
0.0737275963394,0.177841061085,0.413952776938,0.334478565638
0.00147554441198,0.0155740354791,0.00842586916806,0.974524550941
0.621959106662,0.0173096356018,0.00588200542439,0.354849252312
0.00569945255782,0.118464973604,0.778371999257,0.0974635745804
0.803562745342,0.0801204313694,0.107597883953,0.00871893933541
0.584952742291,0.0027098388279,0.392180838179,0.0201565807021
0.0471666443527,0.906477459333,0.0053245965442,0.0410312997704
0.261076677225,0.461528992175,0.111559655343,0.165834675258
0.523307229899,0.395852311996,0.00442158196206,0.0764188761431
0.000102678843337,0.000195747777078,0.999469767716,0.00023180566403
0.159736319784,0.193394237218,0.45901533211,0.187854110887
0.129295762593,0.0743210427062,0.752739857317,0.0436433373846
0.251526112506,0.631568076404,0.0469705392557,0.0699352718336
0.472890560674,0.00106551142176,0.0159678062539,0.510076121651
0.00954579668904,0.63939368195,0.0440580698692,0.307002451492
0.779807226179,0.0175427098234,0.10038263604,0.102267427958
0.0326971392614,0.0070997416188,0.220873967379,0.739329151741
0.0347281490709,0.288320736994,0.263134190968,0.413816922967