0.0369405578306,0.383362390088,0.535904586613,0.0437924654689
0.0392346582725,0.264583329748,0.0263833172581,0.669798694721
0.0806834902785,0.0167915650935,0.0308675036587,0.871657440969
0.0752688025083,0.557346859429,0.0179674224243,0.349416915639
0.00192645937453,0.0183855385214,0.00817914045317,0.971508861651
0.347320054561,0.571293934032,0.066789792856,0.0145962185512
0.00403411135544,0.840397916217,0.0978157682776,0.0577522041498
0.419435177518,0.00643961134056,0.523508785513,0.0506164256285
0.476087148708,0.095963031582,0.0186690666659,0.409280753044
0.0278973007665,0.785892198957,0.00148950177962,0.184720998497
0.0751719495361,0.0970450532694,0.362527418611,0.465255578583
0.346082389325,0.087082889132,0.373594296353,0.193240425189
0.0795487051089,0.0816849345241,0.637238827952,0.201527532415
0.0163318579895,0.646044547,0.276842569671,0.0607810253394
0.109578895629,0.438827827023,0.318505363833,0.133087913515
0.0482183024437,0.0236255651829,0.883641765709,0.0445143666642
0.102837271141,0.0258205490866,0.0333301740382,0.838012005734
0.65975357915,0.0171680445055,0.321105719444,0.00197265690067
0.191565926223,0.0190974298528,0.011352999438,0.777983644486
0.0757003269209,0.546636518078,0.343207808321,0.0344553466792
0.552944884787,0.0695703672998,0.212917270106,0.164567477807
0.0769050053201,0.199647776308,0.53149936736,0.191947851012
0.173363355514,0.0939631442608,0.0201727916117,0.712500708614
0.163704670187,0.692102378101,0.0114980762899,0.132694875422
0.304031611605,0.325921759023,0.31478718399,0.0552594453814
0.316142603314,0.203418545401,0.324612789718,0.155826061566
0.107686642719,0.517153221732,0.299384393643,0.0757757419064
0.137345343475,0.390190692688,0.371373445249,0.101090518588
0.625734731068,0.332014419942,0.0157843711956,0.0264664777941
0.390639253455,0.0160522608684,0.0237444925221,0.569563993155
0.275137463759,0.076291701017,0.643737515326,0.00483331989853
0.438760916986,0.246137257492,0.0712737934534,0.243828032069
0.368397524191,0.298323902404,0.311160908529,0.0221176648755
0.00641250483021,0.317377489347,0.622640911492,0.0535690943306
0.0398450810009,0.176023234322,0.700820985047,0.0833106996306
0.00827224612552,0.781543862544,0.076948504589,0.133235386741
0.385212679192,0.174306994059,0.0424225246718,0.398057802076
0.759071559863,0.0861224923247,0.0906431269862,0.0641628208257
0.284662593776,0.1657659466,0.427078892517,0.122492567107
0.0323285344188,0.772815773802,0.158201579301,0.036654112478