0.0919250759583,0.155314521505,0.348931221824,0.403829180713
0.188348434138,0.0944658862765,0.061719477273,0.655466202313
0.292395255448,0.0871222361992,0.122723377162,0.49775913119
0.110311407711,0.0168653679415,0.817179140169,0.0556440841786
0.0966176308723,0.483098208863,0.362288015357,0.0579961449083
0.0567149488566,0.423429581933,0.191093921529,0.328761547681
0.281478963942,0.443009119511,0.125127279041,0.150384637506
0.927825719082,0.00145744880579,0.0680418675973,0.00267496451495
0.077292845362,0.0344012656695,0.0419694641007,0.846336424868
0.000331637632618,0.871584966642,0.00194093260802,0.126142463117
0.580114828572,0.370981722059,0.0160362247586,0.0328672246104
0.0627040652901,0.758948719194,0.0334558896535,0.144891325863
0.0400517323308,0.830909346676,0.0384548444845,0.0905840765088
0.105221242619,0.226161765661,0.177077171824,0.491539819896
0.0472576445035,0.0208029678515,0.903709905009,0.0282294826355
0.264062969175,0.121074411903,0.555436674915,0.0594259440066
0.0179280758328,0.368823602837,0.00613407598972,0.60711424534
0.00195650060781,0.0131697079761,3.13621166366e-05,0.984842429299
0.0759582527871,0.0933751784152,0.0885182009932,0.742148367804
0.456081504303,0.221605027751,0.304048686705,0.0182647812407
0.716179417001,0.126379269286,0.0216280052602,0.135813308453
0.281602587331,0.101455479832,0.511417805511,0.105524127326
0.284380105289,0.339956504094,0.324546205614,0.0511171850039
0.289494750266,0.0827003528064,0.368484334389,0.259320562538
0.43590799398,0.384057279735,0.0656498944108,0.114384831874
0.0440504652954,0.695326392608,0.226898159696,0.0337249824006
0.117972253685,0.00977378937269,0.110003130871,0.762250826071
0.0478630344009,0.336665762241,0.537148489878,0.0783227134807
0.148827076863,0.0186459765549,0.223796275604,0.608730670978
0.0523449232091,0.145600493683,0.0795153662054,0.722539216903
0.629742340027,0.262817900028,0.0656539765308,0.0417857834143
0.0383666313016,0.0229441965468,0.455622757433,0.483066414719
0.038561021357,0.00353532075732,0.902272507553,0.0556311503329
0.119623554386,0.525724965157,0.122728721508,0.23192275895
0.149896414062,0.530253272999,0.289011141662,0.030839171277
1.98238614258e-06,0.0119568340171,0.984681088204,0.00336009539267
0.286374189763,0.580447807555,0.0209706395469,0.112207363135
0.144620733269,0.0972446547287,0.0013731105714,0.756761501431
0.156141914271,0.567733243556,0.179275755591,0.0968490865821
0.660465587387,0.103532534771,0.154274508257,0.0817273695853