0.0811244034397,0.451281499013,0.0403645625772,0.42722953497
0.390589642513,0.0515961483413,0.0977663004415,0.460047908704
0.0243604996218,0.834401398391,0.134009626304,0.00722847568365
0.0430750593791,0.228435911447,0.221015623061,0.507473406112
0.515531578912,0.241237122103,0.0188529759374,0.224378323048
0.00843384778914,0.0357396471379,0.881875731905,0.0739507731675
0.130720405729,0.195237416533,0.61946389619,0.0545782815482
0.0224491399998,0.326675396711,0.331049614537,0.319825848752
0.186950269648,0.163627751778,0.24999830192,0.399423676655
0.113795487563,0.487503342223,0.169515457386,0.229185712827
0.0294877731712,0.243750861841,0.0225610052237,0.704200359764
0.0255729315566,0.172778551958,0.0981410577792,0.703507458706
0.00325945524147,0.00611255077468,0.988142222805,0.00248577117898
0.00254008622008,0.0170293402069,0.958599622218,0.0218309513547
0.0472801205549,0.0459869807078,0.24618374544,0.660549153297
0.636511500841,0.0728156643428,0.00369853029675,0.286974304519
0.109464169865,0.157125106895,0.656885746246,0.076524976994
0.0422320253444,0.065384068799,0.764290147223,0.128093758634
0.00932060355272,0.174314242829,0.365736578973,0.450628574645
0.0109840382021,0.0201864422419,0.959002806761,0.00982671279508
0.018003075907,0.700993595546,0.205789299274,0.0752140292731
0.212692625708,0.141722461568,0.191211029178,0.454373883546
0.015090660426,0.475000971168,0.499762584011,0.0101457843948
0.258208797941,0.661240745252,0.0425941563791,0.0379563004279
0.28988861771,0.0849917094451,0.518360988028,0.106758684817
0.762984921306,0.104424018813,0.0702793869183,0.0623116729624
0.000819718145956,0.866999516546,0.109825550252,0.0223552150561
0.070601780619,0.58141087075,0.192341266295,0.155646082335
0.677980862233,0.00843153136757,0.22676070852,0.0868268978788
0.14664811456,0.289567718513,0.396520739136,0.167263427791
0.579641000105,0.0571998971725,0.330230264428,0.0329288382953
0.0842425165937,0.57760412932,0.293634119199,0.0445192348875
0.0773074242765,0.579271466591,0.0428414732512,0.300579635881
0.342991211795,0.606960652173,0.0170639640118,0.0329841720196
0.281080826429,0.321528593912,0.283481134583,0.113909445075
0.147817700821,0.481061549094,0.281824285211,0.0892964648734
0.533057503453,0.268191326887,0.15211562328,0.0466355463804
0.388868830723,0.197897168882,0.364886825011,0.0483471753837
0.172278321792,0.216020201536,0.299815485886,0.311885990786
0.503815719268,0.101360579488,0.309623562996,0.0852001382476