0.683681456207,0.076496476819,0.0972553293141,0.14256673766
0.415603053192,0.503453329022,0.0754575347781,0.00548608300838
0.00843187509515,0.816910732849,0.0869600880652,0.0876973039904
0.000974572431862,0.489363361214,0.418651887512,0.0910101788424
0.0556335614021,0.542788063724,0.0170586351396,0.384519739734
0.277233272639,0.0476436290355,0.112723731277,0.562399367049
0.300916255641,0.46411496971,0.175157742438,0.0598110322102
0.684463145185,0.0103941884155,0.175735645277,0.129407021122
0.270432714578,0.136891296628,0.461218894593,0.131457094201
0.0335294292844,0.0482125186567,0.829475139039,0.08878291302
0.130924359073,0.0631612978597,0.113054276291,0.692860066776
0.4449143538,0.498738816176,0.00893334025247,0.0474134897708
0.0745277780277,0.250613502963,0.419566702113,0.255292016897
0.527603095283,0.263063168758,0.0471905734029,0.162143162556
0.0866096542091,0.361155503129,0.160253883951,0.391980958711
0.176164990043,0.123087790905,0.469439465478,0.231307753574
0.186014836666,0.0259312505163,0.772097095159,0.0159568176591
0.412227105328,0.046528508102,0.40165140442,0.13959298215
0.264153300886,0.277016054076,0.164482658694,0.294347986344
0.939913457863,0.0430025528413,0.00288277785188,0.0142012114441
0.0639775042294,0.00666076545733,0.91440987901,0.0149518513031
0.166728049552,0.0459188714939,0.299432076896,0.487921002058
0.0434683215319,0.273467541031,0.587007406401,0.0960567310365
0.0199953716113,0.250817813757,0.67622005244,0.0529667621912
0.491011907516,0.0680016843376,0.232890652079,0.208095756068
0.0479408121954,0.151721241171,0.748525726183,0.0518122204512
0.0265160071294,0.572002146906,0.394717473905,0.0067643720596
0.271369208191,0.405161401088,0.102531312679,0.220938078042
0.0183427644783,0.0496529874652,0.0420082489101,0.889995999146
0.164130957918,0.0432269415671,0.0643768383431,0.728265262172
0.462315815505,0.505336195707,0.0305349909546,0.00181299783317
0.485640885536,0.184713858209,0.240121203161,0.0895240530934
0.143552590999,0.016726024968,0.785115672408,0.0546057116251
0.242008193263,0.0896176773091,0.642431766694,0.0259423627335
0.176635407407,0.426307517865,0.0801488298519,0.316908244876
0.270911171242,0.38721734026,0.178899623548,0.162971864949
0.52093733488,0.105376793401,0.232632081804,0.141053789914
0.302956280391,0.468525116977,0.117429902259,0.111088700373
0.155633605695,0.218817079389,0.195744668979,0.429804645937
0.359298827345,0.274697635929,0.360803465309,0.00520007141607