0.130458340394,0.0260767572014,0.0530448493398,0.790420053065
0.016100521933,0.0234524406049,0.106526318075,0.853920719387
0.357126976786,0.284901868871,0.271029932386,0.0869412219568
0.0525170808761,0.277708493503,0.0098722590588,0.659902166562
0.133769144053,0.313607052113,0.437459752194,0.11516405164
0.5766490678,0.00125568144287,0.00908544954974,0.413009801208
0.3488380882,0.0540008672293,0.478932368183,0.118228676388
0.455335000606,0.0274741067614,0.0495662684795,0.467624624153
0.0569097641906,0.382797537271,0.200705428734,0.359587269804
0.0550743291055,0.0951119115762,0.145937834899,0.70387592442
0.0319220859607,0.142493722653,0.819386698158,0.00619749322775
0.136263679009,0.597345564684,0.0935525671239,0.172838189183
0.000224610899197,0.00105760415012,0.981733621758,0.0169841631931
0.271609289634,0.298122570805,0.303144365006,0.127123774555
0.937425350367,0.0202307892923,0.0282327629481,0.0141110973931
0.0309543031861,0.238451151324,0.485392791639,0.245201753852
0.00522433310894,0.0573267809802,0.570904464221,0.36654442169
0.746545264287,0.0580671914208,0.124826737839,0.0705608064538
0.033639847356,0.501545192349,0.419330098386,0.0454848619085
0.130418717978,0.167615213567,0.419010360076,0.282955708379
0.00795078317416,0.0236557748421,0.9452461444,0.0231472975835
0.0797982935251,0.102786695179,0.549146832381,0.268268178915
0.00804732434672,0.000312726520925,0.905331058427,0.0863088907054
0.452587586239,0.364542679326,0.0297471651652,0.15312256927
0.189235610457,0.0703747613068,0.00156176180835,0.738827866427
0.111303117144,0.207118461333,0.547694470281,0.133883951242
0.341716611927,0.245333906382,0.0238727533032,0.389076728388
0.023961392,0.765698054354,0.160966943516,0.0493736101297
0.0290237206739,0.681626296551,0.12437971456,0.164970268215
0.0278252430429,0.0552356190497,0.137038850902,0.779900287005
0.333939040245,0.218802310344,0.297451201851,0.149807447559
0.0177905802624,0.00661845171222,0.00405678879287,0.971534179232
0.290941761922,0.183445471602,0.267223501757,0.25838926472
0.375203172381,0.0542361217587,0.522618620012,0.0479420858481
0.107114332517,0.134868191565,0.722477996513,0.0355394794053
0.0272447566131,0.0339055734515,0.38996646894,0.548883200996
0.429147752998,0.0437705517732,0.00394530076969,0.523136394459
0.629895602437,0.00995252947522,0.252840166749,0.107311701339
0.521788300875,0.0213201705358,0.123053854086,0.333837674503
0.00377594582872,0.0708766398662,0.907190398209,0.0181570160966