0.112370809305,0.214870672716,0.594539799504,0.0782187184758
0.75333686336,0.0786586751294,0.111579546402,0.0564249151086
0.0110841342351,0.775483687675,0.0310350819028,0.182397096187
0.374250043169,0.299178410629,0.235318949076,0.0912525971258
0.0020446083764,0.656800862202,0.231560598113,0.109593931309
0.431633720103,0.0281535115099,0.0965038590871,0.4437089093
0.0803416623539,0.0297011970752,0.0317775357433,0.858179604828
0.0451877685545,0.00306915140198,0.0150932262597,0.936649853784
0.69656420828,0.0331815005118,0.0333097318576,0.236944559351
0.0245270128604,0.108169128032,0.244899418391,0.622404440717
0.137577947101,0.147049081399,0.512304637252,0.203068334249
0.0902498773504,0.810313016233,0.0762047750109,0.0232323314059
0.685919428549,0.228866956654,0.011541451295,0.0736721635027
0.114711553311,0.508263484752,0.169704530388,0.207320431549
0.0868265774733,0.0224236802397,0.793245982689,0.0975037595979
0.0343740846184,0.0275424341506,0.497821548105,0.440261933126
0.620693170352,0.0153261620072,0.168598921534,0.195381746108
0.0467880688037,0.294543196995,0.531600990682,0.127067743519
0.145858728697,0.271388576755,0.358517582863,0.224235111686
0.451522357191,0.269209403145,0.136503038176,0.142765201488
0.0958990954169,0.0755720661074,0.800894507011,0.0276343314645
0.00395344542055,0.629192360077,0.33209332797,0.0347608665324
0.0308256056357,0.0517093232525,0.608820867676,0.308644203435
0.692200873822,0.216359629355,0.0726505179341,0.0187889788892
0.124385258552,0.706121800643,0.0327478354575,0.136745105348
0.0291442190693,0.316696752258,0.1363549555,0.517804073173
0.012916570188,0.210645411368,0.72369959269,0.0527384257538
0.676191022881,0.217161955264,0.0925193002107,0.0141277216447
0.0134718362941,0.0184837630409,0.905583788303,0.0624606123619
0.0831441245451,0.0277455938396,0.0436255161288,0.845484765487
0.407620593227,0.033612207378,0.222299875509,0.336467323886
0.514123271094,0.107651201175,0.351772929405,0.0264525983263
0.659719142805,0.227165264204,0.0278622389708,0.0852533540203
0.112292844333,0.321285340717,0.354640398593,0.211781416356
0.237481236849,0.0563726241228,0.569044535613,0.137101603416
0.542213576327,0.00418482204032,0.252317885737,0.201283715895
0.0550405159058,0.0591550853688,0.452734848152,0.433069550574
0.078858997389,0.0563362766344,0.720959283609,0.143845442367
0.704530317453,0.0161868924627,0.00532116587891,0.273961624205
0.391673049159,0.233552700878,0.127309069268,0.247465180695