0.0523883616596,0.0156820598255,0.701877009754,0.230052568761
0.300336342126,0.568545673319,0.00887073279946,0.122247251756
0.976836762682,0.00896917532578,0.0115911453458,0.00260291664602
0.00426109385562,0.00180301036971,0.00140823446994,0.992527661305
0.33117392126,0.111025853113,0.399287114968,0.158513110659
0.269980456416,0.468622293653,0.194567027716,0.0668302222147
0.0745726235737,0.729314896852,0.0431972461007,0.152915233473
0.186702073281,0.576650839742,0.125798249932,0.110848837045
0.429997781189,0.0198720559048,0.440886882131,0.109243280775
0.0829335382581,0.100917669331,0.590539970599,0.225608821812
0.117083759575,0.0142363145146,0.174641476416,0.694038449494
0.0742292909315,0.443858956346,0.375204649713,0.106707103009
0.687579190919,0.170704806478,0.111793358786,0.0299226438165
0.931553875667,0.0399021214742,0.014035457844,0.0145085450148
0.0167613961314,0.502825385024,0.235220401627,0.245192817218
0.0884552168158,0.0703265296211,0.112508050917,0.728710202646
0.261960677958,0.339034050239,0.251928962696,0.147076309107
0.127142398204,0.137113380765,0.103946794662,0.631797426369
0.00524944438091,0.993114590739,0.000824468390918,0.000811496488912
0.498525814966,0.04259394727,0.447341587135,0.0115386506294
0.0477349796302,0.334306591056,0.0365428290982,0.581415600216
0.019846536786,0.0046176350874,0.0325645312121,0.942971296915
0.742020156756,0.0936534704768,0.0238208455864,0.140505527181
0.0199996377723,0.00696175624291,0.972903156515,0.000135449469638
0.497363017186,0.453398585699,0.011211439133,0.0380269579827
0.000140552000672,0.865201342003,0.114465095838,0.0201930101593
0.782006134955,0.0137178631776,0.141845239253,0.0624307626138
0.0147274327793,0.111687477745,0.326050318932,0.547534770543
0.0100121313265,0.83784915866,0.0908159003352,0.0613228096787
0.11944480998,0.371821239745,0.444470628537,0.0642633217384
0.233337234802,0.0343377773276,0.0193387372239,0.712986250646
0.174601415192,0.60907706935,0.0691927884248,0.147128727033
0.638107835397,0.153520043613,0.152501772222,0.0558703487685
0.17011274152,0.065953771271,0.279057387721,0.484876099488
0.0820570780999,0.0145300016266,0.901087707293,0.00232521298007
0.0491716329166,0.662151082081,0.184356087091,0.104321197912
0.238004687336,0.0203323566868,0.367239819515,0.374423136463
0.0300529016249,0.102045270806,0.119912542668,0.747989284902
0.376210692127,0.172957388665,0.415228476583,0.0356034426243
0.160067654197,0.395302970031,0.125820106043,0.318809269729