0.404029442468,0.222467207368,0.195415860803,0.178087489362
0.273879612071,0.306538733468,0.109464197504,0.310117456957
0.465524970472,0.348462483156,0.0903032289905,0.0957093173813
0.0299002404546,0.572888457283,0.0420773206877,0.355133981575
0.126415679841,0.230130005569,0.608315971646,0.0351383429435
0.149383178143,0.453755274387,0.287582296424,0.109279251046
0.0292267841603,0.0297870040606,0.926610083434,0.0143761283453
0.0324232291801,0.445736704082,0.448820809513,0.0730192572254
0.377574277331,0.456741289172,0.164626317659,0.00105811583827
0.928000235062,0.0278026018669,0.0206423781479,0.0235547849236
0.259471754327,0.123448031165,0.534585814562,0.0824943999455
0.243026523001,0.219027930335,0.285005081819,0.252940464845
0.0871436179218,0.218458932407,0.314830810207,0.379566639464
0.0131991942824,0.899938881182,0.0361853014195,0.0506766231166
0.0596117994623,0.0674182399944,0.826208695413,0.0467612651307
0.0576417624482,0.0150064879741,0.892953031115,0.0343987184628
0.878375208881,0.025260938813,0.0456696462408,0.0506942060655
0.941398308731,0.0199436133725,0.0357274415461,0.00293063635033
0.00621641883176,0.71128665193,0.0106174811838,0.271879448054
0.38791699871,0.0977084270354,0.346364446619,0.168010127635
0.454511174105,0.145910423575,0.0509594541497,0.348618948171
0.310755743352,0.279742704572,0.235551262543,0.173950289533
0.00423387520704,0.0023047207372,0.240578058663,0.752883345393
0.0250691364963,0.0352390672617,0.0623341998451,0.877357596397
0.0724278787623,0.198031812247,0.694480909589,0.0350593994024
0.00117567643172,0.0021986037366,0.662516546632,0.3341091732
0.0939196669569,0.0933574056506,0.762531426067,0.0501915013253
0.0202362697753,0.0205087157424,0.415984850859,0.543270163623
0.0189321029978,0.0473529375623,0.886759481427,0.0469554780126
0.16827649915,0.0039483470759,0.365323467459,0.462451686315
0.0230606494073,0.1867112595,0.346555612527,0.443672478566
0.0330113031106,8.02113169605e-05,0.333133751897,0.633774733676
0.462204667074,0.00797985769211,0.112610151259,0.417205323975
0.680628018961,0.036845982901,0.211661840323,0.0708641578149
0.559519124001,0.0443361473113,0.350010909581,0.0461338191066
0.107923574528,0.160690783388,0.252698443742,0.478687198342
0.351572732825,0.384596828714,0.0157913395349,0.248039098927
0.0517103611271,0.452359863557,0.0426031273069,0.453326648009
0.464438549315,0.435462517308,0.0453832083353,0.0547157250419
0.023014019168,0.887696895688,0.0175979908244,0.0716910943196