0.334881500066,0.0232933007575,0.125848548032,0.515976651144
0.0444119404415,0.49165905603,0.198789248723,0.265139754806
0.131188081377,0.21780724742,0.640881744208,0.0101229269941
0.114855197477,0.555199996326,0.0776770212572,0.25226778494
0.0231384200359,0.0740927350307,0.0193522572016,0.883416587732
0.687483113708,0.255218104843,0.0537406485642,0.00355813288517
0.338750719369,0.264846756716,0.293600249817,0.102802274098
0.00633846829612,0.716073382642,0.0613532883007,0.216234860761
0.0702225750555,0.0104364378683,0.716287615351,0.203053371725
0.225326821557,0.211495039099,0.266521368403,0.296656770941
0.382198228669,0.0756304400812,0.302059926424,0.240111404826
0.924656553666,0.00373377922491,0.0696814771384,0.00192818997091
0.374650333339,0.137937232519,0.115220926992,0.37219150715
0.0303752267193,0.00296757612505,0.957239409173,0.00941778798236
0.00599108370787,0.018384564086,0.00162702410347,0.973997328103
0.011930987139,0.867150025476,0.00250920545886,0.118409781926
0.414139053153,0.312024076895,0.0680506061368,0.205786263814
0.0182701453484,0.116036481697,0.473247400917,0.392445972038
0.000628382212149,0.00230967028804,0.00467477786989,0.99238716963
0.614525920783,0.183927135477,0.150461515691,0.0510854280489
0.130688695357,0.0275715206759,0.0939156935707,0.747824090396
0.479608216831,0.200687036075,0.182014819172,0.137689927921
0.65643164752,0.103449989101,0.0647533412643,0.175365022115
0.00136625244096,0.00422101182574,0.993202596905,0.00121013882787
0.39770572133,0.469846163934,0.101544275993,0.0309038387427
0.531210348365,0.193976877516,0.271932403586,0.00288037053352
0.241292183113,0.0442644407651,0.533879511226,0.180563864895
0.479624190559,0.160608522879,0.350063089465,0.00970419709726
0.216156381809,0.0168671827481,0.709200243511,0.0577761919323
0.0300211374996,0.448165683243,0.0534018404492,0.468411338808
0.176543557943,0.1313353273,0.560282943765,0.131838170992
0.387155288379,0.0211780575235,0.583284504518,0.00838214957985
0.0236027970714,0.907829838551,0.0364336976619,0.0321336667155
0.454398880238,0.072035615395,0.436786475139,0.0367790292277
0.00387674139596,0.00270510530344,0.0101485330026,0.983269620298
0.116656557967,0.196545376963,0.651400789284,0.035397275786
0.195068656932,0.250137266727,0.137700412465,0.417093663876
0.0207199569838,0.633004169985,0.240343578647,0.105932294384
0.0750732614408,0.156997437746,0.257936343721,0.509992957092
0.450401685201,0.238827412549,0.27256332372,0.0382075785305