0.618814591158,0.069285260611,0.233776985863,0.0781231623677
0.592766534456,0.144257284318,0.0865972188026,0.176378962424
0.00113135487021,0.0234455903533,0.59021397318,0.385209081596
0.940581436981,0.00459799118409,0.00849732303873,0.046323248796
0.245456075372,0.156847708401,0.0465662331989,0.551129983029
0.0497363416237,0.875996886657,0.0240280515412,0.0502387201785
0.446295336074,0.404219841241,0.0885778444303,0.0609069782553
0.044525132729,0.0202046764115,0.0825842161649,0.852685974695
0.291556502172,0.0432538994542,0.0692567306121,0.595932867762
0.00169457384342,0.373566836515,0.622569811914,0.00216877772785
0.012612444456,0.0141489140943,0.95184952461,0.0213891168396
0.156947020881,0.0741438814349,0.455283746427,0.313625351257
0.12801777265,0.77906384654,0.0630033345706,0.0299150462386
0.0677105955516,0.0779385700176,0.336580040487,0.517770793944
0.119368396215,0.0270395990583,0.681276474643,0.172315530083
0.321306994463,0.152386556163,0.461407221015,0.0648992283585
0.894727264441,0.0370651005262,0.0259533835234,0.0422542515097
0.688851603964,0.0656652269461,0.0426969787561,0.202786190334
0.0929705529371,0.233016015651,0.524165051626,0.149848379786
0.000194802158974,0.000100500790566,0.0126701146703,0.98703458238
0.00961978601334,0.132677470758,0.248742897092,0.608959846137
0.55224731658,0.0494597710353,0.156897600468,0.241395311917
0.884564801802,0.00207873066419,0.109981074613,0.00337539292074
0.487187846515,0.245935881226,0.193534994053,0.0733412782058
0.854281981506,0.120617206172,0.00875764773813,0.0163431645833
0.0183060016195,0.16198111837,0.280481728167,0.539231151844
0.135579697367,0.490741547855,0.119354750532,0.254324004247
0.0065898039766,0.527867143512,0.155397484903,0.310145567609
0.1408147734,0.776135707836,0.00463353078094,0.0784159879827
0.00268952903105,0.160397260237,0.833280744157,0.0036324665749
0.00769195389713,0.00094875700711,0.983960651789,0.00739863730668
0.219309223111,0.080297324423,0.0141506511879,0.686242801278
0.188643219784,0.712901499922,0.0712998131241,0.0271554671703
0.341125681336,0.261576120287,0.111258264191,0.286039934185
0.568853072031,0.0888132922756,0.187599675402,0.154733960292
0.462789875837,0.188666429217,0.152859028115,0.195684666832
0.012048697562,0.0240002900299,0.825195698877,0.138755313532
0.252958076893,0.0994922619728,0.408282965824,0.23926669531
0.000875919640216,0.464872996606,0.406501223171,0.127749860583
0.000947564196904,0.0644243241729,0.186364563798,0.748263547832