0.0283598939692,0.748848469086,0.186149233196,0.0366424037484
0.0643836609183,0.0491969258327,0.86364745835,0.0227719548995
0.196838749266,0.476514710629,0.278227606035,0.0484189340704
0.00968324410463,0.955296358556,0.0336749569001,0.00134544043926
0.000655448409284,0.0491858537017,0.141818399652,0.808340298237
0.0605609848396,0.0140951815061,0.538586785906,0.386757047749
0.0800636578983,0.843594685267,0.0374787926623,0.0388628641726
0.934600549836,0.0320431081322,0.0143681639398,0.018988178092
0.486376294641,0.0274094816242,0.135569129264,0.350645094471
0.837861381958,0.0572915010691,0.0544323771222,0.0504147398511
0.309657009312,0.335771156972,0.261243880184,0.0933279535314
0.0839155917237,0.525940330648,0.377109862805,0.0130342148227
0.00160713097505,0.0121570207946,0.132745992188,0.853489856043
0.845442374603,0.0784592006992,0.020835982674,0.0552624420238
0.000160128514269,0.00101283491279,0.998705739246,0.000121297327152
0.204503180138,0.345964740573,0.0736858689703,0.375846210319
0.0564821561368,0.705026187256,0.154255407521,0.084236249087
0.234162637436,0.208751960543,0.400148195347,0.156937206674
0.36718220031,0.0588470911699,0.200864171299,0.373106537221
0.101658043915,0.441792153572,0.109192556052,0.347357246461
0.000168221132233,0.0376398331188,0.00163311252622,0.960558833223
0.608679516927,0.00225177530623,0.387768388009,0.00130031975822
0.534222759094,0.241034384796,0.0714410890045,0.153301767105
0.0472356080951,0.59583771364,0.320898707688,0.0360279705776
0.188818579066,0.314634965616,0.0904876959312,0.406058759386
0.217580339248,0.235336332332,0.475786876073,0.0712964523471
0.00742595933552,0.893112969801,0.0139437828042,0.0855172880589
0.0121575201806,0.870272563734,0.0742686958441,0.0433012202417
0.966426491629,0.00877025308475,0.00737717692344,0.0174260783627
0.0146023546422,0.358198053454,0.00760254822545,0.619597043678
0.0385474201411,0.927154951985,0.0314990284096,0.00279859946414
0.189349103886,0.567580059687,0.161642032596,0.081428803831
0.190816004321,0.43555595916,0.00274840295257,0.370879633567
0.292448685696,0.207448998932,0.454674951669,0.045427363702
0.192240898181,0.564032011721,0.0302171512121,0.213509938886
0.000592845180386,0.862513156475,0.136872090944,2.19074008516e-05
0.133380902549,0.0565807261786,0.118007104404,0.692031266869
0.279070752982,0.254349896267,0.124571019648,0.342008331103
0.0141406274181,0.117045962398,0.863442492907,0.0053709172768
0.596860216232,0.0224092914805,0.192909631443,0.187820860845