0.273825271463,0.616803622204,0.0231335205052,0.0862375858275
0.0264621334862,0.389594768389,0.247873250642,0.336069847483
0.301493535602,0.0113158720454,0.571351126917,0.115839465436
0.133696746492,0.00900995835212,0.00620878164171,0.851084513514
0.41077101226,0.418427511413,0.144295928967,0.0265055473603
0.0625430228379,0.597683215677,0.316858642904,0.0229151185812
0.0250732228159,0.970160563725,0.00151756133681,0.00324865212242
0.35497842134,0.614208350999,0.00644647480495,0.024366752857
0.119407189072,0.392037268389,0.234555581643,0.253999960896
0.902354343661,0.044373495341,0.0098120987001,0.0434600622976
0.0429817268513,0.770796105176,0.0315815481542,0.154640619819
0.0443860847846,0.171118677064,0.122218941462,0.66227629669
0.836881355361,0.105772046643,0.00205423183893,0.0552923661568
0.853926962224,0.00553066750274,0.0951330261197,0.0454093441533
0.207816775473,0.0564922650264,0.443395453248,0.292295506252
0.0452350605623,0.00184566561869,0.933951318249,0.01896795557
0.1206750569,0.154338198042,0.607573938243,0.117412806815
0.0632702953024,0.58963018649,0.083387785955,0.263711732253
0.0344008196379,0.351845654315,0.534601818105,0.0791517079422
0.260611286194,0.0491641019119,0.0361382621562,0.654086349738
0.0426542809128,0.391898186413,0.413169994078,0.152277538595
0.011745336086,0.0166021008559,0.000287523337119,0.971365039721
0.0928351963682,0.364405207431,0.184839011546,0.357920584655
0.0197271927762,0.876290579554,0.0508434444785,0.0531387831913
0.0729360702591,0.256719360539,0.186616530856,0.483728038346
0.535676720907,0.0388093658164,0.359595756257,0.0659181570192
0.0060603327696,0.0779961999292,0.444429988008,0.471513479293
0.110368072638,0.700239818298,0.0587973696019,0.130594739462
0.742749252479,0.0467202209752,0.0355754077127,0.174955118833
0.86056632079,0.045607721735,0.0734358438827,0.0203901135925
0.00206998093053,0.0105371822499,0.976049485887,0.0113433509329
0.72137374731,0.101617453178,0.17246509661,0.00454370290252
0.0782301270112,0.54961130409,0.151472355852,0.220686213047
0.772694783151,0.014170148043,0.102521040135,0.110614028671
0.800079491044,0.0158616083186,0.156583613723,0.0274752869141
0.364908578691,0.0241801173544,0.598957486988,0.0119538169668
0.182272002349,0.22264606709,0.153941801627,0.441140128934
0.586632516502,0.108806098977,0.159736585739,0.144824798782
0.389835552995,0.594364430145,0.00965088332913,0.00614913353065
0.144831833155,0.0056869609268,0.845627974441,0.00385323147664