0.105105536172,0.482062061582,0.261854652916,0.15097774933
0.576815924968,0.0820079126995,0.150674121996,0.190502040336
0.310425121356,0.274658290765,0.26935330382,0.145563284059
0.137681909464,0.0460745965801,0.0326655175607,0.783577976395
0.0557979407377,0.0535725346539,0.890565739921,6.37846871195e-05
0.0899722221908,0.00647601833527,0.25298849062,0.650563268854
0.856296546931,0.000534330319098,0.131026276357,0.0121428463935
0.122173147666,0.73333892282,0.0777473788578,0.0667405506562
0.566405342579,0.102319480082,0.253067917671,0.0782072596676
0.42854688985,0.0875512193817,0.0397090400762,0.444192850692
0.130404275554,0.0837320373003,0.535982995336,0.24988069181
0.952232893899,0.0117521902111,0.0136383071985,0.0223766086916
0.121254999296,0.120853864564,0.439936219381,0.317954916759
0.03725175097,0.314246704487,0.238986496982,0.409515047561
0.0841456150743,0.0952760711569,0.804369530414,0.0162087833545
0.0397997015065,0.156533843911,0.036267712019,0.767398742564
0.00162868783453,0.983907678247,0.00965947441832,0.00480415950012
0.428270866416,0.282815535954,0.00916450478056,0.279749092849
0.0180079730677,0.0289129845719,0.235642125804,0.717436916556
0.187763953246,0.788975222271,0.00879413929665,0.0144666851859
0.0140428325577,0.0368920348305,0.945512348455,0.00355278415724
0.0179718742641,0.718979121537,0.146205704849,0.11684329935
0.708178870253,0.272415382344,0.00617552273495,0.0132302246681
0.148227287548,0.288793995843,0.245724395358,0.317254321251
0.996818865561,0.000906408512145,0.00065996393962,0.00161476198766
0.473869524543,0.200388160665,0.0309049144072,0.294837400385
0.338414921845,0.0238769184395,0.588002947581,0.0497052121345
0.161831371858,0.091818204478,0.423909242307,0.322441181357
0.596477354227,0.0513229500678,0.169744778842,0.182454916863
0.0448250983374,0.049333234001,0.881939783425,0.0239018842366
0.371040518346,0.0759677591674,0.345885855407,0.207105867079
0.901307760205,3.33869826253e-05,3.52717561358e-05,0.0986235810565
0.0195678938689,0.00583329448594,0.0794017732103,0.895197038435
0.107635280711,0.0417914120096,0.790205416388,0.0603678908919
0.252754851,0.116544322607,0.117320941535,0.513379884858
0.227234368056,0.381996313662,0.104246466532,0.28652285175
0.0562017575263,0.348856046631,0.58158043404,0.0133617618031
0.400179493879,0.190666487127,0.0289859515611,0.380168067433
0.764422166741,0.0692658621503,0.0448525490091,0.121459422099
0.888513951798,0.0583664804024,0.0503993323846,0.00272023541498