0.0185603623683,0.105896675725,0.445022631515,0.430520330391
0.243707970378,0.012354576114,0.113879617011,0.630057836497
0.00268988165305,0.00192568296203,0.0741325430125,0.921251892372
0.0789160568818,0.604698924445,0.277047021808,0.0393379968651
0.00315890197509,0.954892273185,0.0264962330616,0.0154525917785
0.0740023599282,0.317973665572,0.164513160612,0.443510813888
0.0157096435377,0.921864250681,0.00423918714545,0.0581869186363
0.280160859221,0.169439812,0.411633273862,0.138766054918
0.660428264729,0.222234174752,0.00863194820172,0.108705612318
0.143175782873,0.730366160213,0.0133289346356,0.113129122279
0.0369724172372,0.543830604031,0.00689649297838,0.412300485753
0.0204590125482,0.0343848657551,0.82650803576,0.118648085937
0.0772062923218,0.612929501854,0.143056347638,0.166807858186
0.154193223255,0.267715481647,0.324106095545,0.253985199553
0.160917460072,0.627073019208,0.129254084394,0.0827554363264
0.0476215000245,0.0309238261193,0.0848974027764,0.83655727108
0.101710790171,0.666553697462,0.0895019662585,0.142233546109
0.0893985702095,0.859422610052,0.0116122042326,0.0395666155057
0.340224098016,0.0103089234476,0.508516324566,0.140950653971
0.353620596311,0.0575964135606,0.308342167886,0.280440822242
0.102643253873,0.0760586092247,0.0351822728701,0.786115864032
0.0977739966803,0.295406339031,0.24745410184,0.359365562449
0.0958780247416,0.467663010462,0.110410609849,0.326048354948
0.151946778985,0.687072802411,0.134501347184,0.0264790714201
0.115410704246,0.0747394093636,0.804504099864,0.00534578652593
0.979976408962,0.00726381930427,0.00701843869394,0.00574133304017
0.782823123276,0.0933605334809,0.000857891398248,0.122958451845
0.0584019045673,0.242394079213,0.0680878865052,0.631116129714
0.0138325353731,0.117431925538,0.851630117317,0.0171054217718
0.0139181397151,0.292037508227,0.271268894276,0.422775457782
0.4543346207,0.0364353188844,0.389960761807,0.119269298608
0.00650755395629,0.0618953510386,0.725164567272,0.206432527733
0.743278294944,0.117560495092,0.0169959865475,0.122165223416
0.131415578336,0.00248697854864,0.412943171032,0.453154272083
0.119131969529,0.00118380859128,0.876379013835,0.00330520804508
0.19966418466,0.6815112256,0.103263383802,0.0155612059379
0.00147397453634,0.136556439361,0.0337679286049,0.828201657498
0.195040749623,0.786835977854,0.00839938589853,0.00972388662357
0.549291594277,0.0710067149955,0.0663759591888,0.313325731539
0.556894789114,0.365266378622,0.0201950259915,0.0576438062724