0.318799319342,0.208919572299,0.203336956111,0.268944152248
0.288418775239,0.620246394905,0.0459495942758,0.04538523558
0.306336578476,0.149505063201,0.195636564912,0.348521793411
0.141654244382,0.0259597559647,0.0287606645617,0.803625335092
0.014490568702,0.479704313638,0.225992621515,0.279812496145
0.0547043762727,0.181073859783,0.0889521596551,0.675269604289
0.131351475043,0.352151574303,0.279347035005,0.237149915649
0.0805585811194,0.501872275005,0.40084904177,0.0167201021051
0.253775027582,0.380091847006,0.0511853604896,0.314947764923
0.718991095828,0.00146350775968,0.0420790342414,0.237466362171
0.425159940307,0.0270102726488,0.478404462197,0.0694253248469
0.00856831841664,0.0658911839615,0.724720750029,0.200819747593
0.810801686351,0.015862630201,0.0293659342647,0.143969749183
0.059824227854,0.308488920683,0.23590880436,0.395778047102
0.904385074655,0.00874176127614,0.0181224730415,0.0687506910272
0.00599459135526,0.00733725792127,0.842884148051,0.143784002673
0.315051100873,0.139988358996,0.0894858603322,0.455474679799
0.12191715388,0.221412428673,0.25912766676,0.397542750686
0.124407979802,0.55495289166,0.229195297114,0.0914438314239
0.0134509843672,0.246629129137,0.700814103232,0.0391057832643
0.260394927326,0.393450289767,0.0989942463291,0.247160536578
0.452700227348,0.00133386954125,0.319351029763,0.226614873348
0.182066249101,0.737612937966,0.0497695237268,0.0305512892055
0.478331110075,0.45665511916,0.0187460765727,0.046267694192
0.472526695931,0.0141416609836,0.0324704542631,0.480861188822
0.110470543446,0.83064658961,0.0374173427791,0.0214655241649
0.168293618091,0.0838014847487,0.514390819712,0.233514077448
0.00719327602891,0.560173330144,0.263019836615,0.169613557213
0.03579726305,0.912175461986,0.0110203341294,0.0410069408346
0.0181083650609,0.113324013972,0.771537167812,0.097030453155
0.0113681025413,0.0193989765603,0.930707823848,0.0385250970506
0.0683147316419,0.103385966625,0.264139163148,0.564160138585
0.224137765811,0.00600812174526,0.00558806709128,0.764266045353
0.00184031733659,0.0133609527995,0.0416487436643,0.9431499862
0.0913126311862,0.671629897011,0.0725854087237,0.16447206308
0.307213302687,0.442789109087,0.21789354796,0.0321040402655
0.207374324799,0.398565540326,0.140389378604,0.253670756271
0.800799130601,0.0137158712198,0.154561486817,0.0309235113621
0.0965785079734,0.013819640778,0.0083710568786,0.88123079437
0.298335617055,0.0110452338151,0.172208853462,0.518410295668