0.0801816856492,0.0210415489809,0.00599127113001,0.89278549424
0.190736345284,0.164564859502,0.121494493713,0.523204301501
0.0422082560895,0.0024059344749,0.235714395494,0.719671413942
0.0574804237124,0.440940672064,0.0852904962264,0.416288407998
0.304440056964,0.0240757559949,0.651179650991,0.0203045360503
0.5586772188,0.10025135492,0.00213706441201,0.338934361868
0.023295385142,0.00868079558639,0.136038428997,0.831985390275
0.146876371463,0.304038306911,0.059206315877,0.489879005749
0.488242720589,0.0454208157062,0.142519258747,0.323817204958
0.0415252617522,0.245183123704,0.185049645938,0.528241968606
0.366367176267,0.560505572471,0.0335299479117,0.0395973033498
0.825590882629,0.0741200106849,0.0306264345685,0.0696626721177
0.295903771834,0.155482578205,0.522187973478,0.0264256764827
0.0911082756618,0.033554224298,0.0622669645737,0.813070535466
0.0742687596388,0.471154080534,0.201648604308,0.252928555519
0.188151356383,0.152396239727,0.0498502896286,0.609602114261
0.191635401236,0.196588036949,0.272082217909,0.339694343906
0.244953638043,0.19957573635,0.187663811038,0.367806814569
0.158736261141,0.293459424144,0.363496640379,0.184307674337
0.749553242148,0.0124395121177,0.012475881249,0.225531364486
0.349728772574,0.0106915576424,0.10603090727,0.533548762514
0.0270115779113,0.0547132868601,0.71181064187,0.206464493358
0.0136161875117,0.0801112758536,0.078374131232,0.827898405403
0.321396401092,0.587564162641,0.00611348886009,0.0849259474064
0.740122593221,0.0512961043258,0.197860702902,0.010720599551
0.322592436817,0.243891430446,0.334842862223,0.0986732705142
0.0898624176807,0.19411237289,0.6487545286,0.0672706808294
0.136900960903,0.52616723583,0.151576580232,0.185355223035
0.120652210077,0.418598035111,0.459733124474,0.00101663033847
0.122924550523,0.458173920387,0.251711559412,0.167189969678
0.755813214004,0.106302610853,0.0154055090138,0.122478666129
0.0155657302212,0.0245590684372,0.115533377438,0.844341823904
0.48244494749,0.0347392826682,0.253893974616,0.228921795225
0.0495320246892,0.577811142229,0.0596398990346,0.313016934047
0.211617434924,0.278448028872,0.336002720189,0.173931816014
0.0797839619739,0.134215414397,0.646970606308,0.139030017321
0.174716283425,0.141946062989,0.22590019776,0.457437455825
0.33129815513,0.517669213425,0.0654499403091,0.0855826911352
0.339688624008,0.175532792103,0.370842908487,0.113935675403
0.379450678361,0.606207801861,0.00118782511238,0.013153694666