0.416841347716,0.00121321762851,0.0226629245617,0.559282510094
0.224648019849,0.0050729495798,0.0419960010923,0.728283029479
0.0729011089099,0.140277332598,0.116884028371,0.669937530122
0.0470790275379,0.583850437014,0.223361013874,0.145709521574
0.130179748164,0.420073858367,0.0519320880573,0.397814305412
0.996349983302,0.000710144846084,0.00218707632537,0.000752795526632
0.0501823584685,0.375207818121,0.568898766152,0.00571105725887
0.0595777567442,0.0639474666616,0.0238730699161,0.852601706678
0.0524414774153,0.923284179745,0.023835530168,0.000438812671272
0.0128895634796,0.307070678254,0.485670113482,0.194369644784
0.132431627902,0.0074638086068,0.00507503418911,0.855029529302
0.22645443456,0.319433904632,0.359891736606,0.0942199242026
0.348246055094,0.0512142815886,0.416937078709,0.183602584608
0.627459076622,0.0224808787901,0.292516296822,0.0575437477666
0.00639582770962,0.229662597759,0.0185964796772,0.745345094854
0.832788430328,0.0902933210623,0.00297174997437,0.0739464986357
0.107008007698,0.681277230706,0.0590920740477,0.152622687548
0.0727161234729,0.185640564855,0.247951845257,0.493691466415
0.0599485833839,0.6544665161,0.0517836365152,0.233801264
0.160664813163,0.654761359872,0.0520037941669,0.132570032798
0.484922895197,0.0427074013189,0.0363886145746,0.43598108891
0.0897868074867,0.186392988622,0.177395336529,0.546424867362
0.271746291637,0.189170142288,0.337177939891,0.201905626184
0.221934276487,0.0161770818199,0.0181112720087,0.743777369685
0.00667586025433,0.0108962578838,0.00939877032632,0.973029111536
0.0116450793698,0.518409014108,0.465168273502,0.00477763302017
0.274147138998,0.464682877257,0.2311326095,0.0300373742448
0.0968529507407,0.0409686142135,0.836532583056,0.0256458519894
0.00974082780351,0.176673082941,0.232998570737,0.580587518518
0.584042104245,0.116485160195,0.0910870785616,0.208385656998
0.0284829047426,0.0052314786218,0.965869965756,0.00041565087998
0.453359709689,0.0731486499104,0.297753043576,0.175738596824
0.294919576215,0.37529489873,0.111475055735,0.21831046932
0.029579600559,0.563602878559,0.0717433790231,0.335074141859
0.00955146697013,0.315868035552,0.378368597168,0.296211900311
0.690824125719,0.0537435154009,0.0607248699558,0.194707488924
0.0543665844386,0.1217861654,0.806815411783,0.0170318383786
0.0155350871802,0.31746379534,0.383619270141,0.283381847339
0.56765649558,0.0544854641036,0.247782459754,0.130075580562
0.330491668626,0.169765643753,0.282044776918,0.217697910703