0.631715804093,0.312797371737,0.0340136172485,0.0214732069215
0.77779434502,0.0560741664776,0.00428320402912,0.161848284473
0.0631562374728,0.0560044854272,0.0166965209225,0.864142756177
0.067181022832,0.00695863664738,0.297050697019,0.628809643502
0.132716816033,0.0805042513121,0.308101611138,0.478677321517
0.969216490399,0.0196519826521,0.00284657677889,0.00828495017046
0.0422894244832,0.188919950002,0.0608738303387,0.707916795176
0.577461453515,0.0543343689363,0.25161274397,0.116591433579
9.38610794094e-05,0.0109809148355,0.119301992505,0.86962323158
0.343235025387,0.00501294917516,0.0114612903558,0.640290735082
0.0575448064808,0.302001101607,0.136677111868,0.503776980044
0.145956255824,0.0331025448111,0.284019905364,0.536921294
0.168069287058,0.0244504843977,0.464403668271,0.343076560273
0.0811547157072,0.23239086236,0.0765605271691,0.609893894764
0.544790790018,0.158148198831,0.172345197578,0.124715813574
0.641683859227,0.01125553321,0.00204011982222,0.345020487741
0.0040929704467,0.128562866421,0.0471887387858,0.820155424346
0.208627855713,0.0705063135153,0.568297820125,0.152568010647
0.68598655015,0.109864223984,0.00354413619281,0.200605089673
0.221696948908,0.622374575739,0.138621715062,0.017306760291
0.0909884446022,0.510441484026,0.0864554042571,0.312114667115
0.537900456539,0.273109634571,0.179558672271,0.0094312366191
0.0860104055064,0.544410804839,0.141476619114,0.228102170541
0.166244890557,0.542280629466,0.27968701968,0.0117874602974
0.866929333611,0.0162151177256,0.108811101897,0.00804444676685
0.520969457228,0.138972625251,0.309829323105,0.0302285944162
0.108794425754,0.415582889618,0.0778265809418,0.397796103687
0.0840831308877,0.211738548275,0.39695479122,0.307223529617
0.00665422902052,0.0061540061172,0.0273220349783,0.959869729884
0.0105312547221,0.761521232314,0.120862762295,0.107084750669
0.595685790671,0.0516817564412,0.00774042333281,0.344892029555
0.126042445939,0.665809708898,0.0845747720469,0.123573073116
0.157033243983,0.00560745276631,0.650452071239,0.186907232012
0.547455647071,0.0543829373562,0.0886761732543,0.309485242318
0.230714637709,0.530008893236,0.159130420932,0.0801460481238
0.0293626839687,0.118263615635,0.325518813926,0.52685488647
0.0908760542665,0.542543580842,0.301487314768,0.0650930501238
0.0919352301532,0.650123622505,0.0702855987203,0.187655548621
0.455710533097,0.169298230173,0.161937012714,0.213054224016
0.862910470738,0.014088197542,0.000975061315172,0.122026270405